{"Isaac Sim Data": [{"current_time": 0, "current_time_step": 0, "data": {"base_link_transform_matrix": [[1.0, 0.0, 0.0, 0.0], [0.0, 1.0, 0.0, 0.0], [0.0, 0.0, 1.0, 0.0], [0.0, 0.0, 0.025, 1.0]], "wheel_velocity_fl": -82.0438461303711, "wheel_velocity_fr": -252.9993896484375, "wheel_velocity_rl": -76.60845947265625, "wheel_velocity_rr": -247.4890899658203}}, {"current_time": 0.01666666753590107, "current_time_step": 1, "data": {"base_link_transform_matrix": [[1.0, 0.0, 0.0, 0.0], [0.0, 1.0, 0.0, 0.0], [0.0, 0.0, 1.0, 0.0], [3.627567275543697e-05, -1.0977786587318406e-05, 0.02238416634500027, 1.0]], "wheel_velocity_fl": 0.17868031561374664, "wheel_velocity_fr": 0.04064773768186569, "wheel_velocity_rl": 0.03870134800672531, "wheel_velocity_rr": -0.45397278666496277}}, {"current_time": 0.03333333507180214, "current_time_step": 2, "data": {"base_link_transform_matrix": [[0.9999999847005419, 6.942500248914204e-05, -0.00016055866569153, 0.0], [-6.936711989975851e-05, 0.9999999326194215, 0.0003604848889142836, 0.0], [0.0001605836815373044, -0.00036047374590684615, 0.9999999221357768, 0.0], [9.63830461842008e-06, 3.444280810072087e-05, 0.022499918937683105, 1.0]], "wheel_velocity_fl": -0.39830759167671204, "wheel_velocity_fr": 0.4293406903743744, "wheel_velocity_rl": -0.34633389115333557, "wheel_velocity_rr": -0.3769856095314026}}, {"current_time": 0.05000000260770321, "current_time_step": 3, "data": {"base_link_transform_matrix": [[0.9999999207409864, 0.00011374180872102582, -0.00038155054937154216, 0.0], [-0.00011343422261765471, 0.9999996686898355, 0.0008060725131831422, 0.0], [0.0003816421071055766, -0.0008060291684046726, 0.9999996023330618, 0.0], [-4.183944838587195e-06, 3.568889223970473e-05, 0.022501662373542786, 1.0]], "wheel_velocity_fl": 0.1055213212966919, "wheel_velocity_fr": 0.29481589794158936, "wheel_velocity_rl": -0.5179432034492493, "wheel_velocity_rr": 0.08270414918661118}}, {"current_time": 0.06666667014360428, "current_time_step": 4, "data": {"base_link_transform_matrix": [[0.9999997531097108, 0.00015855581325124093, -0.0006845732769561352, 0.0], [-0.00015758707019361345, 0.9999989865732988, 0.0014149270972961534, 0.0], [0.0006847969281079004, -0.0014148188680673448, 0.9999987646696059, 0.0], [-1.6336154658347368e-05, 4.1598890675231814e-05, 0.02250373363494873, 1.0]], "wheel_velocity_fl": 0.3241862952709198, "wheel_velocity_fr": 0.4619693458080292, "wheel_velocity_rl": -0.4028320610523224, "wheel_velocity_rr": 0.1914818286895752}}, {"current_time": 0.08333333767950535, "current_time_step": 5, "data": {"base_link_transform_matrix": [[0.9999997223687693, 0.00019463981346341024, -0.0007192897380369557, 0.0], [-0.0001935626134239495, 0.9999988602304257, 0.0014973547890303027, 0.0], [0.0007195803630692225, -0.0014972151457163466, 0.9999986202745025, 0.0], [2.460538235027343e-05, -2.2582767996937037e-05, 0.02251996099948883, 1.0]], "wheel_velocity_fl": -0.29628652334213257, "wheel_velocity_fr": 1.1496902704238892, "wheel_velocity_rl": -0.23278458416461945, "wheel_velocity_rr": 0.43928831815719604}}, {"current_time": 0.10000000521540642, "current_time_step": 6, "data": {"base_link_transform_matrix": [[0.999999736581594, 0.00021326820648819389, -0.00069379637841302, 0.0], [-0.00021227277445030475, 0.9999989485479741, 0.0014345184612145109, 0.0], [0.0006941015860988097, -0.0014343708092537952, 0.9999987304008789, 0.0], [5.0242466386407614e-05, -5.2781804697588086e-05, 0.02250993251800537, 1.0]], "wheel_velocity_fl": -0.38131922483444214, "wheel_velocity_fr": 0.2782101333141327, "wheel_velocity_rl": -0.052800364792346954, "wheel_velocity_rr": -0.30924201011657715}}, {"current_time": 0.11666667275130749, "current_time_step": 7, "data": {"base_link_transform_matrix": [[0.9999997234809969, 0.0002500478283597867, -0.0007003670561033275, 0.0], [-0.0002490295431186848, 0.9999989124556881, 0.001453640852375063, 0.0], [0.0007007297741614709, -0.001453466038327747, 0.9999986982062822, 0.0], [5.270005203783512e-05, -3.000683500431478e-05, 0.02251027524471283, 1.0]], "wheel_velocity_fl": -2.5978596210479736, "wheel_velocity_fr": 1.479414463043213, "wheel_velocity_rl": 0.6065012812614441, "wheel_velocity_rr": -1.8656587600708008}}, {"current_time": 0.13333334028720856, "current_time_step": 8, "data": {"base_link_transform_matrix": [[0.9999997196785927, 0.000282576931534551, -0.000693392395314172, 0.0], [-0.0002815796071463732, 0.9999989264303802, 0.0014380024380117097, 0.0], [0.0006937979972256345, -0.0014378067897505716, 0.9999987256771753, 0.0], [6.138024036772549e-05, -5.884180427528918e-05, 0.022509410977363586, 1.0]], "wheel_velocity_fl": 0.04902868717908859, "wheel_velocity_fr": -0.253309965133667, "wheel_velocity_rl": -0.4533299505710602, "wheel_velocity_rr": 0.3233996033668518}}, {"current_time": 0.15000000782310963, "current_time_step": 9, "data": {"base_link_transform_matrix": [[0.9999997082377013, 0.0003168575594368515, -0.0006950725136809351, 0.0], [-0.00031585384236639934, 0.9999989080096704, 0.0014436813419514817, 0.0], [0.0006955291960150869, -0.0014434613794155253, 0.9999987163283679, 0.0], [6.49439898552373e-05, -6.06965331826359e-05, 0.022509470582008362, 1.0]], "wheel_velocity_fl": -0.2927006185054779, "wheel_velocity_fr": 0.11290238797664642, "wheel_velocity_rl": -0.154272198677063, "wheel_velocity_rr": -0.03148222342133522}}, {"current_time": 0.1666666753590107, "current_time_step": 10, "data": {"base_link_transform_matrix": [[0.9999996977544777, 0.00034808063953890384, -0.0006952199806542168, 0.0], [-0.00034707619273575914, 0.9999988966395837, 0.0014443883589559054, 0.0], [0.0006957219771997375, -0.0014441466280919924, 0.9999987152048981, 0.0], [6.918734288774431e-05, -6.38296187389642e-05, 0.02250935137271881, 1.0]], "wheel_velocity_fl": -0.3428921103477478, "wheel_velocity_fr": 0.04684111848473549, "wheel_velocity_rl": -0.1137043759226799, "wheel_velocity_rr": -0.11460468918085098}}, {"current_time": 0.18333334289491177, "current_time_step": 11, "data": {"base_link_transform_matrix": [[0.9999996869113146, 0.00037885110151439713, -0.0006947295270688862, 0.0], [-0.0003778472301674975, 0.99999888526152, 0.001444543937732659, 0.0], [0.0006952760196891452, -0.0014442809838347778, 0.9999987153210229, 0.0], [7.399843889288604e-05, -6.709969602525234e-05, 0.022509202361106873, 1.0]], "wheel_velocity_fl": -0.3450799584388733, "wheel_velocity_fr": 0.06307215243577957, "wheel_velocity_rl": -0.10471534729003906, "wheel_velocity_rr": 0.05013180151581764}}, {"current_time": 0.20000001043081284, "current_time_step": 12, "data": {"base_link_transform_matrix": [[0.9999996761314807, 0.0004068589902034605, -0.0006944081623219205, 0.0], [-0.0004058550563135166, 0.9999988732383152, 0.0014452694466362702, 0.0], [0.0006949954007570399, -0.0014449871494951708, 0.9999987144959391, 0.0], [7.876456947997212e-05, -6.967954686842859e-05, 0.022508978843688965, 1.0]], "wheel_velocity_fl": -0.3113715946674347, "wheel_velocity_fr": 0.007086748257279396, "wheel_velocity_rl": -0.06701944768428802, "wheel_velocity_rr": -0.3721669316291809}}, {"current_time": 0.2166666779667139, "current_time_step": 13, "data": {"base_link_transform_matrix": [[0.9999996620255814, 0.00043940573610525615, -0.0006948894314163331, 0.0], [-0.000438399993643523, 0.9999988572401757, 0.0014468323290586162, 0.0], [0.0006955243837491793, -0.001446527200543985, 0.9999987119016153, 0.0], [8.43626621644944e-05, -7.357241702266037e-05, 0.022508829832077026, 1.0]], "wheel_velocity_fl": 0.2770591676235199, "wheel_velocity_fr": 0.05655049905180931, "wheel_velocity_rl": -0.10235264152288437, "wheel_velocity_rr": -0.08855798095464706}}, {"current_time": 0.23333334550261497, "current_time_step": 14, "data": {"base_link_transform_matrix": [[0.9999996458313639, 0.00047568273685071077, -0.0006943076267994952, 0.0], [-0.0004746777103188373, 0.9999988404771556, 0.0014469711177762744, 0.0], [0.0006949951209153887, -0.0014466410329499412, 0.9999987121049225, 0.0], [8.81943415151909e-05, -7.520287181250751e-05, 0.022508621215820312, 1.0]], "wheel_velocity_fl": -0.4147813320159912, "wheel_velocity_fr": 0.07220785319805145, "wheel_velocity_rl": -0.13932758569717407, "wheel_velocity_rr": -0.14548741281032562}}, {"current_time": 0.25000001303851604, "current_time_step": 15, "data": {"base_link_transform_matrix": [[0.9999994380565843, -0.0008991545875318584, -0.0005616115591331826, 0.0], [0.0008998411213326773, 0.9999988468115055, 0.001223381222443345, 0.0], [0.000560510902650734, -0.0012238858961474458, 0.9999990939650102, 0.0], [-0.0010823101038113236, -0.00023028007126413286, 0.0224921852350235, 1.0]], "wheel_velocity_fl": -21.704654693603516, "wheel_velocity_fr": -314.84735107421875, "wheel_velocity_rl": -75.74334716796875, "wheel_velocity_rr": -253.3484344482422}}, {"current_time": 0.2666666805744171, "current_time_step": 16, "data": {"base_link_transform_matrix": [[0.9999964994368482, -0.0026075073756764936, -0.0004494656109948531, 0.0], [0.0026079434285576865, 0.9999961266068719, 0.0009723180171840399, 0.0], [0.0004469285436365336, -0.0009734867944099739, 0.9999994262890044, 0.0], [-0.003808947280049324, -0.00010629896132741123, 0.02241414785385132, 1.0]], "wheel_velocity_fl": -15.442595481872559, "wheel_velocity_fr": -285.9270324707031, "wheel_velocity_rl": -76.03572845458984, "wheel_velocity_rr": -246.12860107421875}}, {"current_time": 0.2833333481103182, "current_time_step": 17, "data": {"base_link_transform_matrix": [[0.9999814765724799, -0.006069428642614843, -0.0004566704227447321, 0.0], [0.006069617156972167, 0.9999814946019523, 0.00041255449753836585, 0.0], [0.00045415800179278367, -0.0004153186702480058, 0.9999998106254379, 0.0], [-0.008142498321831226, 0.00017399304488208145, 0.022431552410125732, 1.0]], "wheel_velocity_fl": -66.52967834472656, "wheel_velocity_fr": -304.2040710449219, "wheel_velocity_rl": -76.28858947753906, "wheel_velocity_rr": -255.01547241210938}}, {"current_time": 0.30000001564621925, "current_time_step": 18, "data": {"base_link_transform_matrix": [[0.9999445819646734, -0.010523173856608774, 0.00030953429248317785, 0.0], [0.010523305839256598, 0.9999445369304999, -0.00042789842437142116, 0.0], [-0.0003050142752485718, 0.0004311320351089615, 0.9999998605457203, 0.0], [-0.013100194744765759, 0.00027455115923658013, 0.022224292159080505, 1.0]], "wheel_velocity_fl": -55.26421356201172, "wheel_velocity_fr": -195.33108520507812, "wheel_velocity_rl": -77.13904571533203, "wheel_velocity_rr": -150.2176971435547}}, {"current_time": 0.3166666831821203, "current_time_step": 19, "data": {"base_link_transform_matrix": [[0.9998611651129053, -0.016657444239621153, 0.0004243235407985087, 0.0], [0.016657684439221426, 0.9998610892598082, -0.0005689756700051483, 0.0], [-0.0004147869172045638, 0.0005759649239749982, 0.9999997481080781, 0.0], [-0.018988510593771935, 0.00050970702432096, 0.022225305438041687, 1.0]], "wheel_velocity_fl": -84.12002563476562, "wheel_velocity_fr": -254.6802215576172, "wheel_velocity_rl": -70.43579864501953, "wheel_velocity_rr": -313.772705078125}}, {"current_time": 0.3333333507180214, "current_time_step": 20, "data": {"base_link_transform_matrix": [[0.999731077507854, -0.02318856291091483, 0.00025142615608933787, 0.0], [0.023188488452357794, 0.9997310672904935, 0.00029512286513127346, 0.0], [-0.00025820201449648595, -0.0002892133074377947, 0.9999999248436884, 0.0], [-0.025246277451515198, 0.0008654418052174151, 0.022177085280418396, 1.0]], "wheel_velocity_fl": -65.736083984375, "wheel_velocity_fr": -225.12445068359375, "wheel_velocity_rl": -77.6478500366211, "wheel_velocity_rr": -232.65985107421875}}, {"current_time": 0.35000001825392246, "current_time_step": 21, "data": {"base_link_transform_matrix": [[0.999533001268686, -0.030554692884199836, 0.00043602473001504036, 0.0], [0.030554843763506773, 0.9995330326770827, -0.0003436712696809611, 0.0], [-0.0004253203506159147, 0.0003568334431366658, 0.9999998458862347, 0.0], [-0.03182416781783104, 0.000939304823987186, 0.02223193645477295, 1.0]], "wheel_velocity_fl": -77.71929168701172, "wheel_velocity_fr": -232.86473083496094, "wheel_velocity_rl": -81.57588195800781, "wheel_velocity_rr": -254.49220275878906}}, {"current_time": 0.36666668578982353, "current_time_step": 22, "data": {"base_link_transform_matrix": [[0.9992697713807535, -0.038208566314398215, 0.0001716532989045244, 0.0], [0.0382086320257576, 0.9992697045894688, -0.00039740205827371435, 0.0], [-0.00015634377839110234, 0.00040367050165126574, 0.9999999063033701, 0.0], [-0.03873938322067261, 0.0010897117899730802, 0.022090107202529907, 1.0]], "wheel_velocity_fl": -80.60079956054688, "wheel_velocity_fr": -241.9995574951172, "wheel_velocity_rl": -83.49788665771484, "wheel_velocity_rr": -254.6444549560547}}, {"current_time": 0.3833333533257246, "current_time_step": 23, "data": {"base_link_transform_matrix": [[0.9989445130114899, -0.04593249143982092, 0.0002572049145732094, 0.0], [0.04593262276281604, 0.9989443993039104, -0.0005303446788764226, 0.0], [-0.0002325733564637024, 0.0005415990032822766, 0.9999998262900617, 0.0], [-0.045652955770492554, 0.0012456708354875445, 0.022025585174560547, 1.0]], "wheel_velocity_fl": -78.85411834716797, "wheel_velocity_fr": -249.1254119873047, "wheel_velocity_rl": -89.55736541748047, "wheel_velocity_rr": -254.27764892578125}}, {"current_time": 0.40000002086162567, "current_time_step": 24, "data": {"base_link_transform_matrix": [[0.9985432338253882, -0.053957255466144174, -0.000157366125300705, 0.0], [0.05395728330734778, 0.9985432287863717, 0.00017838996119514894, 0.0], [0.0001475114461505645, -0.00018662113733961924, 0.9999999717064618, 0.0], [-0.05258418619632721, 0.0016427490627393126, 0.022025763988494873, 1.0]], "wheel_velocity_fl": -68.05171966552734, "wheel_velocity_fr": -255.22909545898438, "wheel_velocity_rl": -73.7193832397461, "wheel_velocity_rr": -251.33705139160156}}, {"current_time": 0.41666668839752674, "current_time_step": 25, "data": {"base_link_transform_matrix": [[0.9980859833726119, -0.061841200273438944, -0.00018906048419265487, 0.0], [0.061841267511284416, 0.9980859273020268, 0.0003733018229544922, 0.0], [0.00016561317588582752, -0.0003842790570370939, 0.9999999124509373, 0.0], [-0.05949031189084053, 0.0019398665754124522, 0.02215135097503662, 1.0]], "wheel_velocity_fl": -74.51935577392578, "wheel_velocity_fr": -253.91513061523438, "wheel_velocity_rl": -93.61526489257812, "wheel_velocity_rr": -256.49029541015625}}, {"current_time": 0.4333333559334278, "current_time_step": 26, "data": {"base_link_transform_matrix": [[0.9975676823943573, -0.06970077828712777, -0.0007214904845695858, 0.0], [0.06970135996653141, 0.997567569612964, 0.0008151535440214867, 0.0], [0.0006629186727491532, -0.0008634596996824731, 0.9999994074879146, 0.0], [-0.06649526208639145, 0.0023142772261053324, 0.022122442722320557, 1.0]], "wheel_velocity_fl": -80.55565643310547, "wheel_velocity_fr": -251.30441284179688, "wheel_velocity_rl": -75.84752655029297, "wheel_velocity_rr": -249.06536865234375}}, {"current_time": 0.4500000234693289, "current_time_step": 27, "data": {"base_link_transform_matrix": [[0.9970063363045731, -0.07731293252216262, -0.001037223869747249, 0.0], [0.07731354310120259, 0.9970066700782914, 0.0005620253869007279, 0.0], [0.000990667285689226, -0.000640534324263355, 0.9999993041468122, 0.0], [-0.07338687777519226, 0.002486014971509576, 0.02229568362236023, 1.0]], "wheel_velocity_fl": -70.2811279296875, "wheel_velocity_fr": -264.57427978515625, "wheel_velocity_rl": -77.04828643798828, "wheel_velocity_rr": -232.56280517578125}}, {"current_time": 0.46666669100522995, "current_time_step": 28, "data": {"base_link_transform_matrix": [[0.9963790467469752, -0.08502168013811516, -0.00033031815120107826, 0.0], [0.0850215809255178, 0.9963790637026252, -0.00030363136470105495, 0.0], [0.00035493733898722506, 0.0002744477582998104, 0.9999998993489516, 0.0], [-0.08024434745311737, 0.0028978537302464247, 0.022140726447105408, 1.0]], "wheel_velocity_fl": -93.99095153808594, "wheel_velocity_fr": -248.37789916992188, "wheel_velocity_rl": -91.44207000732422, "wheel_velocity_rr": -403.46563720703125}}, {"current_time": 0.483333358541131, "current_time_step": 29, "data": {"base_link_transform_matrix": [[0.9956383204815527, -0.09329351213319591, -0.0008095569938520781, 0.0], [0.09329283033143428, 0.9956383568589023, -0.0008427099472384667, 0.0], [0.0008846453658299724, 0.0007635084532505368, 0.9999993172284761, 0.0], [-0.08734619617462158, 0.0036425034049898386, 0.022201672196388245, 1.0]], "wheel_velocity_fl": -67.78880310058594, "wheel_velocity_fr": -277.9678955078125, "wheel_velocity_rl": -73.85326385498047, "wheel_velocity_rr": -424.1009826660156}}, {"current_time": 0.5000000260770321, "current_time_step": 30, "data": {"base_link_transform_matrix": [[0.994897911322972, -0.1008794970814297, -0.001213718989554587, 0.0], [0.10087785586933067, 0.9948979087743274, -0.001345106567025536, 0.0], [0.001343220158550013, 0.0012158063447463615, 0.999998358785922, 0.0], [-0.09420901536941528, 0.004412680398672819, 0.022299200296401978, 1.0]], "wheel_velocity_fl": -76.90316009521484, "wheel_velocity_fr": -252.8871612548828, "wheel_velocity_rl": -83.59805297851562, "wheel_velocity_rr": -253.1055908203125}}, {"current_time": 0.5166666936129332, "current_time_step": 31, "data": {"base_link_transform_matrix": [[0.9941183947204718, -0.1082865006676227, -0.001628205009583427, 0.0], [0.10828206365963859, 0.9941168030054899, -0.002603204132232313, 0.0], [0.0019005178247675318, 0.0024115877145658303, 0.9999952861272361, 0.0], [-0.10096129029989243, 0.005091524682939053, 0.022384226322174072, 1.0]], "wheel_velocity_fl": -78.54745483398438, "wheel_velocity_fr": -254.5954132080078, "wheel_velocity_rl": -82.18238830566406, "wheel_velocity_rr": -252.38543701171875}}, {"current_time": 0.5333333611488342, "current_time_step": 32, "data": {"base_link_transform_matrix": [[0.9933113800943107, -0.11545822865973149, -0.0013782633611940298, 0.0], [0.11545583461799638, 0.9933111494466649, -0.0017060590867103284, 0.0], [0.0015660229236882793, 0.0015355193592526141, 0.9999975948733576, 0.0], [-0.10742714256048203, 0.006178097799420357, 0.022310301661491394, 1.0]], "wheel_velocity_fl": -91.78550720214844, "wheel_velocity_fr": -256.5899658203125, "wheel_velocity_rl": -66.02971649169922, "wheel_velocity_rr": -254.5761260986328}}, {"current_time": 0.5500000286847353, "current_time_step": 33, "data": {"base_link_transform_matrix": [[0.9924868545819915, -0.12235121622581692, -0.00015287252267292244, 0.0], [0.12235106774070002, 0.992486595957043, -0.0007570127554244576, 0.0], [0.0002443453609676539, 0.0007326210921324199, 0.9999997017807954, 0.0], [-0.11377173662185669, 0.006943831220269203, 0.02238866686820984, 1.0]], "wheel_velocity_fl": -74.21903228759766, "wheel_velocity_fr": -236.31153869628906, "wheel_velocity_rl": -82.23818969726562, "wheel_velocity_rr": -254.50250244140625}}, {"current_time": 0.5666666962206364, "current_time_step": 34, "data": {"base_link_transform_matrix": [[0.9916050075671635, -0.12930344582836245, 0.00035758165136408934, 0.0], [0.12930346080922678, 0.9916050699052021, -1.9001469518620543e-05, 0.0], [-0.00035212282291314525, 6.507849736905407e-05, 0.9999999358871513, 0.0], [-0.12054644525051117, 0.0076720938086509705, 0.022276073694229126, 1.0]], "wheel_velocity_fl": -73.43887329101562, "wheel_velocity_fr": -236.5992889404297, "wheel_velocity_rl": -90.91043853759766, "wheel_velocity_rr": -254.4809112548828}}, {"current_time": 0.5833333637565374, "current_time_step": 35, "data": {"base_link_transform_matrix": [[0.9906357021054246, -0.136530442282063, 0.000586552944389599, 0.0], [0.13653010077471278, 0.9906357485586803, 0.0005875883166744214, 0.0], [-0.0006612840078900201, -0.0005020038320304937, 0.9999996553477474, 0.0], [-0.127545565366745, 0.008326991461217403, 0.02214565873146057, 1.0]], "wheel_velocity_fl": -69.07274627685547, "wheel_velocity_fr": -262.5745849609375, "wheel_velocity_rl": -11.32463264465332, "wheel_velocity_rr": -253.1747283935547}}, {"current_time": 0.6000000312924385, "current_time_step": 36, "data": {"base_link_transform_matrix": [[0.9896106643369104, -0.1437730488309833, -0.00020847182713520004, 0.0], [0.14377316809725466, 0.9896103701535243, 0.0007690382846808573, 0.0], [9.573890316153029e-05, -0.0007910211428497921, 0.9999996825597566, 0.0], [-0.13478897511959076, 0.008983412757515907, 0.02214847505092621, 1.0]], "wheel_velocity_fl": -76.68315887451172, "wheel_velocity_fr": -257.9781188964844, "wheel_velocity_rl": -83.20603942871094, "wheel_velocity_rr": -249.620849609375}}, {"current_time": 0.6166666988283396, "current_time_step": 37, "data": {"base_link_transform_matrix": [[0.9885229833407891, -0.1510698412171855, -0.0004631216258175803, 0.0], [0.15107007688166071, 0.9885229164908216, 0.0005248270660352534, 0.0], [0.0003785207987107384, -0.0005887674366729835, 0.9999997550374252, 0.0], [-0.14180904626846313, 0.009672191925346851, 0.022291362285614014, 1.0]], "wheel_velocity_fl": -77.16156005859375, "wheel_velocity_fr": -254.1361846923828, "wheel_velocity_rl": -82.77003479003906, "wheel_velocity_rr": -253.65415954589844}}, {"current_time": 0.6333333663642406, "current_time_step": 38, "data": {"base_link_transform_matrix": [[0.9873990606095618, -0.15824822762269858, -0.0007704295097574495, 0.0], [0.15824890414535364, 0.9873988291862996, 0.0009145809528853825, 0.0], [0.0006159903810934898, -0.001024975999370783, 0.99999928498977, 0.0], [-0.1488269567489624, 0.01060763094574213, 0.022183656692504883, 1.0]], "wheel_velocity_fl": -79.66183471679688, "wheel_velocity_fr": -250.37307739257812, "wheel_velocity_rl": -85.49886322021484, "wheel_velocity_rr": -247.12881469726562}}, {"current_time": 0.6500000339001417, "current_time_step": 39, "data": {"base_link_transform_matrix": [[0.9862105916771596, -0.16548687800123163, -0.0016619486129779621, 0.0], [0.165488832404445, 0.9862110328314573, 0.001115827461533179, 0.0], [0.0014543772551206388, -0.0013754747965261695, 0.9999979964259348, 0.0], [-0.15600579977035522, 0.011512924917042255, 0.02217504382133484, 1.0]], "wheel_velocity_fl": -58.019935607910156, "wheel_velocity_fr": -266.7814636230469, "wheel_velocity_rl": -77.62127685546875, "wheel_velocity_rr": -234.2394561767578}}, {"current_time": 0.6666667014360428, "current_time_step": 40, "data": {"base_link_transform_matrix": [[0.9849535830923913, -0.1728176946458109, -0.0006953925273585817, 0.0], [0.1728178871916314, 0.984953768724244, 0.0002265888987615178, 0.0], [0.0006457709194482135, -0.0003433558150710749, 0.9999997325433162, 0.0], [-0.16279910504817963, 0.01237992662936449, 0.022286519408226013, 1.0]], "wheel_velocity_fl": -79.13006591796875, "wheel_velocity_fr": -253.42991638183594, "wheel_velocity_rl": -73.92179107666016, "wheel_velocity_rr": -242.92918395996094}}, {"current_time": 0.6833333689719439, "current_time_step": 41, "data": {"base_link_transform_matrix": [[0.9836839208523469, -0.1799050253979636, -0.00035453224358124216, 0.0], [0.1799051453320631, 0.9836839035032147, 0.00034157243386604433, 0.0], [0.00028729706389383385, -0.00039978148580681517, 0.999999878817573, 0.0], [-0.16991524398326874, 0.013534004800021648, 0.022220134735107422, 1.0]], "wheel_velocity_fl": -74.99083709716797, "wheel_velocity_fr": -267.9666442871094, "wheel_velocity_rl": -90.77063751220703, "wheel_velocity_rr": -263.3489990234375}}, {"current_time": 0.7000000365078449, "current_time_step": 42, "data": {"base_link_transform_matrix": [[0.9823979913895388, -0.186799263749408, -0.0004707191081710286, 0.0], [0.1867993777455846, 0.9823980598854728, 0.00021072997282630974, 0.0], [0.00042306933484435107, -0.0002949507385294434, 0.999999867008191, 0.0], [-0.17688865959644318, 0.014520849101245403, 0.022436529397964478, 1.0]], "wheel_velocity_fl": -73.30117797851562, "wheel_velocity_fr": -258.8058776855469, "wheel_velocity_rl": -77.07160186767578, "wheel_velocity_rr": -243.79869079589844}}, {"current_time": 0.716666704043746, "current_time_step": 43, "data": {"base_link_transform_matrix": [[0.9810520017393898, -0.19374445343987132, 0.00023800088624931158, 0.0], [0.19374443052680226, 0.9810520282702188, 0.0001160462620133037, 0.0], [-0.00025597457179250436, -6.773607147127819e-05, 0.999999964944421, 0.0], [-0.18368007242679596, 0.0157464686781168, 0.022294625639915466, 1.0]], "wheel_velocity_fl": -73.67105865478516, "wheel_velocity_fr": -260.98260498046875, "wheel_velocity_rl": -78.70281219482422, "wheel_velocity_rr": -294.5978698730469}}, {"current_time": 0.7333333715796471, "current_time_step": 44, "data": {"base_link_transform_matrix": [[0.9796782355030255, -0.20057497487853804, 0.00048408072933963574, 0.0], [0.2005748900029663, 0.9796783481258258, 0.0002184347760283724, 0.0], [-0.0005180559589934891, -0.00011690135691212127, 0.9999998589760382, 0.0], [-0.19054818153381348, 0.017215291038155556, 0.02236814796924591, 1.0]], "wheel_velocity_fl": -82.13638305664062, "wheel_velocity_fr": -250.47390747070312, "wheel_velocity_rl": -76.33366394042969, "wheel_velocity_rr": -249.38644409179688}}, {"current_time": 0.7500000391155481, "current_time_step": 45, "data": {"base_link_transform_matrix": [[0.9782324434974217, -0.20751205449740873, 0.00018365001548982467, 0.0], [0.20751189709953122, 0.9782322775692862, 0.0006509099480760307, 0.0], [-0.0003147240335463047, -0.0005986316658865437, 0.9999997712944295, 0.0], [-0.19753329455852509, 0.01881258934736252, 0.02218620479106903, 1.0]], "wheel_velocity_fl": -90.44664001464844, "wheel_velocity_fr": -236.9476318359375, "wheel_velocity_rl": -85.79578399658203, "wheel_velocity_rr": -263.4310607910156}}, {"current_time": 0.7666667066514492, "current_time_step": 46, "data": {"base_link_transform_matrix": [[0.9766532248092612, -0.2148212898325871, 0.0005402817175253049, 0.0], [0.2148207876448022, 0.9766531056915061, 0.0008604294291624646, 0.0], [-0.0007125063771520274, -0.0007242774326034403, 0.9999994838782984, 0.0], [-0.20438633859157562, 0.020259268581867218, 0.022262051701545715, 1.0]], "wheel_velocity_fl": -77.2828369140625, "wheel_velocity_fr": -244.01217651367188, "wheel_velocity_rl": -76.21394348144531, "wheel_velocity_rr": -249.46826171875}}, {"current_time": 0.7833333741873503, "current_time_step": 47, "data": {"base_link_transform_matrix": [[0.9750072564095762, -0.22216922759426375, 0.001297789982698072, 0.0], [0.22216744038231248, 0.9750075357967289, 0.0013905299572417541, 0.0], [-0.0015742879795592117, -0.0010674501199557718, 0.9999981910821634, 0.0], [-0.21126863360404968, 0.021900635212659836, 0.022078484296798706, 1.0]], "wheel_velocity_fl": -78.67518615722656, "wheel_velocity_fr": -237.7320098876953, "wheel_velocity_rl": -78.8412857055664, "wheel_velocity_rr": -256.9873962402344}}, {"current_time": 0.8000000417232513, "current_time_step": 48, "data": {"base_link_transform_matrix": [[0.9733087872042907, -0.2294991480237656, 0.0003818471925228117, 0.0], [0.2294987361930696, 0.9733085413068687, 0.0009019450532944934, 0.0], [-0.0005786507552518371, -0.0007902375978441157, 0.9999995203438061, 0.0], [-0.21857291460037231, 0.023446790874004364, 0.02223345637321472, 1.0]], "wheel_velocity_fl": -82.10497283935547, "wheel_velocity_fr": -243.7368927001953, "wheel_velocity_rl": -76.87557983398438, "wheel_velocity_rr": -256.6339111328125}}, {"current_time": 0.8166667092591524, "current_time_step": 49, "data": {"base_link_transform_matrix": [[0.9716151703017212, -0.23656684523937854, -0.0002976122397078685, 0.0], [0.23656701923357443, 0.9716139267288357, 0.0015565338140339847, 0.0], [-7.906009702931169e-05, -0.0015827571072381363, 0.9999987443139319, 0.0], [-0.22567714750766754, 0.02525145560503006, 0.02227199077606201, 1.0]], "wheel_velocity_fl": -64.39289855957031, "wheel_velocity_fr": -269.25634765625, "wheel_velocity_rl": -75.45445251464844, "wheel_velocity_rr": -254.44151306152344}}, {"current_time": 0.8333333767950535, "current_time_step": 50, "data": {"base_link_transform_matrix": [[0.9699453349841154, -0.24332291218209987, 8.688943688875731e-05, 0.0], [0.24332286379205656, 0.9699452772091324, 0.0003783856915322616, 0.0], [-0.00017634790734127875, -0.000345871249709404, 0.9999999246372443, 0.0], [-0.23261070251464844, 0.02683737874031067, 0.022264346480369568, 1.0]], "wheel_velocity_fl": -83.69831848144531, "wheel_velocity_fr": -254.65492248535156, "wheel_velocity_rl": -77.30119323730469, "wheel_velocity_rr": -246.5107421875}}, {"current_time": 0.8500000443309546, "current_time_step": 51, "data": {"base_link_transform_matrix": [[0.9682623373852547, -0.24993551234553904, -0.0005344808846282268, 0.0], [0.24993584233729807, 0.96826216060958, 0.000680475431761702, 0.0], [0.00034744264047873374, -0.000792464662203566, 0.9999996256416153, 0.0], [-0.2396354079246521, 0.02888764813542366, 0.022124454379081726, 1.0]], "wheel_velocity_fl": -85.16978454589844, "wheel_velocity_fr": -253.93238830566406, "wheel_velocity_rl": -76.71094512939453, "wheel_velocity_rr": -237.49191284179688}}, {"current_time": 0.8666667118668556, "current_time_step": 52, "data": {"base_link_transform_matrix": [[0.9664486307286257, -0.2568585002545026, -0.0008689129830069972, 0.0], [0.25685936563533435, 0.9664481651775156, 0.0011001410941356936, 0.0], [0.0005571787666179925, -0.0012864182916432164, 0.9999990173394177, 0.0], [-0.24641570448875427, 0.030698906630277634, 0.022370338439941406, 1.0]], "wheel_velocity_fl": -91.21138000488281, "wheel_velocity_fr": -242.40631103515625, "wheel_velocity_rl": -75.50837707519531, "wheel_velocity_rr": -240.1322479248047}}, {"current_time": 0.8833333794027567, "current_time_step": 53, "data": {"base_link_transform_matrix": [[0.964470434205408, -0.2641908032097035, 3.229618380746994e-05, 0.0], [0.2641906324579884, 0.9644699362235778, 0.001025593650468629, 0.0], [-0.0003021011086211345, -0.000980622404159713, 0.9999994735571718, 0.0], [-0.2529584765434265, 0.03236370533704758, 0.02225223183631897, 1.0]], "wheel_velocity_fl": -82.19284057617188, "wheel_velocity_fr": -248.23841857910156, "wheel_velocity_rl": -66.05032348632812, "wheel_velocity_rr": -243.6789093017578}}, {"current_time": 0.9000000469386578, "current_time_step": 54, "data": {"base_link_transform_matrix": [[0.962474793192229, -0.27137107919101877, 9.923848975756054e-05, 0.0], [0.27137109433876905, 0.9624747725590495, -0.00020333417084642132, 0.0], [-4.0335529479507296e-05, 0.00022263447160035863, 0.9999999744034682, 0.0], [-0.2598215937614441, 0.033834412693977356, 0.022477075457572937, 1.0]], "wheel_velocity_fl": -80.1405258178711, "wheel_velocity_fr": -253.8505096435547, "wheel_velocity_rl": -76.48429870605469, "wheel_velocity_rr": -250.1433868408203}}, {"current_time": 0.9166667144745588, "current_time_step": 55, "data": {"base_link_transform_matrix": [[0.9604880685937669, -0.27832058509843804, 0.0005674499786938709, 0.0], [0.27832091189527774, 0.9604879456058807, -0.0006134717400201272, 0.0], [-0.00037428705064601814, 0.0007471654822338236, 0.999999650826412, 0.0], [-0.2664491832256317, 0.03558037430047989, 0.02240598201751709, 1.0]], "wheel_velocity_fl": -82.56460571289062, "wheel_velocity_fr": -255.2261962890625, "wheel_velocity_rl": -76.0147476196289, "wheel_velocity_rr": -244.7081756591797}}, {"current_time": 0.9333333820104599, "current_time_step": 56, "data": {"base_link_transform_matrix": [[0.9583934443144067, -0.2854488684828035, 0.0009743598182542766, 0.0], [0.2854498680712775, 0.9583929926924809, -0.0011155160422884518, 0.0], [-0.0006153968301303642, 0.0013472341435314416, 0.9999989031228504, 0.0], [-0.27312102913856506, 0.03744073584675789, 0.022307470440864563, 1.0]], "wheel_velocity_fl": -82.22286987304688, "wheel_velocity_fr": -255.3163604736328, "wheel_velocity_rl": -77.15959167480469, "wheel_velocity_rr": -247.26235961914062}}, {"current_time": 0.950000049546361, "current_time_step": 57, "data": {"base_link_transform_matrix": [[0.9562626306576143, -0.2925085017520243, 0.0007467332623491721, 0.0], [0.2925085512568983, 0.9562629060376234, 4.447549690656121e-05, 0.0], [-0.0007270827804537894, 0.00017589560907342087, 0.9999997202056434, 0.0], [-0.2796838879585266, 0.03973968327045441, 0.022127926349639893, 1.0]], "wheel_velocity_fl": -96.4876708984375, "wheel_velocity_fr": -255.13392639160156, "wheel_velocity_rl": -78.31155395507812, "wheel_velocity_rr": -241.07350158691406}}, {"current_time": 0.966666717082262, "current_time_step": 58, "data": {"base_link_transform_matrix": [[0.9540729089536757, -0.2995730544068829, 0.000932455898214212, 0.0], [0.299573224713967, 0.9540733100628335, -4.5389685067755815e-05, 0.0], [-0.0008760337587025316, 0.00032264388920067507, 0.9999995642327922, 0.0], [-0.28604981303215027, 0.041631121188402176, 0.02228716015815735, 1.0]], "wheel_velocity_fl": -71.62527465820312, "wheel_velocity_fr": -252.1278076171875, "wheel_velocity_rl": -76.09730529785156, "wheel_velocity_rr": -242.356201171875}}, {"current_time": 0.9833333846181631, "current_time_step": 59, "data": {"base_link_transform_matrix": [[0.9517667514354571, -0.3068218338771826, 0.0006427427475026331, 0.0], [0.30682170006772463, 0.9517669643823049, 0.0002997966702429792, 0.0], [-0.0007037254778235473, -8.812908043336911e-05, 0.9999997485018269, 0.0], [-0.292601615190506, 0.043839193880558014, 0.022189825773239136, 1.0]], "wheel_velocity_fl": -77.1595687866211, "wheel_velocity_fr": -239.42861938476562, "wheel_velocity_rl": -80.17193603515625, "wheel_velocity_rr": -251.7500457763672}}, {"current_time": 1.0000000521540642, "current_time_step": 60, "data": {"base_link_transform_matrix": [[0.9493275082896806, -0.31428777153893767, 0.0006918566289207445, 0.0], [0.31428749548245855, 0.9493277305616702, 0.00047976034906876334, 0.0], [-0.0008075814943889425, -0.000238007809621199, 0.9999996455821434, 0.0], [-0.29921475052833557, 0.04592844843864441, 0.022161424160003662, 1.0]], "wheel_velocity_fl": -73.28593444824219, "wheel_velocity_fr": -254.12937927246094, "wheel_velocity_rl": -79.12117767333984, "wheel_velocity_rr": -249.98008728027344}}, {"current_time": 1.0166667196899652, "current_time_step": 61, "data": {"base_link_transform_matrix": [[0.9468337603648155, -0.32172316372965815, 0.00019013995580669424, 0.0], [0.3217231777395415, 0.9468337735028443, -4.753457674752518e-05, 0.0], [-0.0001647379574323523, 0.00010617977284659483, 0.9999999807936304, 0.0], [-0.3059372305870056, 0.04800456389784813, 0.022110790014266968, 1.0]], "wheel_velocity_fl": -78.36053466796875, "wheel_velocity_fr": -248.63583374023438, "wheel_velocity_rl": -77.27143096923828, "wheel_velocity_rr": -248.61361694335938}}, {"current_time": 1.0333333872258663, "current_time_step": 62, "data": {"base_link_transform_matrix": [[0.9443294406097198, -0.32900125636860245, 0.0002844391233110779, 0.0], [0.3290012519776957, 0.9443294828467006, 6.343178839252521e-05, 0.0], [-0.00028947338829256726, 3.3680322431195366e-05, 0.9999999575353957, 0.0], [-0.3124955892562866, 0.050242114812135696, 0.022005721926689148, 1.0]], "wheel_velocity_fl": -75.67251586914062, "wheel_velocity_fr": -255.3170166015625, "wheel_velocity_rl": -96.79261016845703, "wheel_velocity_rr": -256.88531494140625}}, {"current_time": 1.0500000547617674, "current_time_step": 63, "data": {"base_link_transform_matrix": [[0.9416817586933977, -0.3365033046136796, -0.0009956546503421535, 0.0], [0.3365030958123817, 0.9416822848742292, -0.0003753168449560566, 0.0], [0.001063885704684744, 1.8388154425347578e-05, 0.9999994339043813, 0.0], [-0.31932181119918823, 0.05254160612821579, 0.02218802273273468, 1.0]], "wheel_velocity_fl": -82.88623809814453, "wheel_velocity_fr": -251.37879943847656, "wheel_velocity_rl": -76.03827667236328, "wheel_velocity_rr": -247.02378845214844}}, {"current_time": 1.0666667222976685, "current_time_step": 64, "data": {"base_link_transform_matrix": [[0.9390035403647424, -0.3439055365699466, -0.0011545990718037423, 0.0], [0.3439063353161471, 0.9390037795666268, 0.0005783502464214371, 0.0], [0.0008852750404869078, -0.0009401468645040007, 0.9999991662056403, 0.0], [-0.325758695602417, 0.05486686900258064, 0.022233009338378906, 1.0]], "wheel_velocity_fl": -76.06230926513672, "wheel_velocity_fr": -254.24188232421875, "wheel_velocity_rl": -84.29805755615234, "wheel_velocity_rr": -249.32015991210938}}, {"current_time": 1.0833333898335695, "current_time_step": 65, "data": {"base_link_transform_matrix": [[0.9363234449083987, -0.35113831663367406, -0.000537686282632389, 0.0], [0.3511383241183497, 0.9363235927602757, -8.352153176873464e-05, 0.0], [0.0005327759620002148, -0.00011059909183523452, 0.9999998519587966, 0.0], [-0.33214572072029114, 0.05689987167716026, 0.022209644317626953, 1.0]], "wheel_velocity_fl": -71.77886199951172, "wheel_velocity_fr": -254.57093811035156, "wheel_velocity_rl": -77.16166687011719, "wheel_velocity_rr": -262.1014709472656}}, {"current_time": 1.1000000573694706, "current_time_step": 66, "data": {"base_link_transform_matrix": [[0.9336296072621031, -0.3582393639464495, -0.0005608590325005535, 0.0], [0.35823949667134847, 0.9336297121000716, 0.00015397596025975896, 0.0], [0.00046847440697571666, -0.0003446783728117017, 0.9999998308642604, 0.0], [-0.3387394845485687, 0.05937753617763519, 0.022114649415016174, 1.0]], "wheel_velocity_fl": -72.67552185058594, "wheel_velocity_fr": -245.5740509033203, "wheel_velocity_rl": -100.52638244628906, "wheel_velocity_rr": -270.07171630859375}}, {"current_time": 1.1166667249053717, "current_time_step": 67, "data": {"base_link_transform_matrix": [[0.9309421757594863, -0.3651663338688414, -0.0004626024032323769, 0.0], [0.3651660466233418, 0.9309422078370153, -0.0006033746950821519, 0.0], [0.0006509882279682376, 0.0003927802606911711, 0.9999997109689551, 0.0], [-0.3452172577381134, 0.06162692606449127, 0.022249341011047363, 1.0]], "wheel_velocity_fl": -80.68866729736328, "wheel_velocity_fr": -252.771484375, "wheel_velocity_rl": -89.32733154296875, "wheel_velocity_rr": -252.97389221191406}}, {"current_time": 1.1333333924412727, "current_time_step": 68, "data": {"base_link_transform_matrix": [[0.9281360076552551, -0.3722407385901285, -0.0006195382473796868, 0.0], [0.3722400550822911, 0.9281359568709251, -0.0009934564032714856, 0.0], [0.0009448206693607518, 0.0006914457085817451, 0.9999993146081325, 0.0], [-0.3515508472919464, 0.0641232505440712, 0.022408321499824524, 1.0]], "wheel_velocity_fl": -70.86554718017578, "wheel_velocity_fr": -277.19488525390625, "wheel_velocity_rl": -81.32271575927734, "wheel_velocity_rr": -246.66122436523438}}, {"current_time": 1.1500000599771738, "current_time_step": 69, "data": {"base_link_transform_matrix": [[0.9253363745979977, -0.3791453226986241, -0.0011908491047462333, 0.0], [0.37914330562327425, 0.9253365459376535, -0.001621898033014029, 0.0], [0.001716871250430194, 0.0010492987797648219, 0.9999979756605412, 0.0], [-0.35785526037216187, 0.0667734146118164, 0.022366762161254883, 1.0]], "wheel_velocity_fl": -77.78081512451172, "wheel_velocity_fr": -253.40780639648438, "wheel_velocity_rl": -81.31111145019531, "wheel_velocity_rr": -253.1256866455078}}, {"current_time": 1.1666667275130749, "current_time_step": 70, "data": {"base_link_transform_matrix": [[0.9225254415201318, -0.3859334981973596, -0.0014644853138150676, 0.0], [0.385930535026261, 0.9225257738235306, -0.001954166226312247, 0.0], [0.00210520365516026, 0.001237578460033685, 0.9999970182541174, 0.0], [-0.36405670642852783, 0.06943304091691971, 0.02238468825817108, 1.0]], "wheel_velocity_fl": -62.18656539916992, "wheel_velocity_fr": -274.5932922363281, "wheel_velocity_rl": -82.10266876220703, "wheel_velocity_rr": -254.43252563476562}}, {"current_time": 1.183333395048976, "current_time_step": 71, "data": {"base_link_transform_matrix": [[0.9196765166801385, -0.39267358684604126, -0.0015996438826575985, 0.0], [0.39266823424876207, 0.9196756963875488, -0.0028759843595798445, 0.0], [0.0026004766959445416, 0.002016845939014957, 0.9999945849120445, 0.0], [-0.37028875946998596, 0.07196255028247833, 0.02239212393760681, 1.0]], "wheel_velocity_fl": -85.60572814941406, "wheel_velocity_fr": -317.1