{"Isaac Sim Data": [{"current_time": 0, "current_time_step": 0, "data": {"base_link_transform_matrix": [[1.0, 0.0, 0.0, 0.0], [0.0, 1.0, 0.0, 0.0], [0.0, 0.0, 1.0, 0.0], [0.0, 0.0, 0.025, 1.0]], "wheel_velocity_fl": 82.94754791259766, "wheel_velocity_fr": 254.53102111816406, "wheel_velocity_rl": 86.73521423339844, "wheel_velocity_rr": 255.03756713867188}}, {"current_time": 0.01666666753590107, "current_time_step": 1, "data": {"base_link_transform_matrix": [[1.0, 0.0, 0.0, 0.0], [0.0, 1.0, 0.0, 0.0], [0.0, 0.0, 1.0, 0.0], [-2.6724417693912983e-05, -4.1398932808078825e-05, 0.022358357533812524, 1.0]], "wheel_velocity_fl": -11.732195854187012, "wheel_velocity_fr": -2.1196515560150146, "wheel_velocity_rl": 1.5579783916473389, "wheel_velocity_rr": 0.0031986513640731573}}, {"current_time": 0.03333333507180214, "current_time_step": 2, "data": {"base_link_transform_matrix": [[0.9999999889563255, -0.0001430462739170634, 4.0312682790515184e-05, 0.0], [0.00014306715069062963, 0.9999998554251549, -0.000518344923374264, 0.0], [-4.023852965242281e-05, 0.000518350685070495, 0.9999998648467049, 0.0], [2.062792373180855e-05, -1.5249359421432018e-05, 0.022401154041290283, 1.0]], "wheel_velocity_fl": -0.29147660732269287, "wheel_velocity_fr": 5.1193461418151855, "wheel_velocity_rl": 4.41135311126709, "wheel_velocity_rr": -0.7309384942054749}}, {"current_time": 0.05000000260770321, "current_time_step": 3, "data": {"base_link_transform_matrix": [[0.9999999834185234, -0.000175674162238214, 4.7974387126261866e-05, 0.0], [0.0001756986530820879, 0.9999998540187126, -0.000510972148671912, 0.0], [-4.788461551875407e-05, 0.0005109805692344398, 0.9999998683029521, 0.0], [5.2985204092692584e-05, 6.938962906133384e-05, 0.022392258048057556, 1.0]], "wheel_velocity_fl": 1.3583852052688599, "wheel_velocity_fr": 1.3110902309417725, "wheel_velocity_rl": 1.9053977727890015, "wheel_velocity_rr": -1.1300761699676514}}, {"current_time": 0.06666667014360428, "current_time_step": 4, "data": {"base_link_transform_matrix": [[0.9999999684487013, -0.000247659301606593, 4.20412513105651e-05, 0.0], [0.0002476818973368021, 0.9999998244358234, -0.0005383140348927171, 0.0], [-4.1907925451700866e-05, 0.0005383244307651012, 0.9999998542252558, 0.0], [8.754002919886261e-05, 9.90440312307328e-05, 0.02239134907722473, 1.0]], "wheel_velocity_fl": 2.6270391941070557, "wheel_velocity_fr": 0.10457182675600052, "wheel_velocity_rl": 2.2989614009857178, "wheel_velocity_rr": -0.7165487408638}}, {"current_time": 0.08333333767950535, "current_time_step": 5, "data": {"base_link_transform_matrix": [[0.9999999572566904, -0.0002846182632130529, 6.692579177946185e-05, 0.0], [0.0002846522531537318, 0.9999998302435276, -0.0005084151952054065, 0.0], [-6.678107616852503e-05, 0.0005084342240514827, 0.9999998685174551, 0.0], [0.00012403479195199907, 0.00015191457350738347, 0.022387579083442688, 1.0]], "wheel_velocity_fl": 1.6065864562988281, "wheel_velocity_fr": 1.0452327728271484, "wheel_velocity_rl": 1.8857516050338745, "wheel_velocity_rr": -0.38175168633461}}, {"current_time": 0.10000000521540642, "current_time_step": 6, "data": {"base_link_transform_matrix": [[0.999999942958918, -0.0003284599815455524, 7.8715952675139e-05, 0.0], [0.00032849950266571965, 0.9999998197473452, -0.000502586663051694, 0.0], [-7.855085888030856e-05, 0.0005026124925349125, 0.9999998706052141, 0.0], [0.00015554524725303054, 0.0001885679375845939, 0.022385284304618835, 1.0]], "wheel_velocity_fl": 1.2601900100708008, "wheel_velocity_fr": 1.8254897594451904, "wheel_velocity_rl": 1.8899964094161987, "wheel_velocity_rr": -0.20780201256275177}}, {"current_time": 0.11666667275130749, "current_time_step": 7, "data": {"base_link_transform_matrix": [[0.9999999250675604, -0.0003804659768652934, 7.148785929453305e-05, 0.0], [0.0003805036697297938, 0.9999997882213508, -0.0005279907298289801, 0.0], [-7.128696164613057e-05, 0.0005280178916581494, 0.9999998580576275, 0.0], [0.00018399640975985676, 0.00020526687148958445, 0.0223844051361084, 1.0]], "wheel_velocity_fl": 1.871362566947937, "wheel_velocity_fr": 1.0217894315719604, "wheel_velocity_rl": 1.745171308517456, "wheel_velocity_rr": -0.25637087225914}}, {"current_time": 0.13333334028720856, "current_time_step": 8, "data": {"base_link_transform_matrix": [[0.999999909028211, -0.00041592657289898227, 9.459733458261512e-05, 0.0], [0.0004159738906001918, 0.9999997881161744, -0.0005007327917105791, 0.0], [-9.438904646497565e-05, 0.000500772096179328, 0.9999998701589994, 0.0], [0.00022197507496457547, 0.0002526480529922992, 0.022381067276000977, 1.0]], "wheel_velocity_fl": 1.533925175666809, "wheel_velocity_fr": 0.8780407309532166, "wheel_velocity_rl": 1.7488646507263184, "wheel_velocity_rr": 0.013455819338560104}}, {"current_time": 0.15000000782310963, "current_time_step": 9, "data": {"base_link_transform_matrix": [[0.999999889185747, -0.0004624747160919033, 8.80092653170333e-05, 0.0], [0.0004625208632273521, 0.9999997551994534, -0.0005250480780810492, 0.0], [-8.77664223114719e-05, 0.0005250887260196051, 0.9999998582894324, 0.0], [0.000252796831773594, 0.0002713387366384268, 0.022380217909812927, 1.0]], "wheel_velocity_fl": 1.9814646244049072, "wheel_velocity_fr": 1.0717601776123047, "wheel_velocity_rl": 1.721779465675354, "wheel_velocity_rr": -0.3447133004665375}}, {"current_time": 0.1666666753590107, "current_time_step": 10, "data": {"base_link_transform_matrix": [[0.9999998709601682, -0.0004954414536795222, 0.00011232725794002947, 0.0], [0.0004954972906568605, 0.9999997534331935, -0.0004976102763779014, 0.0], [-0.00011208069348516167, 0.0004976658700183312, 0.9999998698832915, 0.0], [0.00029151426861062646, 0.00031903176568448544, 0.022376641631126404, 1.0]], "wheel_velocity_fl": 1.579482078552246, "wheel_velocity_fr": 1.6260875463485718, "wheel_velocity_rl": 1.6443946361541748, "wheel_velocity_rr": -0.9086262583732605}}, {"current_time": 0.18333334289491177, "current_time_step": 11, "data": {"base_link_transform_matrix": [[0.9999998485794497, -0.0005399204950321004, 0.00010642808234220665, 0.0], [0.0005399757890997139, 0.9999997189081196, -0.0005202017196133554, 0.0], [-0.00010614718485616667, 0.0005202591094318698, 0.9999998590316072, 0.0], [0.00032218973501585424, 0.0003347399760968983, 0.02237585186958313, 1.0]], "wheel_velocity_fl": 1.8039029836654663, "wheel_velocity_fr": 0.9966019988059998, "wheel_velocity_rl": 1.5942388772964478, "wheel_velocity_rr": -0.15333636105060577}}, {"current_time": 0.20000001043081284, "current_time_step": 12, "data": {"base_link_transform_matrix": [[0.9999998307880682, -0.0005670045620991095, 0.00013011403274885516, 0.0], [0.0005670687994406053, 0.9999997171017694, -0.0004941956675812958, 0.0], [-0.00012983378474173732, 0.0004942693675658335, 0.9999998694204818, 0.0], [0.00036215828731656075, 0.00037835081457160413, 0.022372499108314514, 1.0]], "wheel_velocity_fl": 1.5845268964767456, "wheel_velocity_fr": 1.0031535625457764, "wheel_velocity_rl": 1.525046944618225, "wheel_velocity_rr": -0.14630073308944702}}, {"current_time": 0.2166666779667139, "current_time_step": 13, "data": {"base_link_transform_matrix": [[0.9999998078518133, -0.0006036559273201524, 0.0001410526773592685, 0.0], [0.0006037250946816279, 0.9999996972967398, -0.0004908385059166375, 0.0], [-0.00014075633708870964, 0.0004909235686439025, 0.9999998695908432, 0.0], [0.0004008835239801556, 0.000411074492149055, 0.022370070219039917, 1.0]], "wheel_velocity_fl": 1.5995490550994873, "wheel_velocity_fr": 1.7679649591445923, "wheel_velocity_rl": 1.7570418119430542, "wheel_velocity_rr": -0.1705547720193863}}, {"current_time": 0.23333334550261497, "current_time_step": 14, "data": {"base_link_transform_matrix": [[0.9999997782718384, -0.0006484341448753203, 0.00015162266922891796, 0.0], [0.0006485082485931436, 0.9999996700599582, -0.0004892003949521306, 0.0], [-0.0001513054049627547, 0.000489298615034295, 0.9999998688467613, 0.0], [0.00043839498539455235, 0.0004436572198756039, 0.022367775440216064, 1.0]], "wheel_velocity_fl": 1.466856598854065, "wheel_velocity_fr": 1.667809009552002, "wheel_velocity_rl": 1.7697786092758179, "wheel_velocity_rr": -0.21513760089874268}}, {"current_time": 0.25000001303851604, "current_time_step": 15, "data": {"base_link_transform_matrix": [[0.9999997481129432, -0.00069105945707686, 0.00016189773553475822, 0.0], [0.0006911383783881895, 0.999999642126651, -0.00048792859281685896, 0.0], [-0.0001615604899274291, 0.000488040363652364, 0.999999867857397, 0.0], [0.0004760283336509019, 0.00047480606008321047, 0.02236543595790863, 1.0]], "wheel_velocity_fl": 1.633788824081421, "wheel_velocity_fr": 1.5858513116836548, "wheel_velocity_rl": 1.6545883417129517, "wheel_velocity_rr": -0.1392495036125183}}, {"current_time": 0.2666666805744171, "current_time_step": 16, "data": {"base_link_transform_matrix": [[0.9999997210273369, -0.0007269444805958267, 0.0001717468209737877, 0.0], [0.0007270280870340027, 0.9999996170132968, -0.0004872406185457253, 0.0], [-0.000171392558318665, 0.00048736534738161904, 0.9999998665497957, 0.0], [0.0005143703310750425, 0.0005056002992205322, 0.022363051772117615, 1.0]], "wheel_velocity_fl": 1.688607931137085, "wheel_velocity_fr": 0.5436515212059021, "wheel_velocity_rl": 1.5385899543762207, "wheel_velocity_rr": -0.10174768418073654}}, {"current_time": 0.2833333481103182, "current_time_step": 17, "data": {"base_link_transform_matrix": [[0.9999996981444045, -0.0007554636740815085, 0.00018161975985233787, 0.0], [0.000755552281495995, 0.9999995953515382, -0.000488300634734657, 0.0], [-0.00018125079296860843, 0.0004884377105622992, 0.9999998642883673, 0.0], [0.0005546683096326888, 0.0005364560638554394, 0.02236105501651764, 1.0]], "wheel_velocity_fl": 1.6949152946472168, "wheel_velocity_fr": 0.9979762434959412, "wheel_velocity_rl": 1.4943345785140991, "wheel_velocity_rr": 0.01755266636610031}}, {"current_time": 0.30000001564621925, "current_time_step": 18, "data": {"base_link_transform_matrix": [[0.9999996788715723, -0.0007781535700100354, 0.00019166056925942336, 0.0], [0.0007782459654306123, 0.9999995807747225, -0.00048247652439524426, 0.0], [-0.00019128504808056386, 0.0004826255285230749, 0.9999998652413057, 0.0], [0.0005929355975240469, 0.0005644566845148802, 0.022358104586601257, 1.0]], "wheel_velocity_fl": 1.799396276473999, "wheel_velocity_fr": 0.9693937301635742, "wheel_velocity_rl": 1.7181482315063477, "wheel_velocity_rr": 0.1347963809967041}}, {"current_time": 0.3166666831821203, "current_time_step": 19, "data": {"base_link_transform_matrix": [[0.9999998604657366, 0.0004793139809080187, 0.00022209595901105314, 0.0], [-0.00047939040980399787, 0.999999825855512, 0.00034420020436065944, 0.0], [-0.00022193094036408463, -0.00034430662700574356, 0.9999999160997987, 0.0], [0.0017320169135928154, 0.0006310968310572207, 0.0222613662481308, 1.0]], "wheel_velocity_fl": 58.040740966796875, "wheel_velocity_fr": 17.666093826293945, "wheel_velocity_rl": 44.91463851928711, "wheel_velocity_rr": 252.44366455078125}}, {"current_time": 0.3333333507180214, "current_time_step": 20, "data": {"base_link_transform_matrix": [[0.9999994875784681, 0.0009974739967683458, 0.00017288269707505297, 0.0], [-0.0009976074266575346, 0.9999992032891561, 0.0007734342087149615, 0.0], [-0.00017211107882612924, -0.000773606281453162, 0.9999996859554996, 0.0], [0.0038651209324598312, 0.0007874217117205262, 0.022221550345420837, 1.0]], "wheel_velocity_fl": -39.504661560058594, "wheel_velocity_fr": 258.57330322265625, "wheel_velocity_rl": 55.52717590332031, "wheel_velocity_rr": 145.60162353515625}}, {"current_time": 0.35000001825392246, "current_time_step": 21, "data": {"base_link_transform_matrix": [[0.9999936708295415, 0.0035277924103248653, 0.00046149926141758065, 0.0], [-0.0035280818587768168, 0.9999935791767741, 0.0006278882246304957, 0.0], [-0.0004592812388990204, -0.0006295124577909393, 0.9999996963873584, 0.0], [0.00757575361058116, -0.0005352555308490992, 0.022293388843536377, 1.0]], "wheel_velocity_fl": 87.07727813720703, "wheel_velocity_fr": 254.4529571533203, "wheel_velocity_rl": 33.677146911621094, "wheel_velocity_rr": 332.3456115722656}}, {"current_time": 0.36666668578982353, "current_time_step": 22, "data": {"base_link_transform_matrix": [[0.999979738060986, 0.006314571668174921, 0.0008060100057886347, 0.0], [-0.006316193491782432, 0.9999780008116544, 0.0020257325838420564, 0.0], [-0.0007932006406414811, -0.0020307824537248577, 0.9999976233748605, 0.0], [0.01192128099501133, -0.0008022477268241346, 0.022155985236167908, 1.0]], "wheel_velocity_fl": 69.22480010986328, "wheel_velocity_fr": 187.50294494628906, "wheel_velocity_rl": 82.06649017333984, "wheel_velocity_rr": 254.37649536132812}}, {"current_time": 0.3833333533257246, "current_time_step": 23, "data": {"base_link_transform_matrix": [[0.9999472283447783, 0.010273159698184198, -5.2109609344160814e-05, 0.0], [-0.01027307865437008, 0.9999462914034445, 0.0013704610387606016, 0.0], [6.618577572150295e-05, -0.0013698533911477284, 0.9999990595601227, 0.0], [0.01673213019967079, -0.0012447801418602467, 0.022108003497123718, 1.0]], "wheel_velocity_fl": 78.42457580566406, "wheel_velocity_fr": 254.60629272460938, "wheel_velocity_rl": 77.45362091064453, "wheel_velocity_rr": 210.28082275390625}}, {"current_time": 0.40000002086162567, "current_time_step": 24, "data": {"base_link_transform_matrix": [[0.9998810101853095, 0.015419330295061238, -0.00045795639174729376, 0.0], [-0.015418802704975653, 0.9998804800651383, 0.00113406695283694, 0.0], [0.00047538820975168904, -0.0011268708711685413, 0.9999992520837652, 0.0], [0.022264044731855392, -0.0018692383309826255, 0.022195160388946533, 1.0]], "wheel_velocity_fl": 83.27303314208984, "wheel_velocity_fr": 198.0858154296875, "wheel_velocity_rl": 76.42108917236328, "wheel_velocity_rr": 224.30194091796875}}, {"current_time": 0.41666668839752674, "current_time_step": 25, "data": {"base_link_transform_matrix": [[0.9997487264099693, 0.022412273635310887, 0.00041717159589037484, 0.0], [-0.022412419823983194, 0.9997487492147209, 0.000349114930290064, 0.0], [-0.00040924232185147785, -0.0003583770318739328, 0.9999998520433016, 0.0], [0.02870260737836361, -0.0023804150987416506, 0.02210557460784912, 1.0]], "wheel_velocity_fl": 81.07650756835938, "wheel_velocity_fr": 254.7394256591797, "wheel_velocity_rl": 74.90296173095703, "wheel_velocity_rr": 265.358642578125}}, {"current_time": 0.4333333559334278, "current_time_step": 26, "data": {"base_link_transform_matrix": [[0.9995752040644601, 0.029143890976835198, 0.00021222210820014378, 0.0], [-0.029143851963623683, 0.9995752106734426, -0.00018466148817566444, 0.0], [-0.00021751371279273254, 0.00017839807502124355, 0.999999960430955, 0.0], [0.03486008569598198, -0.002735223388299346, 0.022280827164649963, 1.0]], "wheel_velocity_fl": 78.68181610107422, "wheel_velocity_fr": 254.6973419189453, "wheel_velocity_rl": 76.33453369140625, "wheel_velocity_rr": 245.17453002929688}}, {"current_time": 0.4500000234693289, "current_time_step": 27, "data": {"base_link_transform_matrix": [[0.9993515855257686, 0.03600566147700536, 2.9133068287862175e-05, 0.0], [-0.03600563947482163, 0.9993514290694198, -0.0005613759146674423, 0.0], [-4.932688457151224e-05, 0.000559962955645319, 0.9999998420041609, 0.0], [0.041247766464948654, -0.0029804299119859934, 0.022361695766448975, 1.0]], "wheel_velocity_fl": 80.32485961914062, "wheel_velocity_fr": 254.6697540283203, "wheel_velocity_rl": 76.67078399658203, "wheel_velocity_rr": 266.87152099609375}}, {"current_time": 0.46666669100522995, "current_time_step": 28, "data": {"base_link_transform_matrix": [[0.9990816342033689, 0.04284584796214278, 0.0003485827456421529, 0.0], [-0.04284549261657732, 0.9990812394278458, -0.0009699411127749842, 0.0], [-0.0003898204310095122, 0.0009541151525775883, 0.9999994688520125, 0.0], [0.04794079810380936, -0.0030036962125450373, 0.02226899564266205, 1.0]], "wheel_velocity_fl": 82.29064178466797, "wheel_velocity_fr": 240.61598205566406, "wheel_velocity_rl": 79.70243835449219, "wheel_velocity_rr": 258.4347839355469}}, {"current_time": 0.483333358541131, "current_time_step": 29, "data": {"base_link_transform_matrix": [[0.9987425382548342, 0.05013297570648783, 0.00016439922107258208, 0.0], [-0.05013285243133871, 0.9987423240355559, -0.0006835840506266507, 0.0], [-0.0001984625627270742, 0.0006744826679435234, 0.9999997528428404, 0.0], [0.05468671768903732, -0.002643703715875745, 0.022202342748641968, 1.0]], "wheel_velocity_fl": 76.8667221069336, "wheel_velocity_fr": 391.2167053222656, "wheel_velocity_rl": 64.59197998046875, "wheel_velocity_rr": 238.99928283691406}}, {"current_time": 0.5000000260770321, "current_time_step": 30, "data": {"base_link_transform_matrix": [[0.9983083218989619, 0.058124669639834536, 0.0014202839641025756, 0.0], [-0.058120394908166145, 0.9983054108413082, -0.002885546860767518, 0.0], [-0.001585598624307117, 0.002798117979458261, 0.999994828193014, 0.0], [0.06208052858710289, -0.002429464366286993, 0.022700443863868713, 1.0]], "wheel_velocity_fl": 75.45138549804688, "wheel_velocity_fr": 204.7356719970703, "wheel_velocity_rl": 92.95123291015625, "wheel_velocity_rr": 252.98822021484375}}, {"current_time": 0.5166666936129332, "current_time_step": 31, "data": {"base_link_transform_matrix": [[0.9977296949038895, 0.06733879765896274, 0.0009706888465308142, 0.0], [-0.06733680502194579, 0.9977283821443571, -0.0019570776786427325, 0.0], [-0.001100271070219757, 0.0018872714296196032, 0.9999976138022145, 0.0], [0.06919636577367783, -0.0011416691122576594, 0.022196844220161438, 1.0]], "wheel_velocity_fl": 37.13947296142578, "wheel_velocity_fr": 254.82162475585938, "wheel_velocity_rl": 79.88457489013672, "wheel_velocity_rr": 233.81973266601562}}, {"current_time": 0.5333333611488342, "current_time_step": 32, "data": {"base_link_transform_matrix": [[0.9970915986920933, 0.07620954370194406, 0.000670273367404751, 0.0], [-0.07620885975929924, 0.9970913820032421, -0.0009927885233628022, 0.0], [-0.0007439837585835761, 0.0009388203268660372, 0.9999992825520231, 0.0], [0.07645903527736664, -0.00017257584840990603, 0.022134929895401, 1.0]], "wheel_velocity_fl": 72.9691162109375, "wheel_velocity_fr": 252.6060028076172, "wheel_velocity_rl": 78.35397338867188, "wheel_velocity_rr": 253.143310546875}}, {"current_time": 0.5500000286847353, "current_time_step": 33, "data": {"base_link_transform_matrix": [[0.9964221313330731, 0.08451560711369599, 0.0002198723704676493, 0.0], [-0.08451551485185754, 0.9964220832741583, -0.0003996409787781307, 0.0], [-0.00025286158538474806, 0.0003796284892503687, 0.999999895971609, 0.0], [0.08369274437427521, 0.0004703047452494502, 0.0220726877450943, 1.0]], "wheel_velocity_fl": 76.74221801757812, "wheel_velocity_fr": 252.2315673828125, "wheel_velocity_rl": 74.1982192993164, "wheel_velocity_rr": 277.6726379394531}}, {"current_time": 0.5666666962206364, "current_time_step": 34, "data": {"base_link_transform_matrix": [[0.9957320609617902, 0.09229070345782663, 0.0002980403415969949, 0.0], [-0.09229060896201578, 0.9957320639798075, -0.0003166384889962977, 0.0], [-0.0003259911133789142, 0.00028778077060687677, 0.9999999054560066, 0.0], [0.09097833186388016, 0.000998650211840868, 0.021936923265457153, 1.0]], "wheel_velocity_fl": 97.62458038330078, "wheel_velocity_fr": 263.69049072265625, "wheel_velocity_rl": 70.41519165039062, "wheel_velocity_rr": 256.4228515625}}, {"current_time": 0.5833333637565374, "current_time_step": 35, "data": {"base_link_transform_matrix": [[0.9949599860092522, 0.10027275726228768, 1.9786033182302402e-05, 0.0], [-0.10027275656835041, 0.9949598950525568, 0.0004260600773371262, 0.0], [2.3035909215407172e-05, -0.0004258967286751903, 0.9999999090406576, 0.0], [0.09794238954782486, 0.001618215348571539, 0.021879777312278748, 1.0]], "wheel_velocity_fl": 75.52792358398438, "wheel_velocity_fr": 250.7886505126953, "wheel_velocity_rl": 74.93096160888672, "wheel_velocity_rr": 252.9974822998047}}, {"current_time": 0.6000000312924385, "current_time_step": 36, "data": {"base_link_transform_matrix": [[0.9941684973317031, 0.10783299271230355, -0.0010220547597150605, 0.0], [-0.10783255280189365, 0.9941689562970253, 0.0004763313029964933, 0.0], [0.0010674593436689915, -0.00036334280188867493, 0.9999993642560768, 0.0], [0.10481027513742447, 0.002129137981683016, 0.02184772491455078, 1.0]], "wheel_velocity_fl": 94.74173736572266, "wheel_velocity_fr": 245.73577880859375, "wheel_velocity_rl": 76.71907043457031, "wheel_velocity_rr": 263.157470703125}}, {"current_time": 0.6166666988283396, "current_time_step": 37, "data": {"base_link_transform_matrix": [[0.9933521733776398, 0.11511340056207066, -0.0006038683264548165, 0.0], [-0.11511389502108911, 0.9933519270663367, -0.0008603293956202961, 0.0], [0.0005008183234448524, 0.0009241237100981731, 0.999999447588035, 0.0], [0.11198274791240692, 0.002522918162867427, 0.02208133041858673, 1.0]], "wheel_velocity_fl": 77.05142974853516, "wheel_velocity_fr": 247.408203125, "wheel_velocity_rl": 79.05384063720703, "wheel_velocity_rr": 250.9022216796875}}, {"current_time": 0.6333333663642406, "current_time_step": 38, "data": {"base_link_transform_matrix": [[0.992453906234489, 0.12261609396036284, -0.0007331451476442911, 0.0], [-0.12261665675920065, 0.9924538014710281, -0.0007793785353659232, 0.0], [0.0006320483370864969, 0.0008633930787825989, 0.9999994275334817, 0.0], [0.11893080174922943, 0.0033638281747698784, 0.022014692425727844, 1.0]], "wheel_velocity_fl": 74.63381958007812, "wheel_velocity_fr": 249.10069274902344, "wheel_velocity_rl": 78.06868743896484, "wheel_velocity_rr": 251.8999481201172}}, {"current_time": 0.6500000339001417, "current_time_step": 39, "data": {"base_link_transform_matrix": [[0.9915143328151361, 0.12999731679146673, -0.00015952797391279762, 0.0], [-0.12999740867660334, 0.9915139132794045, -0.0009129680879556371, 0.0], [3.94908039413441e-05, 0.0009259591678309366, 0.9999995705199557, 0.0], [0.12598060071468353, 0.004197769332677126, 0.022137820720672607, 1.0]], "wheel_velocity_fl": 77.29744720458984, "wheel_velocity_fr": 252.1063232421875, "wheel_velocity_rl": 80.23017883300781, "wheel_velocity_rr": 253.6731719970703}}, {"current_time": 0.6666667014360428, "current_time_step": 40, "data": {"base_link_transform_matrix": [[0.9905498293790916, 0.13715330831439865, -7.440072587559847e-05, 0.0], [-0.13715328997268217, 0.9905489988559201, -0.0012868236879467997, 0.0], [-0.00010279456148901118, 0.00128486728886687, 0.999999169274319, 0.0], [0.13281285762786865, 0.0051454827189445496, 0.022209718823432922, 1.0]], "wheel_velocity_fl": 85.1430892944336, "wheel_velocity_fr": 254.40310668945312, "wheel_velocity_rl": 81.60797882080078, "wheel_velocity_rr": 254.98211669921875}}, {"current_time": 0.6833333689719439, "current_time_step": 41, "data": {"base_link_transform_matrix": [[0.9894997731594447, 0.14453431747087322, 0.0001731780477582099, 0.0], [-0.14453418873022464, 0.9894996203093873, -0.0006080260472837482, 0.0], [-0.0002592402422513391, 0.0005766114872236856, 0.9999998001568249, 0.0], [0.13951846957206726, 0.006294219754636288, 0.02232031524181366, 1.0]], "wheel_velocity_fl": 76.32403564453125, "wheel_velocity_fr": 248.83567810058594, "wheel_velocity_rl": 78.37626647949219, "wheel_velocity_rr": 255.26919555664062}}, {"current_time": 0.7000000365078449, "current_time_step": 42, "data": {"base_link_transform_matrix": [[0.9884456430603503, 0.15157430394203183, -0.0006641532196133298, 0.0], [-0.15157456719338577, 0.988445758241946, -0.0003655046403023964, 0.0], [0.000601078321308109, 0.0004619502060382284, 0.9999997126533882, 0.0], [0.1460832804441452, 0.007245051208883524, 0.022321373224258423, 1.0]], "wheel_velocity_fl": 81.35490417480469, "wheel_velocity_fr": 260.78851318359375, "wheel_velocity_rl": 80.60689544677734, "wheel_velocity_rr": 249.2266387939453}}, {"current_time": 0.716666704043746, "current_time_step": 43, "data": {"base_link_transform_matrix": [[0.9873568862806301, 0.15851302142372306, -3.396087738756908e-05, 0.0], [-0.15851301642884705, 0.9873567391380061, -0.0005415730710563519, 0.0], [-5.231488265921115e-05, 0.0005401091422469118, 0.9999998527726229, 0.0], [0.1530950665473938, 0.008171257562935352, 0.022424668073654175, 1.0]], "wheel_velocity_fl": 76.2966537475586, "wheel_velocity_fr": 248.83267211914062, "wheel_velocity_rl": 78.08256530761719, "wheel_velocity_rr": 252.8503875732422}}, {"current_time": 0.7333333715796471, "current_time_step": 44, "data": {"base_link_transform_matrix": [[0.986194302183721, 0.16559226027413065, 4.095934837007194e-05, 0.0], [-0.16559226477825267, 0.9861942890409241, 0.00016158179146617696, 0.0], [-1.3637181377375149e-05, -0.00016613359334102353, 0.9999999861068282, 0.0], [0.15995439887046814, 0.009279650636017323, 0.022294268012046814, 1.0]], "wheel_velocity_fl": 76.24737548828125, "wheel_velocity_fr": 247.21363830566406, "wheel_velocity_rl": 78.90314483642578, "wheel_velocity_rr": 252.70603942871094}}, {"current_time": 0.7500000391155481, "current_time_step": 45, "data": {"base_link_transform_matrix": [[0.9849679815103735, 0.17273681290097914, 0.0002624274999047108, 0.0], [-0.17273691249922535, 0.9849679087145012, 0.0004217378533350327, 0.0], [-0.00018563301310552382, -0.0004607291982143556, 0.9999998766344875, 0.0], [0.16693297028541565, 0.010395210236310959, 0.022251605987548828, 1.0]], "wheel_velocity_fl": 76.64813995361328, "wheel_velocity_fr": 253.112548828125, "wheel_velocity_rl": 80.6798324584961, "wheel_velocity_rr": 251.82650756835938}}, {"current_time": 0.7666667066514492, "current_time_step": 46, "data": {"base_link_transform_matrix": [[0.9836611154567979, 0.1800298158887508, -0.00027446192918296856, 0.0], [-0.180029446899683, 0.9836606769619991, 0.0010348176921498328, 0.0], [0.00045627544565657145, -0.0009684986960487041, 0.9999994269113325, 0.0], [0.1737349033355713, 0.01160696242004633, 0.02216888964176178, 1.0]], "wheel_velocity_fl": 83.66551971435547, "wheel_velocity_fr": 268.5762023925781, "wheel_velocity_rl": 76.8468017578125, "wheel_velocity_rr": 276.5446472167969}}, {"current_time": 0.7833333741873503, "current_time_step": 47, "data": {"base_link_transform_matrix": [[0.9822927669289855, 0.1873521569714191, 0.0002988597573034917, 0.0], [-0.18735239273377524, 0.982291237525312, 0.0017336718029471742, 0.0], [3.123983091452099e-05, -0.0017589653628863873, 0.9999984525312652, 0.0], [0.1807904839515686, 0.012963647022843361, 0.02227512001991272, 1.0]], "wheel_velocity_fl": 75.47600555419922, "wheel_velocity_fr": 252.54176330566406, "wheel_velocity_rl": 78.94898223876953, "wheel_velocity_rr": 250.80050659179688}}, {"current_time": 0.8000000417232513, "current_time_step": 48, "data": {"base_link_transform_matrix": [[0.9809079723808688, 0.19447205373404503, -0.00041235435656431874, 0.0], [-0.19447095247945423, 0.9809064416287655, 0.0018977388985359964, 0.0], [0.0007735382256369047, -0.0017813162705911322, 0.9999981142737008, 0.0], [0.18749560415744781, 0.01416841708123684, 0.022102907299995422, 1.0]], "wheel_velocity_fl": 95.30691528320312, "wheel_velocity_fr": 251.76446533203125, "wheel_velocity_rl": 74.81549072265625, "wheel_velocity_rr": 271.8484191894531}}, {"current_time": 0.8166667092591524, "current_time_step": 49, "data": {"base_link_transform_matrix": [[0.9795007609699146, 0.20143923927812438, -0.000701525772053485, 0.0], [-0.20143810285451677, 0.9795002059231362, 0.001427345405579232, 0.0], [0.0009746680108737822, -0.0012567718903057652, 0.9999987352725423, 0.0], [0.19439296424388885, 0.015414498746395111, 0.022291257977485657, 1.0]], "wheel_velocity_fl": 107.30573272705078, "wheel_velocity_fr": 247.40524291992188, "wheel_velocity_rl": 70.41519927978516, "wheel_velocity_rr": 254.41424560546875}}, {"current_time": 0.8333333767950535, "current_time_step": 50, "data": {"base_link_transform_matrix": [[0.97803565100334, 0.20843767594132784, -2.4792155777169026e-05, 0.0], [-0.20843759807546236, 0.9780353755824004, 0.0007561864353416498, 0.0], [0.00018186534854799154, -0.0007344096751679597, 0.999999713783671, 0.0], [0.2012941986322403, 0.016848059371113777, 0.022234976291656494, 1.0]], "wheel_velocity_fl": 86.74302673339844, "wheel_velocity_fr": 251.7971954345703, "wheel_velocity_rl": 79.48153686523438, "wheel_velocity_rr": 235.0267333984375}}, {"current_time": 0.8500000443309546, "current_time_step": 51, "data": {"base_link_transform_matrix": [[0.9764822362024034, 0.2155978305214674, -0.00013362481206225435, 0.0], [-0.21559770053929458, 0.9764820538893475, 0.0006557089370228981, 0.0], [0.00027185165520880256, -0.0006114789269064029, 0.9999997760950747, 0.0], [0.2079138606786728, 0.018541831523180008, 0.02238386869430542, 1.0]], "wheel_velocity_fl": 82.1384048461914, "wheel_velocity_fr": 252.18495178222656, "wheel_velocity_rl": 73.91107940673828, "wheel_velocity_rr": 249.62481689453125}}, {"current_time": 0.8666667118668556, "current_time_step": 52, "data": {"base_link_transform_matrix": [[0.9748996960624947, 0.22264448959264577, -0.00011777642288790702, 0.0], [-0.22264447333594617, 0.9748996972815033, 0.0001368699834744687, 0.0], [0.0001452935466315458, -0.0001072122356440685, 0.9999999836976607, 0.0], [0.21458189189434052, 0.020198119804263115, 0.02247859537601471, 1.0]], "wheel_velocity_fl": 83.26425170898438, "wheel_velocity_fr": 253.06178283691406, "wheel_velocity_rl": 74.53367614746094, "wheel_velocity_rr": 249.86239624023438}}, {"current_time": 0.8833333794027567, "current_time_step": 53, "data": {"base_link_transform_matrix": [[0.9732960039679368, 0.22955352801910603, 0.0002577479921102707, 0.0], [-0.22955352248614333, 0.9732960380520114, -5.124901247648699e-05, 0.0], [-0.00026262949115826034, -9.286500451975591e-06, 0.999999965469755, 0.0], [0.22129762172698975, 0.022044649347662926, 0.022398650646209717, 1.0]], "wheel_velocity_fl": 83.7068099975586, "wheel_velocity_fr": 252.04922485351562, "wheel_velocity_rl": 76.39570617675781, "wheel_velocity_rr": 250.086181640625}}, {"current_time": 0.9000000469386578, "current_time_step": 54, "data": {"base_link_transform_matrix": [[0.9715933629489695, 0.23665657620636854, -4.485299767778225e-05, 0.0], [-0.23665655853456102, 0.9715933370746351, 0.0002462818555373474, 0.0], [0.00010186309440477742, -0.00022867106018446102, 0.9999999686667276, 0.0], [0.22782224416732788, 0.023755639791488647, 0.022372618317604065, 1.0]], "wheel_velocity_fl": 84.03634643554688, "wheel_velocity_fr": 238.00674438476562, "wheel_velocity_rl": 82.54470825195312, "wheel_velocity_rr": 230.22950744628906}}, {"current_time": 0.9166667144745588, "current_time_step": 55, "data": {"base_link_transform_matrix": [[0.9697910019579034, 0.24393730129624153, -7.455060395259023e-05, 0.0], [-0.24393730797719898, 0.9697909980023405, -9.985219906697289e-05, 0.0], [4.7940828639967256e-05, 0.00011502143781712886, 0.9999999922358729, 0.0], [0.23469425737857819, 0.025134658440947533, 0.022395938634872437, 1.0]], "wheel_velocity_fl": 96.09661102294922, "wheel_velocity_fr": 258.3892517089844, "wheel_velocity_rl": 78.7191390991211, "wheel_velocity_rr": 243.4773406982422}}, {"current_time": 0.9333333820104599, "current_time_step": 56, "data": {"base_link_transform_matrix": [[0.9680176471976045, 0.25088108045286295, -0.0007198505527141689, 0.0], [-0.2508817354580146, 0.9680171840080489, -0.0010422469486229956, 0.0], [0.0004353476643757706, 0.0011895107949402566, 0.9999991977679181, 0.0], [0.24133574962615967, 0.026443054899573326, 0.022457927465438843, 1.0]], "wheel_velocity_fl": 74.49864959716797, "wheel_velocity_fr": 247.85702514648438, "wheel_velocity_rl": 90.96916961669922, "wheel_velocity_rr": 254.3271026611328}}, {"current_time": 0.950000049546361, "current_time_step": 57, "data": {"base_link_transform_matrix": [[0.9661274969218385, 0.25806514023234195, -0.00020757746670863967, 0.0], [-0.25806509373672504, 0.9661275050796205, 0.00022654642570641093, 0.0], [0.0002590100351410268, -0.00016530423280052703, 0.999999952794155, 0.0], [0.24822835624217987, 0.02823660895228386, 0.022392675280570984, 1.0]], "wheel_velocity_fl": 89.75043487548828, "wheel_velocity_fr": 264.4874572753906, "wheel_velocity_rl": 82.28591918945312, "wheel_velocity_rr": 254.82431030273438}}, {"current_time": 0.966666717082262, "current_time_step": 58, "data": {"base_link_transform_matrix": [[0.9642226412641831, 0.2650937532675843, 7.21301301216284e-06, 0.0], [-0.26509364314658906, 0.9642222151964701, 0.000938128392605576, 0.0], [0.0002417370292578694, -0.000906476760460529, 0.9999995599314488, 0.0], [0.25506141781806946, 0.029813094064593315, 0.02223891019821167, 1.0]], "wheel_velocity_fl": 78.54239654541016, "wheel_velocity_fr": 247.01776123046875, "wheel_velocity_rl": 89.52638244628906, "wheel_velocity_rr": 245.43028259277344}}, {"current_time": 0.9833333846181631, "current_time_step": 59, "data": {"base_link_transform_matrix": [[0.9622182331550635, 0.27227888576235837, 0.0005292938280418416, 0.0], [-0.2722793309788776, 0.9622175567458545, 0.0011573295697240745, 0.0], [-0.0001941794083147807, -0.0012577193831484906, 0.9999991902178275, 0.0], [0.2620370388031006, 0.031342703849077225, 0.02217686176300049, 1.0]], "wheel_velocity_fl": 84.11579895019531, "wheel_velocity_fr": 254.3422393798828, "wheel_velocity_rl": 82.42351531982422, "wheel_velocity_rr": 254.83059692382812}}, {"current_time": 1.0000000521540642, "current_time_step": 60, "data": {"base_link_transform_matrix": [[0.9601286211267617, 0.27955829483978756, 0.00043666863156997663, 0.0], [-0.27955859799617355, 0.9601265066160316, 0.00202029198613295, 0.0], [0.00014553225494373046, -0.002061814629349886, 0.999997863868117, 0.0], [0.2687131464481354, 0.0330633744597435, 0.022092729806900024, 1.0]], "wheel_velocity_fl": 74.76985931396484, "wheel_velocity_fr": 245.9685516357422, "wheel_velocity_rl": 79.27043914794922, "wheel_velocity_rr": 242.04002380371094}}, {"current_time": 1.0166667196899652, "current_time_step": 61, "data": {"base_link_transform_matrix": [[0.958106458084446, 0.28641029738794566, -0.001075419465214114, 0.0], [-0.2864070349650085, 0.9581048391583057, 0.0024753795647693374, 0.0], [0.0017393387910403092, -0.002063669446840138, 0.9999963579778599, 0.0], [0.27518072724342346, 0.03469519689679146, 0.022244498133659363, 1.0]], "wheel_velocity_fl": 79.6566162109375, "wheel_velocity_fr": 218.55593872070312, "wheel_velocity_rl": 79.8731460571289, "wheel_velocity_rr": 256.7403564453125}}, {"current_time": 1.0333333872258663, "current_time_step": 62, "data": {"base_link_transform_matrix": [[0.956060247273122, 0.2931701764562078, 0.00022631989052330893, 0.0], [-0.293170254427358, 0.9560597364497665, 0.0009910896030446506, 0.0], [7.418257892145844e-05, -0.0010138916308433793, 0.9999994832602195, 0.0], [0.282537579536438, 0.03615372255444527, 0.022190764546394348, 1.0]], "wheel_velocity_fl": 76.49559020996094, "wheel_velocity_fr": 240.2252960205078, "wheel_velocity_rl": 75.48670196533203, "wheel_velocity_rr": 264.8898010253906}}, {"current_time": 1.0500000547617674, "current_time_step": 63, "data": {"base_link_transform_matrix": [[0.9539816666385809, 0.29986493577691964, 2.9965712607554693e-06, 0.0], [-0.29986493514356727, 0.95398166518551, -5.6224778434212125e-05, 0.0], [-1.97185136154291e-05, 5.27388411902951e-05, 0.9999999984148974, 0.0], [0.28933632373809814, 0.037923019379377365, 0.022249922156333923, 1.0]], "wheel_velocity_fl": 79.73529815673828, "wheel_velocity_fr": 254.08628845214844, "wheel_velocity_rl": 82.57726287841797, "wheel_velocity_rr": 256.6535339355469}}, {"current_time": 1.0666667222976685, "current_time_step": 64, "data": {"base_link_transform_matrix": [[0.9517766691481865, 0.30679172382094966, 0.00010129241664485767, 0.0], [-0.3067917166883114, 0.9517766734667117, -8.010043352155033e-05, 0.0], [-0.00012098190944052862, 4.5162049424483344e-05, 0.9999999916618834, 0.0], [0.29597923159599304, 0.04001351445913315, 0.022318392992019653, 1.0]], "wheel_velocity_fl": 79.76026916503906, "wheel_velocity_fr": 251.6009979248047, "wheel_velocity_rl": 75.72781372070312, "wheel_velocity_rr": 272.7547607421875}}, {"current_time": 1.0833333898335695, "current_time_step": 65, "data": {"base_link_transform_matrix": [[0.9495743921962579, 0.3135418088794798, -8.814585148297539e-05, 0.0], [-0.31354182026919963, 0.9495743741003778, -0.0001870672408481025, 0.0], [2.504764067388385e-05, 0.00020527167225131856, 0.9999999786180779, 0.0], [0.30250582098960876, 0.04215099662542343, 0.022375762462615967, 1.0]], "wheel_velocity_fl": 77.59357452392578, "wheel_velocity_fr": 254.79054260253906, "wheel_velocity_rl": 77.7853775024414, "wheel_velocity_rr": 252.9647674560547}}, {"current_time": 1.1000000573694706, "current_time_step": 66, "data": {"base_link_transform_matrix": [[0.9472834951318487, 0.32039612920228233, 0.0005479443247565362, 0.0], [-0.32039599674767183, 0.9472836454134188, -0.00031686011126398953, 0.0], [-0.0006205794505865527, 0.00012459718557341804, 0.9999997996783233, 0.0], [0.30917587876319885, 0.04434762895107269, 0.02229219675064087, 1.0]], "wheel_velocity_fl": 71.11050415039062, "wheel_velocity_fr": 251.24880981445312, "wheel_velocity_rl": 86.13928985595703, "wheel_velocity_rr": 200.197509765625}}, {"current_time": 1.1166667249053717, "current_time_step": 67, "data": {"base_link_transform_matrix": [[0.9448625482759605, 0.32746718672340297, 8.052898938002754e-05, 0.0], [-0.3274671956682718, 0.9448624981472842, 0.0003087977188167249, 0.0], [2.503229816862841e-05, -0.0003181420018252519, 0.999999949079524, 0.0], [0.3156612515449524, 0.04649974778294563, 0.022037729620933533, 1.0]], "wheel_velocity_fl": 86.95861053466797, "wheel_velocity_fr": 254.90736389160156, "wheel_velocity_rl": 77.25160217285156, "wheel_velocity_rr": 255.26881408691406}}, {"current_time": 1.1333333924412727, "current_time_step": 68, "data": {"base_link_transform_matrix": [[0.9424621635109414, 0.3343128317682868, -2.9416744856778054e-05, 0.0], [-0.3343126634651557, 0.9424615931183221, -0.0010902035166879159, 0.0], [-0.0003367448726456076, 0.0010373099553284742, 0.9999994052952969, 0.0], [0.3225008547306061, 0.04831068590283394, 0.022165074944496155, 1.0]], "wheel_velocity_fl": 64.19381713867188, "wheel_velocity_fr": 262.0447692871094, "wheel_velocity_rl": 81.06340789794922, "wheel_velocity_rr": 257.4093933105469}}, {"current_time": 1.1500000599771738, "current_time_step": 69, "data": {"base_link_transform_matrix": [[0.9399008858929794, 0.3414473290535698, 0.00021489480178970189, 0.0], [-0.3414470473172778, 0.9399006383735629, -0.0008389656021444222, 0.0], [-0.0004884423254053339, 0.0007151693171343539, 0.999999624978401, 0.0], [0.32919833064079285, 0.05066429451107979, 0.022108405828475952, 1.0]], "wheel_velocity_fl": 80.14325714111328, "wheel_velocity_fr": 258.0644836425781, "wheel_velocity_rl": 87.60592651367188, "wheel_velocity_rr": 252.17848205566406}}, {"current_time": 1.1666667275130749, "current_time_step": 70, "data": {"base_link_transform_matrix": [[0.9372109589919844, 0.34876250005661097, 0.0005804305189998618, 0.0], [-0.3487622639591959, 0.9372111082736199, -0.00047092100122795633, 0.0], [-0.0007082255157051173, 0.0002389200612929155, 0.9999997206668726, 0.0], [0.33588287234306335, 0.05296304076910019, 0.022011756896972656, 1.0]], "wheel_velocity_fl": 80.68692779541016, "wheel_velocity_fr": 255.98182678222656, "wheel_velocity_rl": 62.57518005371094, "wheel_velocity_rr": 264.43450927734375}}, {"current_time": 1.183333395048976, "current_time_step": 71, "data": {"base_link_transform_matrix": [[0.9345244499028142, 0.3558988614441332, 0.00023012303700627935, 0.0], [-0.3558988503717002, 0.9345244782356562, -8.878331250296005e-05, 0.0], [-0.00024665349092334, 1.069651962799346e-06, 0.9999999695804551, 0.0], [0.3423410952091217, 0.055303968489170074, 0.02203024923801422, 1.0]], "wheel_velocity_fl": 76.2708740234375, "wheel_velocity_fr": 253.6246795654297, "wheel_velocity_rl": 79.56941223144531, "wheel_velocity_rr": 246.32643127441406}}, {"current_time": 1.200000062584877, "current_time_step": 72, "data": {"base_link_transform_matrix": [[0.9317089078483424, 0.36320414914942345