{"Isaac Sim Data": [{"current_time": 0, "current_time_step": 0, "data": {"base_link_transform_matrix": [[1.0, 0.0, 0.0, 0.0], [0.0, 1.0, 0.0, 0.0], [0.0, 0.0, 1.0, 0.0], [0.0, 0.0, 0.025, 1.0]], "wheel_velocity_fl": -78.4507827758789, "wheel_velocity_fr": -250.04571533203125, "wheel_velocity_rl": -74.40935516357422, "wheel_velocity_rr": -250.89820861816406}}, {"current_time": 0.01666666753590107, "current_time_step": 1, "data": {"base_link_transform_matrix": [[1.0, 0.0, 0.0, 0.0], [0.0, 1.0, 0.0, 0.0], [0.0, 0.0, 1.0, 0.0], [5.342963777366094e-05, -2.3833554223529063e-05, 0.022269665822386743, 1.0]], "wheel_velocity_fl": -5.116140528116375e-06, "wheel_velocity_fr": 8.793243068794254e-06, "wheel_velocity_rl": -2.4711230253160466e-06, "wheel_velocity_rr": -9.246920853911433e-06}}, {"current_time": 0.03333333507180214, "current_time_step": 2, "data": {"base_link_transform_matrix": [[0.9999999329986501, -0.00025131745892947356, -0.00026616203758281324, 0.0], [0.00025148613665398564, 0.9999997674646368, 0.0006338969912097408, 0.0], [0.0002660026663096733, -0.0006339638848003422, 0.9999997636661592, 0.0], [9.143819625023752e-06, 5.1816459745168686e-05, 0.02198132872581482, 1.0]], "wheel_velocity_fl": 0.6528478264808655, "wheel_velocity_fr": -3.7686824798583984, "wheel_velocity_rl": 1.8476195335388184, "wheel_velocity_rr": -2.966109037399292}}, {"current_time": 0.05000000260770321, "current_time_step": 3, "data": {"base_link_transform_matrix": [[0.9999995876222451, -0.00046972270112938795, -0.0007772489458937423, 0.0], [0.0004708157286201412, 0.9999988997740008, 0.0014066923393393227, 0.0], [0.0007765873354189516, -0.0014070577002794741, 0.9999987085495353, 0.0], [-2.290510747116059e-05, 6.366899469867349e-05, 0.021960988640785217, 1.0]], "wheel_velocity_fl": -0.4083660840988159, "wheel_velocity_fr": -0.29052722454071045, "wheel_velocity_rl": 1.5068169832229614, "wheel_velocity_rr": 1.2330639362335205}}, {"current_time": 0.06666667014360428, "current_time_step": 4, "data": {"base_link_transform_matrix": [[0.9999995014865245, -0.0005626317979026369, -0.0008249073660364484, 0.0], [0.0005638079739655402, 0.9999988239087433, 0.0014262894863239825, 0.0], [0.0008241039200520874, -0.0014267538646502078, 0.9999986426121481, 0.0], [7.785169873386621e-05, -3.8828671677038074e-05, 0.02197358012199402, 1.0]], "wheel_velocity_fl": 1.670123815536499, "wheel_velocity_fr": -1.3871976137161255, "wheel_velocity_rl": 1.36365807056427, "wheel_velocity_rr": 2.1675875186920166}}, {"current_time": 0.08333333767950535, "current_time_step": 5, "data": {"base_link_transform_matrix": [[0.9999994753292706, -0.0006437533082043034, -0.0007968204701682447, 0.0], [0.0006448326039450436, 0.9999988740985085, 0.001354988054623608, 0.0], [0.0007959472949841477, -0.0013555011595196922, 0.999998764541492, 0.0], [0.0001393948041368276, -4.585256101563573e-05, 0.02196359634399414, 1.0]], "wheel_velocity_fl": 0.3431001305580139, "wheel_velocity_fr": -0.3018641769886017, "wheel_velocity_rl": 1.9016293287277222, "wheel_velocity_rr": -0.10223063081502914}}, {"current_time": 0.10000000521540642, "current_time_step": 6, "data": {"base_link_transform_matrix": [[0.9999993881810332, -0.0007557997374035085, -0.0008077154921172024, 0.0], [0.0007569016939397351, 0.9999987821356283, 0.0013648542361083074, 0.0], [0.0008066829519560375, -0.0013654647622888035, 0.9999987423835082, 0.0], [0.00016370759112760425, -1.9417115254327655e-05, 0.02196158468723297, 1.0]], "wheel_velocity_fl": -0.2181951403617859, "wheel_velocity_fr": -0.14852972328662872, "wheel_velocity_rl": 1.8385295867919922, "wheel_velocity_rr": -1.7987288236618042}}, {"current_time": 0.11666667275130749, "current_time_step": 7, "data": {"base_link_transform_matrix": [[0.9999993075391808, -0.000871921975425872, -0.0007903627191065362, 0.0], [0.0008729739231791779, 0.9999987323756105, 0.0013316019305912327, 0.0], [0.000789200664237675, -0.001332290974552702, 0.9999988010808166, 0.0], [0.00019431672990322113, -3.2355834264308214e-05, 0.021958932280540466, 1.0]], "wheel_velocity_fl": 0.9729961156845093, "wheel_velocity_fr": -1.5682446956634521, "wheel_velocity_rl": 0.9991414546966553, "wheel_velocity_rr": -0.03441249951720238}}, {"current_time": 0.13333334028720856, "current_time_step": 8, "data": {"base_link_transform_matrix": [[0.9999992035181088, -0.0009873361894526017, -0.0007862126920259947, 0.0], [0.0009883717451316869, 0.9999986431993019, 0.001317847050585522, 0.0], [0.0007849104672068588, -0.0013186230713546731, 0.9999988225736839, 0.0], [0.00022016876027919352, -2.2794236429035664e-05, 0.021956518292427063, 1.0]], "wheel_velocity_fl": 0.9207568764686584, "wheel_velocity_fr": -1.2406779527664185, "wheel_velocity_rl": 1.709889531135559, "wheel_velocity_rr": -0.20589439570903778}}, {"current_time": 0.15000000782310963, "current_time_step": 9, "data": {"base_link_transform_matrix": [[0.9999990755451365, -0.001103228242989149, -0.0007948561608592924, 0.0], [0.0011042778810038116, 0.9999985173515877, 0.00132131184348172, 0.0], [0.0007933972738235424, -0.0013221883640655763, 0.9999988111686412, 0.0], [0.0002405365667073056, 4.7558569349348545e-07, 0.02195437252521515, 1.0]], "wheel_velocity_fl": -0.3689655363559723, "wheel_velocity_fr": -0.3498145341873169, "wheel_velocity_rl": 2.2448151111602783, "wheel_velocity_rr": -2.065459728240967}}, {"current_time": 0.1666666753590107, "current_time_step": 10, "data": {"base_link_transform_matrix": [[0.9999989495855608, -0.0012164238652876294, -0.0007881248346644278, 0.0], [0.0012174489772685596, 0.9999984119228241, 0.0013015259573174985, 0.0], [0.0007865403758255937, -0.0013024840919497623, 0.9999988424440437, 0.0], [0.00026570039335638285, 1.6200356185436249e-06, 0.021951720118522644, 1.0]], "wheel_velocity_fl": -0.39005324244499207, "wheel_velocity_fr": -0.5704184770584106, "wheel_velocity_rl": 1.7522128820419312, "wheel_velocity_rr": -1.6769771575927734}}, {"current_time": 0.18333334289491177, "current_time_step": 11, "data": {"base_link_transform_matrix": [[0.9999988145489849, -0.0013255195081756193, -0.0007835168526989, 0.0], [0.001326527285531884, 0.9999982918406561, 0.0012871057185397734, 0.0], [0.0007818094305882581, -0.0012881435492227721, 0.999998864729461, 0.0], [0.0002898702514357865, 3.877037670463324e-06, 0.02194957435131073, 1.0]], "wheel_velocity_fl": -0.4974585771560669, "wheel_velocity_fr": -0.5688937306404114, "wheel_velocity_rl": 1.6306527853012085, "wheel_velocity_rr": -1.63542902469635}}, {"current_time": 0.20000001043081284, "current_time_step": 12, "data": {"base_link_transform_matrix": [[0.9999986617806725, -0.0014392947389369464, -0.0007777322923371271, 0.0], [0.001440281576722021, 0.9999981565982303, 0.0012697988506209425, 0.0], [0.0007759032438588362, -0.0012709173048438536, 0.9999988913710657, 0.0], [0.00031421490712091327, 7.1449612732976675e-06, 0.021947085857391357, 1.0]], "wheel_velocity_fl": -0.322563499212265, "wheel_velocity_fr": -0.5180338025093079, "wheel_velocity_rl": 1.6634306907653809, "wheel_velocity_rr": -1.5387858152389526}}, {"current_time": 0.2166666779667139, "current_time_step": 13, "data": {"base_link_transform_matrix": [[0.9999984932572238, -0.001553837920445725, -0.0007739967694118002, 0.0], [0.001554809461083074, 0.9999980022505822, 0.001256209530389894, 0.0], [0.0007720432771558597, -0.001257411055105188, 0.9999989114327159, 0.0], [0.0003389029297977686, 1.048445119522512e-05, 0.021944865584373474, 1.0]], "wheel_velocity_fl": -0.3245604634284973, "wheel_velocity_fr": -0.6010463833808899, "wheel_velocity_rl": 1.7250202894210815, "wheel_velocity_rr": -1.6134449243545532}}, {"current_time": 0.23333334550261497, "current_time_step": 14, "data": {"base_link_transform_matrix": [[0.9999983108003968, -0.0016692213955518112, -0.000769477930597677, 0.0], [0.0016701754654457404, 0.9999978353110921, 0.0012409218526825338, 0.0], [0.0007674048916106303, -0.0012422049196787188, 0.9999989340077667, 0.0], [0.0003636030596680939, 1.3561744708567858e-05, 0.021942660212516785, 1.0]], "wheel_velocity_fl": -0.39341819286346436, "wheel_velocity_fr": -0.8235991597175598, "wheel_velocity_rl": 1.7253957986831665, "wheel_velocity_rr": -1.5602363348007202}}, {"current_time": 0.25000001303851604, "current_time_step": 15, "data": {"base_link_transform_matrix": [[0.9999981212303367, -0.0017812869000289893, -0.0007645605121138602, 0.0], [0.0017822226270666577, 0.9999976615942795, 0.0012249442764852327, 0.0], [0.0007623767470682164, -0.0012263045921415377, 0.9999989574788279, 0.0], [0.00038891364238224924, 1.5439640264958143e-05, 0.021940186619758606, 1.0]], "wheel_velocity_fl": -0.5105044841766357, "wheel_velocity_fr": -0.7975095510482788, "wheel_velocity_rl": 1.6722975969314575, "wheel_velocity_rr": -1.5868595838546753}}, {"current_time": 0.2666666805744171, "current_time_step": 16, "data": {"base_link_transform_matrix": [[0.9999979134910059, -0.0018962192351029963, -0.0007598461996241822, 0.0], [0.00189713684780659, 0.9999974699137922, 0.0012087339636435914, 0.0], [0.0007575522525558093, -0.0012101729738332775, 0.9999989807974596, 0.0], [0.0004145998100284487, 1.6611418686807156e-05, 0.021937653422355652, 1.0]], "wheel_velocity_fl": -0.3658550977706909, "wheel_velocity_fr": -0.8706428408622742, "wheel_velocity_rl": 1.6332521438598633, "wheel_velocity_rr": -1.4989969730377197}}, {"current_time": 0.2833333481103182, "current_time_step": 17, "data": {"base_link_transform_matrix": [[0.9999976882517931, -0.0020133707203713806, -0.0007548704603554515, 0.0], [0.002014269414465105, 0.9999972613246579, 0.0011916635052056314, 0.0], [0.0007524691326004192, -0.0011931812628598372, 0.9999990050538443, 0.0], [0.0004408072563819587, 1.739131403155625e-05, 0.021935269236564636, 1.0]], "wheel_velocity_fl": -0.2858179807662964, "wheel_velocity_fr": -0.8665277361869812, "wheel_velocity_rl": 1.605800986289978, "wheel_velocity_rr": -1.8298791646957397}}, {"current_time": 0.30000001564621925, "current_time_step": 18, "data": {"base_link_transform_matrix": [[0.9999974481154293, -0.002130809563074695, -0.0007506085764388381, 0.0], [0.002131691344611973, 0.9999970365467132, 0.0011759208318892628, 0.0], [0.0007481006886913767, -0.0011775178968806217, 0.9999990268980076, 0.0], [0.0004682975122705102, 1.84921664185822e-05, 0.0219326913356781, 1.0]], "wheel_velocity_fl": -0.20038104057312012, "wheel_velocity_fr": -0.8612797260284424, "wheel_velocity_rl": 1.9196182489395142, "wheel_velocity_rr": -1.9831454753875732}}, {"current_time": 0.3166666831821203, "current_time_step": 19, "data": {"base_link_transform_matrix": [[0.999997191969947, -0.0022493267384996554, -0.000746043862267965, 0.0], [0.002250190147693311, 0.9999967972515394, 0.0011585037603786307, 0.0], [0.0007434356193922614, -0.0011601792478138774, 0.9999990506433457, 0.0], [0.0004960272344760597, 1.9418192096054554e-05, 0.02193012833595276, 1.0]], "wheel_velocity_fl": -0.3673914968967438, "wheel_velocity_fr": -0.9159541130065918, "wheel_velocity_rl": 1.9919406175613403, "wheel_velocity_rr": -1.356838345527649}}, {"current_time": 0.3333333507180214, "current_time_step": 20, "data": {"base_link_transform_matrix": [[0.999996901271245, -0.002376568445909618, -0.0007411952036633798, 0.0], [0.0023774132114811816, 0.9999965230712511, 0.001140943395014104, 0.0], [0.0007384810965093082, -0.0011427019868094739, 0.9999990744384913, 0.0], [0.0005220425082370639, 2.1603162167593837e-05, 0.021927595138549805, 1.0]], "wheel_velocity_fl": -0.3386463522911072, "wheel_velocity_fr": -0.9910435080528259, "wheel_velocity_rl": 2.0107386112213135, "wheel_velocity_rr": -1.504887580871582}}, {"current_time": 0.35000001825392246, "current_time_step": 21, "data": {"base_link_transform_matrix": [[0.999992089154998, -0.003928544768865271, -0.0006230276250189904, 0.0], [0.0039286004192608925, 0.999992279136659, 8.81238675683804e-05, 0.0], [0.000622676616148892, -9.057079702298382e-05, 0.9999998020353617, 0.0], [-0.0006949434755370021, -0.0004253964580129832, 0.022143617272377014, 1.0]], "wheel_velocity_fl": -23.425886154174805, "wheel_velocity_fr": -192.2677459716797, "wheel_velocity_rl": -75.50946044921875, "wheel_velocity_rr": -253.73544311523438}}, {"current_time": 0.36666668578982353, "current_time_step": 22, "data": {"base_link_transform_matrix": [[0.9999855280430296, -0.005368649630196308, -0.000348289608593018, 0.0], [0.005368635812314062, 0.9999855879468721, -4.05963447320887e-05, 0.0], [0.0003485025365758083, 3.872591715778526e-05, 0.9999999385231407, 0.0], [-0.0039983633905649185, -0.0007557619246654212, 0.022183582186698914, 1.0]], "wheel_velocity_fl": -79.92572784423828, "wheel_velocity_fr": -312.0498046875, "wheel_velocity_rl": -76.94461822509766, "wheel_velocity_rr": -248.60585021972656}}, {"current_time": 0.3833333533257246, "current_time_step": 23, "data": {"base_link_transform_matrix": [[0.9999620543603961, -0.008623240878226773, -0.0012367522356617224, 0.0], [0.008624155166777312, 0.9999625405362111, 0.0007358478277800277, 0.0], [0.0012303605145174677, -0.0007464858487467568, 0.9999989644854048, 0.0], [-0.00860701035708189, -0.0005888640880584717, 0.022449404001235962, 1.0]], "wheel_velocity_fl": -58.731964111328125, "wheel_velocity_fr": -193.9180908203125, "wheel_velocity_rl": -75.78355407714844, "wheel_velocity_rr": -260.84759521484375}}, {"current_time": 0.40000002086162567, "current_time_step": 24, "data": {"base_link_transform_matrix": [[0.9999193519104927, -0.012687828723765952, 0.0005555872357165802, 0.0], [0.012687842087690145, 0.9999195058810727, -2.0535558298800575e-05, 0.0], [-0.0005552819625651118, 2.7583105257965067e-05, 0.9999998454505452, 0.0], [-0.013304644264280796, -0.001149836229160428, 0.022137001156806946, 1.0]], "wheel_velocity_fl": -66.96473693847656, "wheel_velocity_fr": -290.4595947265625, "wheel_velocity_rl": -80.51300811767578, "wheel_velocity_rr": -294.4204406738281}}, {"current_time": 0.41666668839752674, "current_time_step": 25, "data": {"base_link_transform_matrix": [[0.9998217698353458, -0.01887374308171646, -0.00045867788508242364, 0.0], [0.018873698978808445, 0.9998218708492249, -0.00010029164047497482, 0.0], [0.00046048905983584316, 9.161681714809737e-05, 0.9999998897780862, 0.0], [-0.019696097820997238, -0.000824471062514931, 0.022475987672805786, 1.0]], "wheel_velocity_fl": -71.80622100830078, "wheel_velocity_fr": -194.8739471435547, "wheel_velocity_rl": -72.57521057128906, "wheel_velocity_rr": -353.8154296875}}, {"current_time": 0.4333333559334278, "current_time_step": 26, "data": {"base_link_transform_matrix": [[0.99965583947076, -0.02623234649042886, 0.00025808838829017504, 0.0], [0.026232464967391025, 0.9996557606378239, -0.00046691042848227675, 0.0], [-0.0002457513879680633, 0.0004735200309464151, 0.9999998576925077, 0.0], [-0.026260484009981155, -0.0004731755470857024, 0.022320657968521118, 1.0]], "wheel_velocity_fl": -81.76395416259766, "wheel_velocity_fr": -255.10836791992188, "wheel_velocity_rl": -75.84461212158203, "wheel_velocity_rr": -255.75840759277344}}, {"current_time": 0.4500000234693289, "current_time_step": 27, "data": {"base_link_transform_matrix": [[0.9994355636865204, -0.033593654892022824, 0.00014279216651019955, 0.0], [0.03359364710376556, 0.9994355725463926, 5.659621936561128e-05, 0.0], [-0.00014461284455282266, -5.176736475326989e-05, 0.9999999882036325, 0.0], [-0.03319137915968895, 2.8624832339119166e-05, 0.02234114706516266, 1.0]], "wheel_velocity_fl": -88.51001739501953, "wheel_velocity_fr": -253.6272430419922, "wheel_velocity_rl": -72.95932006835938, "wheel_velocity_rr": -259.944580078125}}, {"current_time": 0.46666669100522995, "current_time_step": 28, "data": {"base_link_transform_matrix": [[0.9991620544052047, -0.04091582869649977, 0.0010411526543053083, 0.0], [0.040915798391581305, 0.9991625968289156, 5.03991801858725e-05, 0.0], [-0.0010423429139939395, -7.757356316438703e-06, 0.9999994567303889, 0.0], [-0.03981933370232582, 0.0002818618668243289, 0.022292539477348328, 1.0]], "wheel_velocity_fl": -77.9032974243164, "wheel_velocity_fr": -250.7414093017578, "wheel_velocity_rl": -77.27754974365234, "wheel_velocity_rr": -253.31100463867188}}, {"current_time": 0.483333358541131, "current_time_step": 29, "data": {"base_link_transform_matrix": [[0.9988295763995827, -0.048365939247690705, 0.0004617684689221014, 0.0], [0.0483656956997307, 0.9988295570729202, 0.0005247828075091649, 0.0], [-0.0004866096086699239, -0.000501834836074546, 0.9999997556864132, 0.0], [-0.046989306807518005, 0.0006891894154250622, 0.02230273187160492, 1.0]], "wheel_velocity_fl": -79.47674560546875, "wheel_velocity_fr": -253.06053161621094, "wheel_velocity_rl": -76.68631744384766, "wheel_velocity_rr": -253.49061584472656}}, {"current_time": 0.5000000260770321, "current_time_step": 30, "data": {"base_link_transform_matrix": [[0.9984495511086379, -0.05565617417657329, 0.0009403015402323977, 0.0], [0.055655328491859134, 0.9984496328444892, 0.0009028195655309058, 0.0], [-0.0009890912105973515, -0.0008490869988333931, 0.9999991503745619, 0.0], [-0.05386565625667572, 0.001088474877178669, 0.02211052179336548, 1.0]], "wheel_velocity_fl": -79.19078826904297, "wheel_velocity_fr": -246.77310180664062, "wheel_velocity_rl": -73.80979919433594, "wheel_velocity_rr": -246.07302856445312}}, {"current_time": 0.5166666936129332, "current_time_step": 31, "data": {"base_link_transform_matrix": [[0.998005019802832, -0.0631328041147022, 0.00047905423878259095, 0.0], [0.06313194711151646, 0.9980038548540543, 0.0016318548821770387, 0.0], [-0.0005811215516093038, -0.0015983557371360732, 0.9999985537772941, 0.0], [-0.06107090786099434, 0.001674852566793561, 0.022131040692329407, 1.0]], "wheel_velocity_fl": -53.55706787109375, "wheel_velocity_fr": -271.3879089355469, "wheel_velocity_rl": -96.98252868652344, "wheel_velocity_rr": -250.3670654296875}}, {"current_time": 0.5333333611488342, "current_time_step": 32, "data": {"base_link_transform_matrix": [[0.997528549452499, -0.07026203203312162, 0.00019970420602489163, 0.0], [0.07026188538054115, 0.9975283579961385, 0.0006651738867317276, 0.0], [-0.0002459470776580733, -0.0006494983483314482, 0.9999997588309362, 0.0], [-0.0681573674082756, 0.0020610373467206955, 0.022233769297599792, 1.0]], "wheel_velocity_fl": -76.7662353515625, "wheel_velocity_fr": -254.56838989257812, "wheel_velocity_rl": -78.30799102783203, "wheel_velocity_rr": -252.0100555419922}}, {"current_time": 0.5500000286847353, "current_time_step": 33, "data": {"base_link_transform_matrix": [[0.9970225434140556, -0.07711046437744613, -0.000155588117420576, 0.0], [0.07711059771695315, 0.9970217879053093, 0.0012288864205636527, 0.0], [6.036474045068304e-05, -0.0012372249573293238, 0.9999992328149573, 0.0], [-0.0752297043800354, 0.002901284256950021, 0.02203008532524109, 1.0]], "wheel_velocity_fl": -80.17115783691406, "wheel_velocity_fr": -254.23680114746094, "wheel_velocity_rl": -90.3095703125, "wheel_velocity_rr": -234.87387084960938}}, {"current_time": 0.5666666962206364, "current_time_step": 34, "data": {"base_link_transform_matrix": [[0.9964507637179859, -0.08417583450848821, -0.0005516979629039863, 0.0], [0.08417626292019627, 0.9964505545270231, 0.0008056944694865719, 0.0], [0.0004819197367392003, -0.0008492747422211947, 0.9999995232427762, 0.0], [-0.08211728930473328, 0.003438156098127365, 0.022218793630599976, 1.0]], "wheel_velocity_fl": -82.89559936523438, "wheel_velocity_fr": -249.64894104003906, "wheel_velocity_rl": -74.96121215820312, "wheel_velocity_rr": -232.0353546142578}}, {"current_time": 0.5833333637565374, "current_time_step": 35, "data": {"base_link_transform_matrix": [[0.9957798429437174, -0.09177419586900092, -3.6872534062021944e-05, 0.0], [0.09177419041130676, 0.995779835720226, -0.00012941154854274656, 0.0], [4.859356671454139e-05, 0.000125481464521044, 0.9999999909465336, 0.0], [-0.08882419019937515, 0.0038711151573807, 0.0223580002784729, 1.0]], "wheel_velocity_fl": -71.9440689086914, "wheel_velocity_fr": -255.19619750976562, "wheel_velocity_rl": -74.642578125, "wheel_velocity_rr": -254.84518432617188}}, {"current_time": 0.6000000312924385, "current_time_step": 36, "data": {"base_link_transform_matrix": [[0.9950633679280583, -0.09924130811535359, 0.00023784705826408308, 0.0], [0.09924136608547432, 0.995063360229114, -0.000245737732876193, 0.0], [-0.00021228555895293363, 0.00026812888308432915, 0.99999994152087, 0.0], [-0.09554086625576019, 0.004489043727517128, 0.02239781618118286, 1.0]], "wheel_velocity_fl": -78.05329895019531, "wheel_velocity_fr": -254.12823486328125, "wheel_velocity_rl": -76.03768920898438, "wheel_velocity_rr": -240.08192443847656}}, {"current_time": 0.6166666988283396, "current_time_step": 37, "data": {"base_link_transform_matrix": [[0.9942979073172001, -0.10663800636679577, 8.427782429082576e-05, 0.0], [0.10663792523401208, 0.9942976876127709, 0.0006791978222834741, 0.0], [-0.00015622554750638242, -0.0006663377610252476, 0.9999997657937558, 0.0], [-0.10235670953989029, 0.005255234427750111, 0.022396236658096313, 1.0]], "wheel_velocity_fl": -73.56200408935547, "wheel_velocity_fr": -263.9884948730469, "wheel_velocity_rl": -97.89130401611328, "wheel_velocity_rr": -262.352783203125}}, {"current_time": 0.6333333663642406, "current_time_step": 38, "data": {"base_link_transform_matrix": [[0.993506183013721, -0.11377813484353935, 1.8575044694329297e-05, 0.0], [0.11377813541806941, 0.9935061825555727, -3.353566264376928e-05, 0.0], [-1.4638796598712019e-05, 3.543132213867513e-05, 0.9999999992651635, 0.0], [-0.10906459391117096, 0.005723178386688232, 0.02248212695121765, 1.0]], "wheel_velocity_fl": -79.73158264160156, "wheel_velocity_fr": -251.3404998779297, "wheel_velocity_rl": -86.64656829833984, "wheel_velocity_rr": -243.283203125}}, {"current_time": 0.6500000339001417, "current_time_step": 39, "data": {"base_link_transform_matrix": [[0.9926685151414498, -0.12086859754923189, 3.425421222749552e-05, 0.0], [0.12086856761343141, 0.9926684045803879, 0.000477400151655546, 0.0], [-9.170576100242245e-05, -0.00046975984210554994, 0.9999998854578656, 0.0], [-0.11573769897222519, 0.006707040127366781, 0.02233274281024933, 1.0]], "wheel_velocity_fl": -88.49111938476562, "wheel_velocity_fr": -248.83363342285156, "wheel_velocity_rl": -79.07283782958984, "wheel_velocity_rr": -242.7740020751953}}, {"current_time": 0.6666667014360428, "current_time_step": 40, "data": {"base_link_transform_matrix": [[0.9917698018809493, -0.1280332571838439, 0.00038096183297871484, 0.0], [0.1280332655822653, 0.9917698739620832, 2.3610807352474126e-06, 0.0], [-0.00037812876593467195, 4.643413896544913e-05, 0.9999999274312509, 0.0], [-0.12237630784511566, 0.007385505363345146, 0.022341549396514893, 1.0]], "wheel_velocity_fl": -68.63383483886719, "wheel_velocity_fr": -257.609619140625, "wheel_velocity_rl": -100.70189666748047, "wheel_velocity_rr": -252.65829467773438}}, {"current_time": 0.6833333689719439, "current_time_step": 41, "data": {"base_link_transform_matrix": [[0.9908111633931064, -0.13525128230577624, 0.0005736987382797171, 0.0], [0.13525126108605048, 0.9908113294812795, 7.58035126110799e-05, 0.0], [-0.0005786797318805898, 2.4865113163396744e-06, 0.9999998325617786, 0.0], [-0.12923751771450043, 0.008269215933978558, 0.022188648581504822, 1.0]], "wheel_velocity_fl": -75.9075927734375, "wheel_velocity_fr": -240.9972686767578, "wheel_velocity_rl": -82.2053451538086, "wheel_velocity_rr": -235.67083740234375}}, {"current_time": 0.7000000365078449, "current_time_step": 42, "data": {"base_link_transform_matrix": [[0.9897487304520676, -0.1428195444510048, 0.00016820026142897655, 0.0], [0.14281946206028162, 0.989748663943949, 0.00042834329664113215, 0.0], [-0.00022765177851928058, -0.00039992996319252876, 0.9999998941153405, 0.0], [-0.1362716257572174, 0.009143685922026634, 0.02225656807422638, 1.0]], "wheel_velocity_fl": -74.94927978515625, "wheel_velocity_fr": -260.3150634765625, "wheel_velocity_rl": -75.9172592163086, "wheel_velocity_rr": -245.39222717285156}}, {"current_time": 0.716666704043746, "current_time_step": 43, "data": {"base_link_transform_matrix": [[0.9886743825425552, -0.150076527904502, -3.280588881805718e-05, 0.0], [0.1500764420793143, 0.9886735312888221, 0.0013076932763007544, 0.0], [-0.0001638197525264627, -0.0012978062335747631, 0.9999991444306684, 0.0], [-0.14325544238090515, 0.010047217831015587, 0.022168561816215515, 1.0]], "wheel_velocity_fl": -77.7914810180664, "wheel_velocity_fr": -245.8689727783203, "wheel_velocity_rl": -81.29692077636719, "wheel_velocity_rr": -254.92495727539062}}, {"current_time": 0.7333333715796471, "current_time_step": 44, "data": {"base_link_transform_matrix": [[0.9875517540742492, -0.15729425229548943, 0.00022631764518392288, 0.0], [0.15729367525127708, 0.9875504997994251, 0.0016462295865082603, 0.0], [-0.00048244255553134155, -0.0015901385815799648, 0.9999986193532829, 0.0], [-0.15015649795532227, 0.010787615552544594, 0.02229204773902893, 1.0]], "wheel_velocity_fl": -77.95448303222656, "wheel_velocity_fr": -257.28411865234375, "wheel_velocity_rl": -88.21918487548828, "wheel_velocity_rr": -243.4406280517578}}, {"current_time": 0.7500000391155481, "current_time_step": 45, "data": {"base_link_transform_matrix": [[0.9863290506126146, -0.16478716523403006, -0.0004405584533992334, 0.0], [0.16478762937053956, 0.9863280688762872, 0.001406326139893999, 0.0], [0.00020279067058074154, -0.0014596989095481622, 0.9999989140769291, 0.0], [-0.15730640292167664, 0.01159594301134348, 0.022147774696350098, 1.0]], "wheel_velocity_fl": -79.8467788696289, "wheel_velocity_fr": -253.1354217529297, "wheel_velocity_rl": -78.06017303466797, "wheel_velocity_rr": -266.6395568847656}}, {"current_time": 0.7666667066514492, "current_time_step": 46, "data": {"base_link_transform_matrix": [[0.9850340412803683, -0.1723564627588422, -0.00108961650389008, 0.0], [0.17235771090113922, 0.9850337197033947, 0.0011792116914835819, 0.0], [0.0008700642418890726, -0.001349367464357728, 0.9999987110969999, 0.0], [-0.16436050832271576, 0.012429787777364254, 0.02210269868373871, 1.0]], "wheel_velocity_fl": -73.20476531982422, "wheel_velocity_fr": -260.5448913574219, "wheel_velocity_rl": -77.99390411376953, "wheel_velocity_rr": -251.65093994140625}}, {"current_time": 0.7833333741873503, "current_time_step": 47, "data": {"base_link_transform_matrix": [[0.9837515696126636, -0.17953429631414436, -0.0005345386848631291, 0.0], [0.17953446555968022, 0.9837516420428877, 0.00028714825812769075, 0.0], [0.0004743003485087617, -0.00037845066675253427, 0.9999998159071192, 0.0], [-0.171121284365654, 0.013258262537419796, 0.02222384512424469, 1.0]], "wheel_velocity_fl": -77.1626205444336, "wheel_velocity_fr": -261.36346435546875, "wheel_velocity_rl": -77.21797180175781, "wheel_velocity_rr": -253.49317932128906}}, {"current_time": 0.8000000417232513, "current_time_step": 48, "data": {"base_link_transform_matrix": [[0.9824158966624349, -0.18670460806319664, -0.0006287391447923633, 0.0], [0.18670447349648175, 0.9824160871914226, -0.00026684058284390374, 0.0], [0.000667503816926221, 0.000144760019465434, 0.9999997667415683, 0.0], [-0.17806345224380493, 0.014257240109145641, 0.02228422462940216, 1.0]], "wheel_velocity_fl": -81.24615478515625, "wheel_velocity_fr": -252.5277557373047, "wheel_velocity_rl": -75.34147644042969, "wheel_velocity_rr": -241.59947204589844}}, {"current_time": 0.8166667092591524, "current_time_step": 49, "data": {"base_link_transform_matrix": [[0.9810133874924394, -0.19393992477881916, -0.00019783173412549486, 0.0], [0.19393988438673776, 0.9810133937132713, -0.00020639580646433922, 0.0], [0.00023410396805899098, 0.000164109585619489, 0.9999999591316872, 0.0], [-0.18486356735229492, 0.015452430583536625, 0.022287309169769287, 1.0]], "wheel_velocity_fl": -87.65808868408203, "wheel_velocity_fr": -259.3232727050781, "wheel_velocity_rl": -87.64630889892578, "wheel_velocity_rr": -254.29507446289062}}, {"current_time": 0.8333333767950535, "current_time_step": 50, "data": {"base_link_transform_matrix": [[0.9795891738370651, -0.20100975119079864, -0.00036114737914402713, 0.0], [0.20100957326963, 0.9795891614211076, -0.00047568923925932335, 0.0], [0.00044939423391278523, 0.0003933859483200363, 0.9999998216461432, 0.0], [-0.19169649481773376, 0.01667098142206669, 0.022320449352264404, 1.0]], "wheel_velocity_fl": -72.34919738769531, "wheel_velocity_fr": -280.4061584472656, "wheel_velocity_rl": -81.86695098876953, "wheel_velocity_rr": -252.692138671875}}, {"current_time": 0.8500000443309546, "current_time_step": 51, "data": {"base_link_transform_matrix": [[0.9781485658687024, -0.20790678312762909, -0.0003906642058802946, 0.0], [0.2079063469949193, 0.9781482833408227, -0.0009416350831105245, 0.0], [0.0005778998433541428, 0.0008398374381699727, 0.9999994803522892, 0.0], [-0.19841505587100983, 0.01797661744058132, 0.02232632040977478, 1.0]], "wheel_velocity_fl": -77.1350326538086, "wheel_velocity_fr": -252.82679748535156, "wheel_velocity_rl": -78.69487762451172, "wheel_velocity_rr": -255.9047393798828}}, {"current_time": 0.8666667118668556, "current_time_step": 52, "data": {"base_link_transform_matrix": [[0.9766636373365504, -0.21477333143866006, -0.0007453906885898209, 0.0], [0.21477263528845741, 0.9766636464612641, -0.0009147744191930415, 0.0], [0.000924465137481362, 0.0007333373890835925, 0.9999993037899993, 0.0], [-0.20520587265491486, 0.019458044320344925, 0.022114992141723633, 1.0]], "wheel_velocity_fl": -76.923583984375, "wheel_velocity_fr": -262.2312927246094, "wheel_velocity_rl": -77.60708618164062, "wheel_velocity_rr": -250.0651397705078}}, {"current_time": 0.8833333794027567, "current_time_step": 53, "data": {"base_link_transform_matrix": [[0.9751259023317755, -0.2216516630267848, 0.00012197992098241649, 0.0], [0.22165164982806979, 0.9751251914678963, -0.0011862095907475315, 0.0], [0.00014397963468429443, 0.0011837407482639432, 0.9999992890136001, 0.0], [-0.21181121468544006, 0.020801648497581482, 0.022183150053024292, 1.0]], "wheel_velocity_fl": -81.09365844726562, "wheel_velocity_fr": -236.1978302001953, "wheel_velocity_rl": -78.96978759765625, "wheel_velocity_rr": -254.3400421142578}}, {"current_time": 0.9000000469386578, "current_time_step": 54, "data": {"base_link_transform_matrix": [[0.973411391207561, -0.22906385577063443, 0.00011596055564545746, 0.0], [0.22906388510610476, 0.9734112603722449, -0.0005046985386877708, 0.0], [2.7308826493148934e-06, 0.0005178416820796971, 0.9999998659162583, 0.0], [-0.2187054455280304, 0.022405998781323433, 0.02216498553752899, 1.0]], "wheel_velocity_fl": -78.10942077636719, "wheel_velocity_fr": -242.66299438476562, "wheel_velocity_rl": -80.33951568603516, "wheel_velocity_rr": -253.59268188476562}}, {"current_time": 0.9166667144745588, "current_time_step": 55, "data": {"base_link_transform_matrix": [[0.9715886508499804, -0.23667583062340716, 0.0002115141490846507, 0.0], [0.23667582715332217, 0.9715886738258438, 4.1648876919544566e-05, 0.0], [-0.00021536203414402287, 9.594710053563621e-06, 0.9999999767635677, 0.0], [-0.22559306025505066, 0.023978035897016525, 0.022145181894302368, 1.0]], "wheel_velocity_fl": -79.57303619384766, "wheel_velocity_fr": -248.36016845703125, "wheel_velocity_rl": -79.51127624511719, "wheel_velocity_rr": -250.751220703125}}, {"current_time": 0.9333333820104599, "current_time_step": 56, "data": {"base_link_transform_matrix": [[0.9696933624964648, -0.2443251248396973, 0.00012689509920011036, 0.0], [0.24432492132078895, 0.9696930157861928, 0.0008876694591767607, 0.0], [-0.0003399292428615917, -0.0008297635475264707, 0.9999995979702017, 0.0], [-0.23254534602165222, 0.025645093992352486, 0.021958932280540466, 1.0]], "wheel_velocity_fl": -71.68098449707031, "wheel_velocity_fr": -290.7605895996094, "wheel_velocity_rl": -81.5877685546875, "wheel_velocity_rr": -237.40740966796875}}, {"current_time": 0.950000049546361, "current_time_step": 57, "data": {"base_link_transform_matrix": [[0.9677682039110576, -0.2518417841574121, 0.0006474960827444809, 0.0], [0.25184186010292076, 0.9677684000389968, -3.722715707331269e-05, 0.0], [-0.0006172508943726927, 0.0001990938768252794, 0.9999997896814586, 0.0], [-0.2393067181110382, 0.027033383026719093, 0.02220633625984192, 1.0]], "wheel_velocity_fl": -76.55523681640625, "wheel_velocity_fr": -266.2396240234375, "wheel_velocity_rl": -78.56301879882812, "wheel_velocity_rr": -245.1929473876953}}, {"current_time": 0.966666717082262, "current_time_step": 58, "data": {"base_link_transform_matrix": [[0.9657898145871519, -0.25932609249964134, 0.00010857523780369297, 0.0], [0.2593260505138545, 0.9657897847114969, 0.0003021122412971258, 0.0], [-0.0001832064425753206, -0.0002636205379036258, 0.9999999484698043, 0.0], [-0.24614498019218445, 0.028877142816781998, 0.021997123956680298, 1.0]], "wheel_velocity_fl": -74.25477600097656, "wheel_velocity_fr": -254.51388549804688, "wheel_velocity_rl": -81.75917053222656, "wheel_velocity_rr": -265.0341796875}}, {"current_time": 0.9833333846181631, "current_time_step": 59, "data": {"base_link_transform_matrix": [[0.9637085472161718, -0.26695242103812794, -0.0014969717357422045, 0.0], [0.2669526365048763, 0.9637096484611295, -5.767167047092243e-05, 0.0], [0.0014580416972658926, -0.00034404186986459996, 0.9999988778741709, 0.0], [-0.2532411813735962, 0.03066086396574974, 0.02250516414642334, 1.0]], "wheel_velocity_fl": -80.68238830566406, "wheel_velocity_fr": -251.7042999267578, "wheel_velocity_rl": -76.498046875, "wheel_velocity_rr": -244.74551391601562}}, {"current_time": 1.0000000521540642, "current_time_step": 60, "data": {"base_link_transform_matrix": [[0.9616318156451898, -0.274342503867517, -0.0006646131484437656, 0.0], [0.2743424392276038, 0.9616320453116132, -0.0001883306987884748, 0.0], [0.0006907804167397185, -1.2268004691118843e-06, 0.9999997614104269, 0.0], [-0.25973495841026306, 0.032510727643966675, 0.02224363386631012, 1.0]], "wheel_velocity_fl": -82.1541976928711, "wheel_velocity_fr": -257.8567810058594, "wheel_velocity_rl": -76.34833526611328, "wheel_velocity_rr": -238.14944458007812}}, {"current_time": 1.0166667196899652, "current_time_step": 61, "data": {"base_link_transform_matrix": [[0.9595488766117917, -0.2815414787882312, -0.0005908593610707623, 0.0], [0.2815413002978554, 0.9595490403717287, -0.0003678971152738591, 0.0], [0.0006705368307862293, 0.0001866639508607279, 0.9999997577684346, 0.0], [-0.2665170729160309, 0.03447704389691353, 0.022167205810546875, 1.0]], "wheel_velocity_fl": -55.2154426574707, "wheel_velocity_fr": -272.7278137207031, "wheel_velocity_rl": -75.3948974609375, "wheel_velocity_rr": -247.31997680664062}}, {"current_time": 1.0333333872258663, "current_time_step": 62, "data": {"base_link_transform_matrix": [[0.9573911896518504, -0.2887927365355284, 0.0009302157467296061, 0.0], [0.28879372116936786, 0.9573905949851993, -0.0011980179612828578, 0.0], [-0.0005446009217684678, 0.001415612308165265, 0.999998849725153, 0.0], [-0.2730371654033661, 0.03637350723147392, 0.022186920046806335, 1.0]], "wheel_velocity_fl": -61.0444221496582, "wheel_velocity_fr": -254.2884979248047, "wheel_velocity_rl": -89.4596939086914, "wheel_velocity_rr": -371.0517272949219}}, {"current_time": 1.0500000547617674, "current_time_step": 63, "data": {"base_link_transform_matrix": [[0.9552980876007509, -0.29564319917752074, 0.0008140064060177352, 0.0], [0.29564396928817144, 0.9552975737627729, -0.0010904065728665144, 0.0], [-0.0004552470570896444, 0.0012823193986677519, 0.9999990742031099, 0.0], [-0.27970385551452637, 0.03843684867024422, 0.022273585200309753, 1.0]], "wheel_velocity_fl": -82.5355224609375, "wheel_velocity_fr": -254.27182006835938, "wheel_velocity_rl": -83.5137710571289, "wheel_velocity_rr": -253.08444213867188}}, {"current_time": 1.0666667222976685, "current_time_step": 64, "data": {"base_link_transform_matrix": [[0.9530900850564094, -0.3026864482142319, 0.0004514804751299763, 0.0], [0.30268657643746993, 0.9530901190263805, -0.0002479089419398971, 0.0], [-0.00035526290266338026, 0.00037293663390519573, 0.9999998673532597, 0.0], [-0.28626659512519836, 0.04071047157049179, 0.02225017547607422, 1.0]], "wheel_velocity_fl": -76.19700622558594, "wheel_velocity_fr": -254.6950225830078, "wheel_velocity_rl": -84.72261810302734, "wheel_velocity_rr": -253.03253173828125}}, {"current_time": 1.0833333898335695, "current_time_step": 65, "data": {"base_link_transform_matrix": [[0.9508550575878042, -0.30963621312738443, 0.0002738244447287988, 0.0], [0.30963621604940084, 0.9508550955007329, 3.272462248771121e-05, 0.0], [-0.0002705000967261553, 5.366959212756177e-05, 0.9999999619746356, 0.0], [-0.2928158938884735, 0.042798466980457306, 0.022282779216766357, 1.0]], "wheel_velocity_fl": -54.70793533325195, "wheel_velocity_fr": -255.76083374023438, "wheel_velocity_rl": -77.48485565185547, "wheel_velocity_rr": -241.2760009765625}}, {"current_time": 1.1000000573694706, "current_time_step": 66, "data": {"base_link_transform_matrix": [[0.9485501207058867, -0.3166264572075514, 0.0005959069073620435, 0.0], [0.31662644550069236, 0.9485503046578411, 0.00011637488558573198, 0.0], [-0.0006020950462569226, 7.829247415787433e-05, 0.9999998156759049, 0.0], [-0.29941290616989136, 0.045032110065221786, 0.022229522466659546, 1.0]], "wheel_velocity_fl": -75.6775131225586, "wheel_velocity_fr": -243.82720947265625, "wheel_velocity_rl": -88.0093002319336, "wheel_velocity_rr": -251.70834350585938}}, {"current_time": 1.1166667249053717, "current_time_step": 67, "data": {"base_link_transform_matrix": [[0.9460714308545556, -0.3239575780089473, 0.0005791125888954513, 0.0], [0.323957224833727, 0.9460715210024725, 0.0006273962848479217, 0.0], [-0.0007511317086991435, -0.0004059539937540602, 0.9999996355011891, 0.0], [-0.30612853169441223, 0.04738965258002281, 0.02217327058315277, 1.0]], "wheel_velocity_fl": -76.47452545166016, "wheel_velocity_fr": -244.13339233398438, "wheel_velocity_rl": -78.60383605957031, "wheel_velocity_rr": -254.2743377685547}}, {"current_time": 1.1333333924412727, "current_time_step": 68, "data": {"base_link_transform_matrix": [[0.943567478067849, -0.33117859799580407, 0.0010726426305211689, 0.0], [0.3311771435235271, 0.943567655103811, 0.0013341100001966993, 0.0], [-0.0014539395710825677, -0.0009035880859531343, 0.9999985347930739, 0.0], [-0.31278517842292786, 0.04975075647234917, 0.021956533193588257, 1.0]], "wheel_velocity_fl": -84.63935089111328, "wheel_velocity_fr": -244.29478454589844, "wheel_velocity_rl": -86.32408905029297, "wheel_velocity_rr": -218.2854766845703}}, {"current_time": 1.1500000599771738, "current_time_step": 69, "data": {"base_link_transform_matrix": [[0.9410520319009058, -0.3382618412500051, 3.054967154082842e-06, 0.0], [0.33826150281491657, 0.9410511030659493, 0.0014061051718614968, 0.0], [-0.00047850660463520477, -0.0013221847512660439, 0.9999990114289677, 0.0], [-0.31971579790115356, 0.05205855891108513, 0.02229250967502594, 1.0]], "wheel_velocity_fl": -72.06119537353516, "wheel_velocity_fr": -252.79043579101562, "wheel_velocity_rl": -76.77053833007812, "wheel_velocity_rr": -244.94003295898438}}, {"current_time": 1.1666667275130749, "current_time_step": 70, "data": {"base_link_transform_matrix": [[0.938584768684834, -0.34504866703805953, -0.0002221893225074031, 0.0], [0.34504846704186815, 0.9385830276295892, 0.0018589345686898702, 0.0], [-0.0004328797680114442, -0.001821433757278274, 0.9999982474955516, 0.0], [-0.3263375759124756, 0.05458903685212135, 0.022232964634895325, 1.0]], "wheel_velocity_fl": -82.99349212646484, "wheel_velocity_fr": -253.67984008789062, "wheel_velocity_rl": -76.07794189453125, "wheel_velocity_rr": -250.3221435546875}}, {"current_time": 1.183333395048976, "current_time_step": 71, "data": {"base_link_transform_matrix": [[0.9360765377728695, -0.35179452877344153, -0.0011510674305906753, 0.0], [0.35179636229436484, 0.9360731327399773, 0.002531726449847117, 0.0], [0.00018683578234074535, -0.002774831064598208, 0.9999961326949987, 0.0], [-0.3330843448638916, 0.0572204664349556, 0.022299528121948242, 1.0]], "wheel_velocity_fl": -70.42001342773438, "wheel_velocity_