{"Isaac Sim Data": [{"current_time": 0, "current_time_step": 0, "data": {"base_link_transform_matrix": [[1.0, 0.0, 0.0, 0.0], [0.0, 1.0, 0.0, 0.0], [0.0, 0.0, 1.0, 0.0], [0.0, 0.0, 0.025, 1.0]], "wheel_velocity_fl": 64.98941802978516, "wheel_velocity_fr": 243.6653594970703, "wheel_velocity_rl": 76.02393341064453, "wheel_velocity_rr": 274.2960510253906}}, {"current_time": 0.01666666753590107, "current_time_step": 1, "data": {"base_link_transform_matrix": [[1.0, 0.0, 0.0, 0.0], [0.0, 1.0, 0.0, 0.0], [0.0, 0.0, 1.0, 0.0], [-5.513044015970081e-05, -2.6503359549678862e-05, 0.02227744422852993, 1.0]], "wheel_velocity_fl": -0.10521845519542694, "wheel_velocity_fr": -0.10522428154945374, "wheel_velocity_rl": -0.13437622785568237, "wheel_velocity_rr": -0.000880925974342972}}, {"current_time": 0.03333333507180214, "current_time_step": 2, "data": {"base_link_transform_matrix": [[0.9999990399247103, -0.0003008875423004991, -0.0013526331152460536, 0.0], [0.0003009992604944983, 0.9999999513056397, 8.239031139877866e-05, 0.0], [0.0013526082591621433, -8.2797373865286e-05, 0.9999990817973246, 0.0], [-0.0001555650815134868, -2.0074558051419444e-05, 0.021855130791664124, 1.0]], "wheel_velocity_fl": -6.0445756912231445, "wheel_velocity_fr": -1.8777235746383667, "wheel_velocity_rl": 10.220793724060059, "wheel_velocity_rr": 5.946486949920654}}, {"current_time": 0.05000000260770321, "current_time_step": 3, "data": {"base_link_transform_matrix": [[0.9999988266688024, -0.0005571660007830598, -0.0014269642833944246, 0.0], [0.0005573965857956333, 0.9999998316619977, 0.00016119870459140961, 0.0], [0.0014268742287445394, -0.0001619939004715569, 0.9999989688934242, 0.0], [3.886816557496786e-05, -0.00010975077020702884, 0.02185748517513275, 1.0]], "wheel_velocity_fl": 1.144905686378479, "wheel_velocity_fr": -0.9749365448951721, "wheel_velocity_rl": 2.5472984313964844, "wheel_velocity_rr": 1.558842658996582}}, {"current_time": 0.06666667014360428, "current_time_step": 4, "data": {"base_link_transform_matrix": [[0.9999986278216852, -0.000830733130046597, -0.0014332610415870256, 0.0], [0.0008308672861603049, 0.9999996505043668, 9.30091235082748e-05, 0.0], [0.0014331832749082554, -9.419984559515515e-05, 0.9999989685555128, 0.0], [0.00012306071585044265, -0.00019781783339567482, 0.021839559078216553, 1.0]], "wheel_velocity_fl": 1.329726219177246, "wheel_velocity_fr": -2.0613632202148438, "wheel_velocity_rl": 0.857503354549408, "wheel_velocity_rr": -0.5252689719200134}}, {"current_time": 0.08333333767950535, "current_time_step": 5, "data": {"base_link_transform_matrix": [[0.9999983947930039, -0.0010659685267140828, -0.0014401814175916423, 0.0], [0.0010660482146124947, 0.9999994302817522, 5.4565328451624985e-05, 0.0], [0.0014401224321712292, -5.6100543691919666e-05, 0.9999989614495154, 0.0], [0.0001665489689912647, -0.0002513552026357502, 0.021829068660736084, 1.0]], "wheel_velocity_fl": -0.43431180715560913, "wheel_velocity_fr": -2.8853468894958496, "wheel_velocity_rl": 1.6694613695144653, "wheel_velocity_rr": -1.335944414138794}}, {"current_time": 0.10000000521540642, "current_time_step": 6, "data": {"base_link_transform_matrix": [[0.9999981134978252, -0.0012910730090933936, -0.0014512516239212439, 0.0], [0.0012911138317364468, 0.9999991661424662, 2.7192751626622202e-05, 0.0], [0.001451215305956476, -2.906643137241182e-05, 0.9999989465640843, 0.0], [0.0002112432848662138, -0.0003071519313380122, 0.021819978952407837, 1.0]], "wheel_velocity_fl": -0.43417811393737793, "wheel_velocity_fr": -3.289358377456665, "wheel_velocity_rl": 2.105138063430786, "wheel_velocity_rr": -1.0948745012283325}}, {"current_time": 0.11666667275130749, "current_time_step": 7, "data": {"base_link_transform_matrix": [[0.9999977833168187, -0.0015121691622450302, -0.0014651641115129368, 0.0], [0.001512174606980467, 0.9999988566599237, 2.6083405903536864e-06, 0.0], [0.0014651584920798843, -4.823918772977929e-06, 0.9999989266430854, 0.0], [0.00025553599698469043, -0.0003683336835820228, 0.021810561418533325, 1.0]], "wheel_velocity_fl": -0.4747917950153351, "wheel_velocity_fr": -3.5417749881744385, "wheel_velocity_rl": 2.015901565551758, "wheel_velocity_rr": -0.9871260523796082}}, {"current_time": 0.13333334028720856, "current_time_step": 8, "data": {"base_link_transform_matrix": [[0.9999974022301276, -0.001734897236687208, -0.0014783993285017313, 0.0], [0.0017348647173727125, 0.9999984948501308, -2.3278428756429655e-05, 0.0], [0.0014784374889708996, 2.0713545451223593e-05, 0.9999989068961727, 0.0], [0.00030040883575566113, -0.0004305402981117368, 0.02180132269859314, 1.0]], "wheel_velocity_fl": -0.3541138768196106, "wheel_velocity_fr": -3.6430623531341553, "wheel_velocity_rl": -0.05056186392903328, "wheel_velocity_rr": -1.0839470624923706}}, {"current_time": 0.15000000782310963, "current_time_step": 9, "data": {"base_link_transform_matrix": [[0.9999969519331335, -0.0019911640344891356, -0.0014599281591706962, 0.0], [0.0019910611068573655, 0.9999980152473295, -7.195186308611202e-05, 0.0], [0.001460068529536375, 6.904483759549154e-05, 0.9999989317157791, 0.0], [0.00034529276308603585, -0.0004906996036879718, 0.021781787276268005, 1.0]], "wheel_velocity_fl": 1.2750380039215088, "wheel_velocity_fr": -2.4249444007873535, "wheel_velocity_rl": 1.2344944477081299, "wheel_velocity_rr": 0.6385588645935059}}, {"current_time": 0.1666666753590107, "current_time_step": 10, "data": {"base_link_transform_matrix": [[0.9999964060946253, -0.0022311598384715642, -0.001486513911319558, 0.0], [0.0022310203564334693, 0.9999975067124501, -9.548325785414031e-05, 0.0], [0.0014867232434231008, 9.216647190007125e-05, 0.999998890579054, 0.0], [0.0003715119673870504, -0.0005428030272014439, 0.02177220582962036, 1.0]], "wheel_velocity_fl": 1.1226898431777954, "wheel_velocity_fr": -1.364687204360962, "wheel_velocity_rl": 0.45246145129203796, "wheel_velocity_rr": 0.34280169010162354}}, {"current_time": 0.18333334289491177, "current_time_step": 11, "data": {"base_link_transform_matrix": [[0.9999957836732413, -0.0024829168087860563, -0.001505908317515804, 0.0], [0.0024827616050837054, 0.9999969124381339, -0.00010492383596583422, 0.0], [0.001506164185086671, 0.00010118458222115257, 0.9999988606149148, 0.0], [0.00039311646833084524, -0.0005904613644815981, 0.02176399528980255, 1.0]], "wheel_velocity_fl": 1.2697046995162964, "wheel_velocity_fr": -1.5391654968261719, "wheel_velocity_rl": 1.6473044157028198, "wheel_velocity_rr": 0.05906486138701439}}, {"current_time": 0.20000001043081284, "current_time_step": 12, "data": {"base_link_transform_matrix": [[0.9999950960835015, -0.0027383035983499725, -0.0015197046923260008, 0.0], [0.0027381297103492483, 0.9999962445307143, -0.00011649101698598592, 0.0], [0.0015200179728926935, 0.0001123292971547508, 0.9999988384630709, 0.0], [0.00040337134851142764, -0.0006444420432671905, 0.021756738424301147, 1.0]], "wheel_velocity_fl": 1.4540640115737915, "wheel_velocity_fr": -0.5847375988960266, "wheel_velocity_rl": 1.5769433975219727, "wheel_velocity_rr": -0.5128978490829468}}, {"current_time": 0.2166666779667139, "current_time_step": 13, "data": {"base_link_transform_matrix": [[0.9999943050989545, -0.0030038313347895786, -0.0015384300345896579, 0.0], [0.0030036576282598394, 0.9999954823735983, -0.00011520957793146256, 0.0], [0.0015387691546777747, 0.00011058800471537747, 0.9999988099791829, 0.0], [0.0003967158845625818, -0.0007039393531158566, 0.021748170256614685, 1.0]], "wheel_velocity_fl": 1.5425409078598022, "wheel_velocity_fr": -2.195655584335327, "wheel_velocity_rl": 0.7033616304397583, "wheel_velocity_rr": -0.5153228640556335}}, {"current_time": 0.23333334550261497, "current_time_step": 14, "data": {"base_link_transform_matrix": [[0.9999938934925088, -0.003136341740561288, -0.0015415376023697129, 0.0], [0.0031361857068969335, 0.9999950767882756, -0.00010362636058519691, 0.0], [0.001541855020733841, 9.879117959485363e-05, 0.9999988064609867, 0.0], [0.0003782193234656006, -0.0007211717311292887, 0.02174384891986847, 1.0]], "wheel_velocity_fl": 1.3384095430374146, "wheel_velocity_fr": -0.6187488436698914, "wheel_velocity_rl": 0.027446215972304344, "wheel_velocity_rr": -0.062395378947257996}}, {"current_time": 0.25000001303851604, "current_time_step": 15, "data": {"base_link_transform_matrix": [[0.9999937770105951, -0.0031720368552146266, -0.0015440603204975988, 0.0], [0.0031718921895680092, 0.9999949649166606, -9.613149578070693e-05, 0.0], [0.0015443574786727673, 9.123330468461899e-05, 0.9999988033175151, 0.0], [0.00033309520222246647, -0.0007013079011812806, 0.021741792559623718, 1.0]], "wheel_velocity_fl": -0.4583134949207306, "wheel_velocity_fr": 0.1132780909538269, "wheel_velocity_rl": -3.7313084602355957, "wheel_velocity_rr": -0.4140104353427887}}, {"current_time": 0.2666666805744171, "current_time_step": 16, "data": {"base_link_transform_matrix": [[0.9999935739790216, -0.0032346958000038744, -0.0015455561279186895, 0.0], [0.00323456400309079, 0.9999947649326507, -8.776675036705866e-05, 0.0], [0.0015458319355670601, 8.276698615995742e-05, 0.9999988017759086, 0.0], [0.0002932013594545424, -0.0006741803954355419, 0.021740123629570007, 1.0]], "wheel_velocity_fl": -0.9450403451919556, "wheel_velocity_fr": -0.0452360175549984, "wheel_velocity_rl": -0.15674705803394318, "wheel_velocity_rr": -0.4740612506866455}}, {"current_time": 0.2833333481103182, "current_time_step": 17, "data": {"base_link_transform_matrix": [[0.9999932900710605, -0.0033206470832304684, -0.0015469698783163936, 0.0], [0.0033205276756445227, 0.9999944838527292, -7.975004172620452e-05, 0.0], [0.0015472261667461669, 7.461275031475359e-05, 0.9999988002613436, 0.0], [0.0002646110369823873, -0.0006599118351005018, 0.021737918257713318, 1.0]], "wheel_velocity_fl": -0.654930830001831, "wheel_velocity_fr": -0.35463449358940125, "wheel_velocity_rl": 0.2346116602420807, "wheel_velocity_rr": -0.056661222130060196}}, {"current_time": 0.30000001564621925, "current_time_step": 18, "data": {"base_link_transform_matrix": [[0.999993035955485, -0.0033953931431077128, -0.0015489822257657218, 0.0], [0.0033952870445832623, 0.9999942334672799, -7.112012460845938e-05, 0.0], [0.0015492147742924669, 6.586039004131359e-05, 0.9999987977972734, 0.0], [0.00023940371465869248, -0.0006502473261207342, 0.0217360258102417, 1.0]], "wheel_velocity_fl": -0.8732179999351501, "wheel_velocity_fr": -0.5095788836479187, "wheel_velocity_rl": 1.8521595001220703, "wheel_velocity_rr": 0.17884604632854462}}, {"current_time": 0.3166666831821203, "current_time_step": 19, "data": {"base_link_transform_matrix": [[0.9999928310766795, -0.0034520318039457623, -0.001556043595871509, 0.0], [0.003451948762418632, 0.9999940404363317, -5.604963770001943e-05, 0.0], [0.0015562278076625689, 5.067785311942651e-05, 0.9999987877926482, 0.0], [0.00021473178640007973, -0.0006355831283144653, 0.02173800766468048, 1.0]], "wheel_velocity_fl": -1.4984588623046875, "wheel_velocity_fr": -3.1642000675201416, "wheel_velocity_rl": 0.6965208053588867, "wheel_velocity_rr": -0.08465080708265305}}, {"current_time": 0.3333333507180214, "current_time_step": 20, "data": {"base_link_transform_matrix": [[0.9999926335668095, -0.0034986057383295703, -0.0015787875108745056, 0.0], [0.003498576307724925, 0.999993879734144, -2.1402649692323953e-05, 0.0], [0.001578852727708238, 1.587898345065734e-05, 0.9999987534851842, 0.0], [0.00018967193318530917, -0.0006143742939457297, 0.021742329001426697, 1.0]], "wheel_velocity_fl": -2.301410436630249, "wheel_velocity_fr": -0.42053914070129395, "wheel_velocity_rl": 0.1831497848033905, "wheel_velocity_rr": -0.7439973950386047}}, {"current_time": 0.35000001825392246, "current_time_step": 21, "data": {"base_link_transform_matrix": [[0.9999924555324825, -0.0035480508594590726, -0.0015812062530801765, 0.0], [0.0035480309967732553, 0.9999937056001463, -1.5366647814364782e-05, 0.0], [0.0015812508219837534, 9.756363082969331e-06, 0.9999987497745442, 0.0], [0.00017596528050489724, -0.000600528612267226, 0.021745294332504272, 1.0]], "wheel_velocity_fl": -2.0430262088775635, "wheel_velocity_fr": -0.7532089352607727, "wheel_velocity_rl": 0.1173880472779274, "wheel_velocity_rr": -0.692057192325592}}, {"current_time": 0.36666668578982353, "current_time_step": 22, "data": {"base_link_transform_matrix": [[0.9999923479194421, -0.003575313764500082, -0.0015878394272440415, 0.0], [0.003575288122676623, 0.9999936084567393, -1.8987085896329444e-05, 0.0], [0.0015878971632892042, 1.3309957160675334e-05, 0.9999987392019272, 0.0], [0.00015729371807537973, -0.0005817129858769476, 0.021745875477790833, 1.0]], "wheel_velocity_fl": -1.9809730052947998, "wheel_velocity_fr": 0.5137917995452881, "wheel_velocity_rl": -0.6809660792350769, "wheel_velocity_rr": -1.0428361892700195}}, {"current_time": 0.3833333533257246, "current_time_step": 23, "data": {"base_link_transform_matrix": [[0.9999922248206623, -0.00362063535992455, -0.0015624652995708888, 0.0], [0.0036205603316520393, 0.9999934444573478, -5.084500045129574e-05, 0.0], [0.001562639147969484, 4.518760523908962e-05, 0.9999987780577402, 0.0], [0.00014173693489283323, -0.0005730781122110784, 0.02174268662929535, 1.0]], "wheel_velocity_fl": -2.490292549133301, "wheel_velocity_fr": -0.8785380125045776, "wheel_velocity_rl": -0.4752063751220703, "wheel_velocity_rr": -0.7038192749023438}}, {"current_time": 0.40000002086162567, "current_time_step": 24, "data": {"base_link_transform_matrix": [[0.9999920932664442, -0.003662301499189283, -0.0015495006693238833, 0.0], [0.003662224557509534, 0.9999932926555406, -5.249019731821306e-05, 0.0], [0.0015496825112174852, 4.681516288913319e-05, 0.9999987981455053, 0.0], [0.00013776123523712158, -0.000553982681594789, 0.021738827228546143, 1.0]], "wheel_velocity_fl": -2.193660020828247, "wheel_velocity_fr": 0.9705023169517517, "wheel_velocity_rl": 0.022729549556970596, "wheel_velocity_rr": -0.5940464735031128}}, {"current_time": 0.41666668839752674, "current_time_step": 25, "data": {"base_link_transform_matrix": [[0.9999918689908162, -0.003724807881423732, -0.0015452373606680907, 0.0], [0.003724726157155713, 0.9999930616287409, -5.5762275008932137e-05, 0.0], [0.0015454343429990383, 5.000623558906723e-05, 0.9999988045653194, 0.0], [0.00012456069816835225, -0.0005474457866512239, 0.021738842129707336, 1.0]], "wheel_velocity_fl": -1.8030471801757812, "wheel_velocity_fr": 0.7108428478240967, "wheel_velocity_rl": -0.7522430419921875, "wheel_velocity_rr": -0.7038257718086243}}, {"current_time": 0.4333333559334278, "current_time_step": 26, "data": {"base_link_transform_matrix": [[0.9999916616816559, -0.0037863802819395765, -0.0015296703963029235, 0.0], [0.0037862767158431433, 0.9999928295367764, -7.059506199984162e-05, 0.0], [0.0015299267276083612, 6.480271795130482e-05, 0.9999988275617206, 0.0], [0.0001184972352348268, -0.0005406250711530447, 0.021736517548561096, 1.0]], "wheel_velocity_fl": -1.5954718589782715, "wheel_velocity_fr": -0.3956233561038971, "wheel_velocity_rl": -0.29499197006225586, "wheel_velocity_rr": -0.33100995421409607}}, {"current_time": 0.4500000234693289, "current_time_step": 27, "data": {"base_link_transform_matrix": [[0.9999914054914729, -0.003858432903728898, -0.0015170493452763964, 0.0], [0.003858303592380758, 0.999992552833214, -8.815611589285461e-05, 0.0], [0.0015173781920151254, 8.230212129566607e-05, 0.999998845394225, 0.0], [0.00012421098654158413, -0.0005293618887662888, 0.02173176407814026, 1.0]], "wheel_velocity_fl": -0.8998554348945618, "wheel_velocity_fr": -0.8579383492469788, "wheel_velocity_rl": 0.4488510191440582, "wheel_velocity_rr": 0.3539761006832123}}, {"current_time": 0.46666669100522995, "current_time_step": 28, "data": {"base_link_transform_matrix": [[0.9999911626124077, -0.003922933760872879, -0.0015117168362476835, 0.0], [0.003922799014977408, 0.9999923015541066, -9.208913612195325e-05, 0.0], [0.0015120664579585158, 8.615816097840713e-05, 0.9999988531152413, 0.0], [0.00013037535245530307, -0.0005131175857968628, 0.021731004118919373, 1.0]], "wheel_velocity_fl": -0.5760250687599182, "wheel_velocity_fr": -0.8004250526428223, "wheel_velocity_rl": 0.6257084012031555, "wheel_velocity_rr": 0.4063839912414551}}, {"current_time": 0.483333358541131, "current_time_step": 29, "data": {"base_link_transform_matrix": [[0.9999909747911481, -0.003972331168405036, -0.0015069576430943822, 0.0], [0.003972192820540127, 0.9999921063185658, -9.478794482009747e-05, 0.0], [0.0015073222767584106, 8.880116300834123e-05, 0.999998860046304, 0.0], [0.0001283575256820768, -0.0004950947477482259, 0.02173006534576416, 1.0]], "wheel_velocity_fl": -0.7080337405204773, "wheel_velocity_fr": -0.7922945022583008, "wheel_velocity_rl": 0.40197864174842834, "wheel_velocity_rr": 0.3181815445423126}}, {"current_time": 0.5000000260770321, "current_time_step": 30, "data": {"base_link_transform_matrix": [[0.9999983024959948, -0.0017144555659846697, -0.000675016474851737, 0.0], [0.0017139847375375451, 0.9999982878956555, -0.0006974683341791337, 0.0], [0.0006762110976207293, 0.0006963101822883605, 0.9999995289452298, 0.0], [0.001966058276593685, -0.0007661109557375312, 0.021984100341796875, 1.0]], "wheel_velocity_fl": 75.88175201416016, "wheel_velocity_fr": 348.74798583984375, "wheel_velocity_rl": 16.3437557220459, "wheel_velocity_rr": 205.6053009033203}}, {"current_time": 0.5166666936129332, "current_time_step": 31, "data": {"base_link_transform_matrix": [[0.999998129832479, 0.0018597300020764852, -0.0005307879649823767, 0.0], [-0.0018599444992716463, 0.9999981887324649, -0.00040390376211995064, 0.0], [0.0005300358516390017, 0.00040489024290800174, 0.9999997775629188, 0.0], [0.005481789819896221, -0.001094376901164651, 0.022143840789794922, 1.0]], "wheel_velocity_fl": 76.29573822021484, "wheel_velocity_fr": 254.8275604248047, "wheel_velocity_rl": 28.666255950927734, "wheel_velocity_rr": 221.68663024902344}}, {"current_time": 0.5333333611488342, "current_time_step": 32, "data": {"base_link_transform_matrix": [[0.9999787801028879, 0.0064832708541219105, -0.0006376072241138221, 0.0], [-0.006483626456451696, 0.9999788258131935, -0.00055723714884561, 0.0], [0.0006339810039334047, 0.0005613593313977337, 0.9999996414718296, 0.0], [0.010137232020497322, -0.0016977095510810614, 0.022191286087036133, 1.0]], "wheel_velocity_fl": 89.11092376708984, "wheel_velocity_fr": 234.61940002441406, "wheel_velocity_rl": 42.54958724975586, "wheel_velocity_rr": 292.79718017578125}}, {"current_time": 0.5500000286847353, "current_time_step": 33, "data": {"base_link_transform_matrix": [[0.9999217477827573, 0.012508885308975107, -0.00016155309560834109, 0.0], [-0.012508863107516616, 0.9999217516281578, 0.0001377121420420682, 0.0], [0.00016326307973210118, -0.0001356805202040519, 0.9999999774679814, 0.0], [0.015904027968645096, -0.0017537456005811691, 0.02234935760498047, 1.0]], "wheel_velocity_fl": 69.3118896484375, "wheel_velocity_fr": 215.85067749023438, "wheel_velocity_rl": 80.79666137695312, "wheel_velocity_rr": 254.6587677001953}}, {"current_time": 0.5666666962206364, "current_time_step": 34, "data": {"base_link_transform_matrix": [[0.9998128605102264, 0.01934449739911779, -0.0001854150318067436, 0.0], [-0.0193444553108121, 0.9998128529375979, 0.00022616257269233634, 0.0], [0.00018975533322744046, -0.00022253349594713846, 0.9999999572358774, 0.0], [0.02214566245675087, -0.0017033247277140617, 0.022512465715408325, 1.0]], "wheel_velocity_fl": 78.28538513183594, "wheel_velocity_fr": 234.3383026123047, "wheel_velocity_rl": 75.63142395019531, "wheel_velocity_rr": 234.8667449951172}}, {"current_time": 0.5833333637565374, "current_time_step": 35, "data": {"base_link_transform_matrix": [[0.9996469385704886, 0.026567443223860697, -0.00041129940034312216, 0.0], [-0.026567589171850682, 0.9996469567862948, -0.000353544191551576, 0.0], [0.00040176142864485777, 0.0003643466022288559, 0.9999998529196431, 0.0], [0.02880169451236725, -0.0016324874013662338, 0.022454559803009033, 1.0]], "wheel_velocity_fl": 74.61243438720703, "wheel_velocity_fr": 239.00465393066406, "wheel_velocity_rl": 84.28829193115234, "wheel_velocity_rr": 254.2938232421875}}, {"current_time": 0.6000000312924385, "current_time_step": 36, "data": {"base_link_transform_matrix": [[0.9994247217256922, 0.03390807785304692, -0.0006840028029182461, 0.0], [-0.03390846036736676, 0.9994247883759808, -0.0005556034023018326, 0.0], [0.0006647699131344776, 0.0005784772576692779, 0.9999996117224371, 0.0], [0.035623691976070404, -0.001505018211901188, 0.022332891821861267, 1.0]], "wheel_velocity_fl": 104.44158935546875, "wheel_velocity_fr": 276.0372009277344, "wheel_velocity_rl": 70.47085571289062, "wheel_velocity_rr": 253.89739990234375}}, {"current_time": 0.6166666988283396, "current_time_step": 37, "data": {"base_link_transform_matrix": [[0.9991682050008766, 0.0407724829934755, -0.0007090457482234178, 0.0], [-0.040773539019807715, 0.9991672192833367, -0.0015448059439980432, 0.0], [0.0006454696945171852, 0.0015724312866212259, 0.9999985554133177, 0.0], [0.0423574298620224, -0.0015370836481451988, 0.02236597239971161, 1.0]], "wheel_velocity_fl": 85.62554931640625, "wheel_velocity_fr": 316.0780334472656, "wheel_velocity_rl": 82.45587158203125, "wheel_velocity_rr": 254.89198303222656}}, {"current_time": 0.6333333663642406, "current_time_step": 38, "data": {"base_link_transform_matrix": [[0.9988485966418716, 0.04797310086021524, -0.0002501607867918896, 0.0], [-0.047973274884453423, 0.9988483428871646, -0.0007435108780736718, 0.0], [0.00021420416499793278, 0.0007546558293419313, 0.9999996923055301, 0.0], [0.04909965395927429, -0.0010671006748452783, 0.022235140204429626, 1.0]], "wheel_velocity_fl": 76.99057006835938, "wheel_velocity_fr": 247.2588653564453, "wheel_velocity_rl": 91.89311218261719, "wheel_velocity_rr": 254.7183074951172}}, {"current_time": 0.6500000339001417, "current_time_step": 39, "data": {"base_link_transform_matrix": [[0.9984585553186212, 0.05550234167771474, 5.813210982265841e-05, 0.0], [-0.05550235992650657, 0.998458482585413, 0.0003828783395722442, 0.0], [-3.6791853739085314e-05, -0.0003855146230747598, 0.9999999250124146, 0.0], [0.05573740229010582, -0.0006796524976380169, 0.02222427725791931, 1.0]], "wheel_velocity_fl": 77.5632095336914, "wheel_velocity_fr": 246.1124267578125, "wheel_velocity_rl": 78.30569458007812, "wheel_velocity_rr": 254.08416748046875}}, {"current_time": 0.6666667014360428, "current_time_step": 40, "data": {"base_link_transform_matrix": [[0.9980099830920414, 0.06305559575425886, 0.0002559154132275534, 0.0], [-0.06305581896978359, 0.998009514879307, 0.0009858521289949538, 0.0], [-0.00019324252408598673, -0.0010000272225575606, 0.999999481301306, 0.0], [0.06249961256980896, -0.00039321419899351895, 0.022182375192642212, 1.0]], "wheel_velocity_fl": 92.19589233398438, "wheel_velocity_fr": 270.3599548339844, "wheel_velocity_rl": 76.81100463867188, "wheel_velocity_rr": 254.56588745117188}}, {"current_time": 0.6833333689719439, "current_time_step": 41, "data": {"base_link_transform_matrix": [[0.9975216900740795, 0.07035962653688896, -2.8023946495348588e-05, 0.0], [-0.07035960206721384, 0.9975215530261671, 0.0005269204941000866, 0.0], [6.502841980947743e-05, -0.0005236428680856219, 0.9999998607847159, 0.0], [0.0691681057214737, -0.00017106955056078732, 0.022163942456245422, 1.0]], "wheel_velocity_fl": 87.96739196777344, "wheel_velocity_fr": 254.69439697265625, "wheel_velocity_rl": 66.3137435913086, "wheel_velocity_rr": 251.45396423339844}}, {"current_time": 0.7000000365078449, "current_time_step": 42, "data": {"base_link_transform_matrix": [[0.9969730093443233, 0.0777483770681405, 9.220734224364708e-05, 0.0], [-0.07774840136336372, 0.9969729670799502, 0.00029832405489102254, 0.0], [-6.87340164750414e-05, -0.00030459000421791197, 0.999999951250281, 0.0], [0.07592933624982834, 0.00016245211008936167, 0.02214677631855011, 1.0]], "wheel_velocity_fl": 88.36085510253906, "wheel_velocity_fr": 254.7062225341797, "wheel_velocity_rl": 65.97639465332031, "wheel_velocity_rr": 278.1524658203125}}, {"current_time": 0.716666704043746, "current_time_step": 43, "data": {"base_link_transform_matrix": [[0.9963712283285078, 0.08511355889099928, 0.0002396915707900703, 0.0], [-0.08511356735378389, 0.9963712561147132, 2.531208020766724e-05, 0.0], [-0.00023666739023880208, -4.5621233102638025e-05, 0.9999999709536244, 0.0], [0.08260321617126465, 0.0007023363723419607, 0.022317439317703247, 1.0]], "wheel_velocity_fl": 81.26598358154297, "wheel_velocity_fr": 254.6748046875, "wheel_velocity_rl": 77.60738372802734, "wheel_velocity_rr": 248.57138061523438}}, {"current_time": 0.7333333715796471, "current_time_step": 44, "data": {"base_link_transform_matrix": [[0.9957134755537269, 0.09249110666707822, 0.00026417459543157427, 0.0], [-0.092490952892234, 0.9957133758905985, -0.0005447069250470746, 0.0], [-0.0003134227245485311, 0.0005179382654354194, 0.9999998167530577, 0.0], [0.08920425176620483, 0.0012794951908290386, 0.022429391741752625, 1.0]], "wheel_velocity_fl": 81.43929290771484, "wheel_velocity_fr": 254.38372802734375, "wheel_velocity_rl": 78.52400207519531, "wheel_velocity_rr": 248.10646057128906}}, {"current_time": 0.7500000391155481, "current_time_step": 45, "data": {"base_link_transform_matrix": [[0.9950134876558231, 0.09973782588504633, 0.0007248935917678692, 0.0], [-0.09973729065048208, 0.9950135298266574, -0.0007404833535706795, 0.0], [-0.000795133131282879, 0.0006644920013346179, 0.9999994631066977, 0.0], [0.09591907262802124, 0.002064007567241788, 0.022379755973815918, 1.0]], "wheel_velocity_fl": 81.66905975341797, "wheel_velocity_fr": 253.56752014160156, "wheel_velocity_rl": 76.37621307373047, "wheel_velocity_rr": 250.89927673339844}}, {"current_time": 0.7666667066514492, "current_time_step": 46, "data": {"base_link_transform_matrix": [[0.9942667644627843, 0.10692760714991938, 0.0002965027803424579, 0.0], [-0.10692747226658152, 0.9942667264418596, -0.0004385946508472032, 0.0], [-0.0003417007253158511, 0.0004043757915865009, 0.999999859860407, 0.0], [0.10247433930635452, 0.0028221725951880217, 0.022430047392845154, 1.0]], "wheel_velocity_fl": 90.68473052978516, "wheel_velocity_fr": 254.46702575683594, "wheel_velocity_rl": 72.38143157958984, "wheel_velocity_rr": 256.6275634765625}}, {"current_time": 0.7833333741873503, "current_time_step": 47, "data": {"base_link_transform_matrix": [[0.9934706183238375, 0.11408777260683763, 0.00033266929891516216, 0.0], [-0.11408750592356588, 0.9934704340718, -0.0007332239287242382, 0.0], [-0.0004141489976457905, 0.0006904830192289303, 0.9999996758568515, 0.0], [0.10929533839225769, 0.0034443289041519165, 0.02237468957901001, 1.0]], "wheel_velocity_fl": 89.76837158203125, "wheel_velocity_fr": 255.06309509277344, "wheel_velocity_rl": 75.03348541259766, "wheel_velocity_rr": 240.0315399169922}}, {"current_time": 0.8000000417232513, "current_time_step": 48, "data": {"base_link_transform_matrix": [[0.9925895553000861, 0.12151416687797423, 0.000530996355062129, 0.0], [-0.12151373421367687, 0.992589441647296, -0.000782769287270853, 0.0], [-0.0006221789333882512, 0.0007124452687972907, 0.9999995526574569, 0.0], [0.11623457819223404, 0.004086358938366175, 0.022175922989845276, 1.0]], "wheel_velocity_fl": 87.88211059570312, "wheel_velocity_fr": 257.0410461425781, "wheel_velocity_rl": 71.2338638305664, "wheel_velocity_rr": 241.9019775390625}}, {"current_time": 0.8166667092591524, "current_time_step": 49, "data": {"base_link_transform_matrix": [[0.9916670816517679, 0.12882599952559806, 0.0005108957785480757, 0.0], [-0.12882559501265403, 0.9916669757497053, -0.0007584702162516697, 0.0], [-0.0006043491553550793, 0.0006863334932091695, 0.9999995818541298, 0.0], [0.12319230288267136, 0.004683192819356918, 0.02217203378677368, 1.0]], "wheel_velocity_fl": 92.98818969726562, "wheel_velocity_fr": 260.4155578613281, "wheel_velocity_rl": 79.279052734375, "wheel_velocity_rr": 253.4147491455078}}, {"current_time": 0.8333333767950535, "current_time_step": 50, "data": {"base_link_transform_matrix": [[0.9906630772869086, 0.13632728499461222, 0.001240429937706413, 0.0], [-0.13632616096227973, 0.9906635530561348, -0.0009499913058674001, 0.0], [-0.001358358464902824, 0.0007720182591162122, 0.9999987794242993, 0.0], [0.13021238148212433, 0.005255135241895914, 0.022247955203056335, 1.0]], "wheel_velocity_fl": 79.44185638427734, "wheel_velocity_fr": 246.0507049560547, "wheel_velocity_rl": 79.23411560058594, "wheel_velocity_rr": 258.8645935058594}}, {"current_time": 0.8500000443309546, "current_time_step": 51, "data": {"base_link_transform_matrix": [[0.9896323934489206, 0.1436165130597401, 0.0014223266581049649, 0.0], [-0.14361594943787953, 0.9896333753885818, -0.0004913085169887204, 0.0], [-0.0014781419476120497, 0.0002819460301748362, 0.9999988678007684, 0.0], [0.13710421323776245, 0.006075432989746332, 0.022217899560928345, 1.0]], "wheel_velocity_fl": 80.40137481689453, "wheel_velocity_fr": 253.43133544921875, "wheel_velocity_rl": 79.77006530761719, "wheel_velocity_rr": 248.6448211669922}}, {"current_time": 0.8666667118668556, "current_time_step": 52, "data": {"base_link_transform_matrix": [[0.9885139623340415, 0.15111969383354273, 0.0017275434319672723, 0.0], [-0.15112131683666752, 0.9885148580129175, 0.0008503441968993146, 0.0], [-0.001579198595673722, -0.00110164574975613, 0.9999981462525005, 0.0], [0.1440727859735489, 0.006986040621995926, 0.02194555103778839, 1.0]], "wheel_velocity_fl": 69.912109375, "wheel_velocity_fr": 251.79307556152344, "wheel_velocity_rl": 85.06948852539062, "wheel_velocity_rr": 225.7502899169922}}, {"current_time": 0.8833333794027567, "current_time_step": 53, "data": {"base_link_transform_matrix": [[0.9874145272407076, 0.1581535521704642, 7.300598738884631e-05, 0.0], [-0.15815351666331065, 0.9874137195333721, 0.0012695055332880582, 0.0], [0.00012868969603373873, -0.0012650743596241138, 0.9999991915125865, 0.0], [0.15065357089042664, 0.007571220397949219, 0.02228367328643799, 1.0]], "wheel_velocity_fl": 82.50099182128906, "wheel_velocity_fr": 239.72412109375, "wheel_velocity_rl": 76.98057556152344, "wheel_velocity_rr": 250.47911071777344}}, {"current_time": 0.9000000469386578, "current_time_step": 54, "data": {"base_link_transform_matrix": [[0.9862176320701275, 0.16545280969209875, -0.00038724537560530753, 0.0], [-0.16545188904193625, 0.9862162797793568, 0.0017668929283675887, 0.0], [0.0006742450931147437, -0.0016784704810194845, 0.9999983640638612, 0.0], [0.1576492339372635, 0.008429547771811485, 0.022245168685913086, 1.0]], "wheel_velocity_fl": 78.46372985839844, "wheel_velocity_fr": 254.0935821533203, "wheel_velocity_rl": 77.56131744384766, "wheel_velocity_rr": 253.82374572753906}}, {"current_time": 0.9166667144745588, "current_time_step": 55, "data": {"base_link_transform_matrix": [[0.9850165664001027, 0.17245586398094045, -0.001157106710501472, 0.0], [-0.17245342075729667, 0.9850157325536846, 0.0019555794115832695, 0.0], [0.0014770194510953234, -0.0017267311069132836, 0.9999974184032804, 0.0], [0.16457819938659668, 0.00927931908518076, 0.022354736924171448, 1.0]], "wheel_velocity_fl": 79.71468353271484, "wheel_velocity_fr": 256.484130859375, "wheel_velocity_rl": 75.83435821533203, "wheel_velocity_rr": 266.9840087890625}}, {"current_time": 0.9333333820104599, "current_time_step": 56, "data": {"base_link_transform_matrix": [[0.9837841116780123, 0.17935662749054776, -0.00014759783600448663, 0.0], [-0.17935661805658887, 0.9837841216146304, 7.49548737464616e-05, 0.0], [0.00015864806081503931, -4.7266765186364545e-05, 0.9999999862983228, 0.0], [0.171828493475914, 0.010057861916720867, 0.02219124138355255, 1.0]], "wheel_velocity_fl": 100.17692565917969, "wheel_velocity_fr": 253.78048706054688, "wheel_velocity_rl": 83.88067626953125, "wheel_velocity_rr": 282.836181640625}}, {"current_time": 0.950000049546361, "current_time_step": 57, "data": {"base_link_transform_matrix": [[0.9825077205932508, 0.18622185417076395, 1.9640367033569405e-06, 0.0], [-0.18622184550433288, 0.9825076779793873, -0.00029490424360366547, 0.0], [-5.6847296187582754e-05, 0.00028937994963677675, 0.9999999565138139, 0.0], [0.17851285636425018, 0.011380382813513279, 0.022394299507141113, 1.0]], "wheel_velocity_fl": 77.18850708007812, "wheel_velocity_fr": 253.334228515625, "wheel_velocity_rl": 78.72599029541016, "wheel_velocity_rr": 249.6034698486328}}, {"current_time": 0.966666717082262, "current_time_step": 58, "data": {"base_link_transform_matrix": [[0.9811521225707717, 0.19323637668606924, 0.0004637888624827126, 0.0], [-0.1932363661989322, 0.9811522319136335, -6.77430998071046e-05, 0.0], [-0.0004681379087138064, -2.3154588304431353e-05, 0.9999998901553757, 0.0], [0.18532609939575195, 0.012849973514676094, 0.02218054234981537, 1.0]], "wheel_velocity_fl": 76.23767852783203, "wheel_velocity_fr": 253.3668212890625, "wheel_velocity_rl": 77.00900268554688, "wheel_velocity_rr": 160.34104919433594}}, {"current_time": 0.9833333846181631, "current_time_step": 59, "data": {"base_link_transform_matrix": [[0.9797177480217736, 0.2003810909170448, 0.0007433801447525789, 0.0], [-0.20038111287934623, 0.979718024496677, -4.558029494069515e-05, 0.0], [-0.0007374363560915876, -0.0001043035167844652, 0.99999972265416, 0.0], [0.19221879541873932, 0.014179668389260769, 0.022195428609848022, 1.0]], "wheel_velocity_fl": 68.82632446289062, "wheel_velocity_fr": 259.3827209472656, "wheel_velocity_rl": 107.7129898071289, "wheel_velocity_rr": 239.12796020507812}}, {"current_time": 1.0000000521540642, "current_time_step": 60, "data": {"base_link_transform_matrix": [[0.9782044155297925, 0.2076442119336416, -5.1850496380622945e-05, 0.0], [-0.2076442122358644, 0.9782042950769543, -0.00048807575876362434, 0.0], [-5.06257280309895e-05, 0.0004882043178106242, 0.9999998795467826, 0.0], [0.19894272089004517, 0.015337612479925156, 0.02224177122116089, 1.0]], "wheel_velocity_fl": 80.59379577636719, "wheel_velocity_fr": 246.67190551757812, "wheel_velocity_rl": 74.58358764648438, "wheel_velocity_rr": 244.50157165527344}}, {"current_time": 1.0166667196899652, "current_time_step": 61, "data": {"base_link_transform_matrix": [[0.976627425649297, 0.21493907609306295, -0.00025502526778132265, 0.0], [-0.21493916168891308, 0.9766273673811783, -0.00037690128204144073, 0.0], [0.0001680538425486749, 0.00042290704607045993, 0.9999998964537629, 0.0], [0.20597538352012634, 0.016632437705993652, 0.022312864661216736, 1.0]], "wheel_velocity_fl": 76.44902038574219, "wheel_velocity_fr": 297.6184997558594, "wheel_velocity_rl": 81.60630798339844, "wheel_velocity_rr": 253.8248291015625}}, {"current_time": 1.0333333872258663, "current_time_step": 62, "data": {"base_link_transform_matrix": [[0.9751157454784882, 0.22169633429836302, -0.0001351983748563737, 0.0], [-0.22169637548506285, 0.975115575237327, -0.0005762172880810718, 0.0], [4.088780542307172e-06, 0.0005918515401018959, 0.9999998248475028, 0.0], [0.21295179426670074, 0.017839625477790833, 0.0224035382270813, 1.0]], "wheel_velocity_fl": 76.4111557006836, "wheel_velocity_fr": 245.54246520996094, "wheel_velocity_rl": 79.1836166381836, "wheel_velocity_rr": 255.45713806152344}}, {"current_time": 1.0500000547617674, "current_time_step": 63, "data": {"base_link_transform_matrix": [[0.9734720715071679, 0.2288056376635439, -0.0003258357293256746, 0.0], [-0.22880567994314432, 0.9734721111174273, -9.850043030121166e-05, 0.0], [0.0002946545415389488, 0.00017044048352779924, 0.9999999420643697, 0.0], [0.21985389292240143, 0.019370170310139656, 0.022244632244110107, 1.0]], "wheel_velocity_fl": 76.869384765625, "wheel_velocity_fr": 248.7603759765625, "wheel_velocity_rl": 77.2563247680664, "wheel_velocity_rr": 255.316650390625}}, {"current_time": 1.0666667222976685, "current_time_step": 64, "data": {"base_link_transform_matrix": [[0.9717746606182133, 0.23591099249089129, -0.0001122600511114054, 0.0], [-0.23591097280249793, 0.9717746579160043, 0.0001647531849811953, 0.0], [0.00014795856015136833, -0.00013361959255632098, 0.9999999801270343, 0.0], [0.2268240600824356, 0.020939020439982414, 0.022218957543373108, 1.0]], "wheel_velocity_fl": 77.41534423828125, "wheel_velocity_fr": 248.27719116210938, "wheel_velocity_rl": 83.4183120727539, "wheel_velocity_rr": 250.8978729248047}}, {"current_time": 1.0833333898335695, "current_time_step": 65, "data": {"base_link_transform_matrix": [[0.9699584274686784, 0.24327067274306477, -0.0001696043195411044, 0.0], [-0.24327049670701165, 0.9699582235108346, 0.0007141957923035245, 0.0], [0.0003382519953457981, -0.0006514805005490542, 0.9999997305793362, 0.0], [0.2336973249912262, 0.022562675178050995, 0.022270336747169495, 1.0]], "wheel_velocity_fl": 87.21533966064453, "wheel_velocity_fr": 278.132568359375, "wheel_velocity_rl": 75.49417877197266, "wheel_velocity_rr": 253.23133850097656}}, {"current_time": 1.1000000573694706, "current_time_step": 66, "data": {"base_link_transform_matrix": [[0.9681380862961277, 0.25041684041476686, -0.00022781474193738486, 0.0], [-0.25041639785056613, 0.9681374741225189, 0.0012078440362573827, 0.0], [0.0005230204761005261, -0.001112311266753197, 0.9999992446063284, 0.0], [0.24048346281051636, 0.024275241419672966, 0.02223917841911316, 1.0]], "wheel_velocity_fl": 75.73157501220703, "wheel_velocity_fr": 245.10577392578125, "wheel_velocity_rl": 70.9984359741211, "wheel_velocity_rr": 251.7834014892578}}, {"current_time": 1.1166667249053717, "current_time_step": 67, "data": {"base_link_transform_matrix": [[0.9663019294794568, 0.25740740367927134, -0.001417609034786841, 0.0], [-0.257405565215782, 0.9663025052234316, 0.0013577167833226855, 0.0], [0.0017193255138687597, -0.0009470638925570467, 0.9999980734930247, 0.0], [0.24711231887340546, 0.026078026741743088, 0.021940261125564575, 1.0]], "wheel_velocity_fl": 83.2830810546875, "wheel_velocity_fr": 180.6950225830078, "wheel_velocity_rl": 61.49495315551758, "wheel_velocity_rr": 258.0335998535156}}, {"current_time": 1.1333333924412727, "current_time_step": 68, "data": {"base_link_transform_matrix": [[0.9645761325349675, 0.26379835308229055, -0.001820289799945451, 0.0], [-0.2638004890605223, 0.9645766938952334, -0.0010505072919772774, 0.0], [0.001478687023638056, 0.0014934876003527145, 0.9999977914872981, 0.0], [0.2541075646877289, 0.02761652134358883, 0.022311702370643616, 1.0]], "wheel_velocity_fl": 77.40988159179688, "wheel_velocity_fr": 238.60769653320312, "wheel_velocity_rl": 81.76216888427734, "wheel_velocity_rr": 250.46446228027344}}, {"current_time": 1.1500000599771738, "current_time_step": 69, "data": {"base_link_transform_matrix": [[0.962664881365197, 0.2706891192348781, -0.0019305216852460187, 0.0], [-0.2706923082812252, 0.9626645224603613, -0.0016405589129295706, 0.0], [0.001414363289032896, 0.0021018858224541672, 0.9999967908210886, 0.0], [0.2609878182411194, 0.029875176027417183, 0.02232298254966736, 1.0]], "wheel_velocity_fl": 91.41717529296875, "wheel_velocity_fr": 263.030517578125, "wheel_velocity_rl": 94.10684204101562, "wheel_velocity_rr": 254.71633911132812}}, {"current_time": 1.1666667275130749, "current_time_step": 70, "data": {"base_link_transform_matrix": [[0.9605758468375598, 0.2780176110761424, -0.0005004036567590176, 0.0], [-0.27801782453028057, 0.96057582202821, -0.0004235307292660236, 0.0], [0.00036292665236933934, 0.0005459545249655792, 0.9999997851089277, 0.0], [0.2678888738155365, 0.032452188432216644, 0.022240519523620605, 1.0]], "wheel_velocity_fl": 80.7320327758789, "wheel_velocity_fr": 258.6741943359375, "wheel_velocity_rl": 79.30339813232422, "wheel_velocity_rr": 253.52825927734375}}, {"current_time": 1.183333395048976, "current_time_step": 71, "data": {"base_link_transform_matrix": [[0.9586323575901722, 0.2846470327363102, -0.0002640748420522187, 0.0], [-0.2846471466276117, 0.9586321441746275, -0.0006434841996452791, 0.0], [6.998476401736635e-05, 0.0006920329256642801, 0.9999997580962521, 0.0], [0.274445503950119, 0.03448710963129997, 0.022242799401283264, 1.0]], "wheel_velocity_fl": 76.44161987304688, "wheel_velocity_fr": 239.42864990234375, "wheel_velocity_rl": 72.4994125366211, "