{"Isaac Sim Data": [{"current_time": 2.900000151246786, "current_time_step": 174, "data": {"base_link_transform_matrix": [[0.999907284943704, 0.013595610475137508, -0.0007621629213364003, 0.0], [-0.013595993790828481, 0.9999074451799828, -0.0005000264787709839, 0.0], [0.0007552942142517674, 0.0005103424811339446, 0.9999995845405146, 0.0], [0.00033103831810876727, 0.0057553378865122795, 0.02174784243106842, 1.0]], "wheel_velocity_fl": -1.6498534679412842, "wheel_velocity_fr": 1.013497233390808, "wheel_velocity_rl": 1.4220826625823975, "wheel_velocity_rr": 0.5461711883544922}}, {"current_time": 2.916666818782687, "current_time_step": 175, "data": {"base_link_transform_matrix": [[0.9999048413173143, 0.013773186043423624, -0.0007795231938407531, 0.0], [-0.013773576025227304, 0.9999050162143656, -0.0004971446737707402, 0.0], [0.0007726018856944707, 0.0005078341881122737, 0.9999995725952905, 0.0], [0.00034827759373001754, 0.005811545066535473, 0.021742671728134155, 1.0]], "wheel_velocity_fl": -1.631200909614563, "wheel_velocity_fr": 1.1216180324554443, "wheel_velocity_rl": 1.2981493473052979, "wheel_velocity_rr": 0.7114260196685791}}, {"current_time": 2.9333334863185883, "current_time_step": 176, "data": {"base_link_transform_matrix": [[0.9999022832789326, 0.013956651865236824, -0.0007973470321875511, 0.0], [-0.013957048482943771, 0.9999024736045481, -0.000494041648752225, 0.0], [0.0007903741025070152, 0.0005051219838082111, 0.999999560080183, 0.0], [0.0003669111174531281, 0.005867782514542341, 0.02173738181591034, 1.0]], "wheel_velocity_fl": -1.643664836883545, "wheel_velocity_fr": 1.1332899332046509, "wheel_velocity_rl": 1.3177069425582886, "wheel_velocity_rr": 0.744990348815918}}, {"current_time": 2.9500001538544893, "current_time_step": 177, "data": {"base_link_transform_matrix": [[0.9998996817949573, 0.014140773241112991, -0.0008154008135156786, 0.0], [-0.014141176174611187, 0.9998998882501375, -0.0004905239657746888, 0.0], [0.000808382794144047, 0.0005020054838477583, 0.9999995472537737, 0.0], [0.000386156199965626, 0.005924727767705917, 0.021731913089752197, 1.0]], "wheel_velocity_fl": -1.6317589282989502, "wheel_velocity_fr": 1.175450325012207, "wheel_velocity_rl": 1.2439932823181152, "wheel_velocity_rr": 0.7303932309150696}}, {"current_time": 2.9666668213903904, "current_time_step": 178, "data": {"base_link_transform_matrix": [[0.9998967798327095, 0.014343572295879927, -0.0008316333151784066, 0.0], [-0.014343978228039445, 0.999897002604729, -0.00048422171793171425, 0.0], [0.0008246021898947339, 0.000496100666651615, 0.9999995369575713, 0.0], [0.00040012950194068253, 0.005987747106701136, 0.021726861596107483, 1.0]], "wheel_velocity_fl": -1.5408265590667725, "wheel_velocity_fr": 1.5291863679885864, "wheel_velocity_rl": 0.8830577731132507, "wheel_velocity_rr": 0.6822658181190491}}, {"current_time": 2.9833334889262915, "current_time_step": 179, "data": {"base_link_transform_matrix": [[0.9998938641531457, 0.014544225611613606, -0.000852015404163562, 0.0], [-0.014544640042408243, 0.999894104832527, -0.00048225221215983095, 0.0], [0.0008449111948742962, 0.000494593285277042, 0.9999995207511626, 0.0], [0.00041089567821472883, 0.006053021643310785, 0.02172103524208069, 1.0]], "wheel_velocity_fl": -1.9886364936828613, "wheel_velocity_fr": 1.3791199922561646, "wheel_velocity_rl": 1.0579471588134766, "wheel_velocity_rr": 0.5750604271888733}}, {"current_time": 3.0000001564621925, "current_time_step": 180, "data": {"base_link_transform_matrix": [[0.9998911623422088, 0.014727614753574968, -0.0008722577698620001, 0.0], [-0.014728036163224734, 0.9998914220096001, -0.000478688201639323, 0.0], [0.0008651131264454123, 0.0004914827463148255, 0.9999995050118717, 0.0], [0.000430436892202124, 0.006118106190115213, 0.02171504497528076, 1.0]], "wheel_velocity_fl": -1.7309544086456299, "wheel_velocity_fr": 1.265041708946228, "wheel_velocity_rl": 1.2507154941558838, "wheel_velocity_rr": 0.5728238821029663}}, {"current_time": 3.0166668239980936, "current_time_step": 181, "data": {"base_link_transform_matrix": [[0.9998881402747762, 0.014930363432560366, -0.0008894861556660278, 0.0], [-0.014930788425035828, 0.999888417647901, -0.00047308623262982887, 0.0], [0.0008823235553205149, 0.0004863140429310877, 0.9999994925017689, 0.0], [0.00044328163494355977, 0.006186348386108875, 0.02170976996421814, 1.0]], "wheel_velocity_fl": -1.7439223527908325, "wheel_velocity_fr": 1.6722618341445923, "wheel_velocity_rl": 0.7589289546012878, "wheel_velocity_rr": 0.5254878401756287}}, {"current_time": 3.0333334915339947, "current_time_step": 182, "data": {"base_link_transform_matrix": [[0.9998850346922988, 0.015135586133311561, -0.0009118282631425735, 0.0], [-0.01513602053023431, 0.9998853327581214, -0.0004713997126594845, 0.0], [0.0009045887953563961, 0.00048514696935744224, 0.999999473175626, 0.0], [0.0004502335505094379, 0.006254876963794231, 0.021703317761421204, 1.0]], "wheel_velocity_fl": -2.1936936378479004, "wheel_velocity_fr": 1.5884119272232056, "wheel_velocity_rl": 0.9358424544334412, "wheel_velocity_rr": 0.4532157778739929}}, {"current_time": 3.0500001590698957, "current_time_step": 183, "data": {"base_link_transform_matrix": [[0.9998820973829626, 0.015327094923000606, -0.0009335385739327568, 0.0], [-0.015327537371691482, 0.9998824165689748, -0.00046865158326339857, 0.0], [0.0009262457379617469, 0.00048290517539512296, 0.9999994544355634, 0.0], [0.00046634365571662784, 0.006320095621049404, 0.02169691026210785, 1.0]], "wheel_velocity_fl": -1.9605337381362915, "wheel_velocity_fr": 1.6654406785964966, "wheel_velocity_rl": 0.9803065657615662, "wheel_velocity_rr": 0.6874062418937683}}, {"current_time": 3.066666826605797, "current_time_step": 184, "data": {"base_link_transform_matrix": [[0.9998793014409534, 0.015507117527236665, -0.0009549114867421004, 0.0], [-0.015507566692836178, 0.9998796424345362, -0.0004647797879375937, 0.0], [0.0009475891611244904, 0.0004795320432533241, 0.9999994360617416, 0.0], [0.00048787303967401385, 0.0063895718194544315, 0.02169071137905121, 1.0]], "wheel_velocity_fl": -1.8401955366134644, "wheel_velocity_fr": 1.7406115531921387, "wheel_velocity_rl": 0.9306758046150208, "wheel_velocity_rr": 0.5489444732666016}}, {"current_time": 3.083333494141698, "current_time_step": 185, "data": {"base_link_transform_matrix": [[0.9998762977521714, 0.015698283476669767, -0.0009762629242378591, 0.0], [-0.01569873983988377, 0.9998766606558256, -0.0004615660240952455, 0.0], [0.0009688967183195953, 0.0004768350250034779, 0.9999994169335841, 0.0], [0.0005073784850537777, 0.006455871742218733, 0.021684229373931885, 1.0]], "wheel_velocity_fl": -1.9091768264770508, "wheel_velocity_fr": 1.8107843399047852, "wheel_velocity_rl": 0.7533450722694397, "wheel_velocity_rr": 0.7179564237594604}}, {"current_time": 3.100000161677599, "current_time_step": 186, "data": {"base_link_transform_matrix": [[0.9998731143286349, 0.015898342257698296, -0.0009989775841446867, 0.0], [-0.01589880727379133, 0.9998735004901402, -0.0004592873440388232, 0.0], [0.000991549306579773, 0.0004751116191369794, 0.9999993955492783, 0.0], [0.0005226221401244402, 0.006518531125038862, 0.02167762815952301, 1.0]], "wheel_velocity_fl": -1.996712327003479, "wheel_velocity_fr": 1.8234015703201294, "wheel_velocity_rl": 0.6289909482002258, "wheel_velocity_rr": 0.7863366603851318}}, {"current_time": 3.1166668292135, "current_time_step": 187, "data": {"base_link_transform_matrix": [[0.9998702346321415, 0.016077089957148936, -0.0010203309149322865, 0.0], [-0.01607755997386864, 0.9998706445480436, -0.0004541325428792264, 0.0], [0.001012897799821302, 0.0004704780436807593, 0.9999993763440342, 0.0], [0.0005444166017696261, 0.006574057508260012, 0.021670639514923096, 1.0]], "wheel_velocity_fl": -1.143880009651184, "wheel_velocity_fr": 1.5937888622283936, "wheel_velocity_rl": 0.711782693862915, "wheel_velocity_rr": 0.9102219939231873}}, {"current_time": 3.133333496749401, "current_time_step": 188, "data": {"base_link_transform_matrix": [[0.9998682732320173, 0.01619831154315764, -0.0010251278821282349, 0.0], [-0.016198769940647093, 0.9998686943080226, -0.0004404488393993431, 0.0], [0.0010178587494828937, 0.0004569966312196053, 0.9999993775586289, 0.0], [0.0005847775610163808, 0.006606177426874638, 0.02166864275932312, 1.0]], "wheel_velocity_fl": -0.7925934195518494, "wheel_velocity_fr": 0.9918962121009827, "wheel_velocity_rl": 1.032768726348877, "wheel_velocity_rr": 1.3228375911712646}}, {"current_time": 3.150000164285302, "current_time_step": 189, "data": {"base_link_transform_matrix": [[0.9998666937943113, 0.016295201637246227, -0.0010300701114833708, 0.0], [-0.016295655129431482, 0.9998671230642195, -0.0004334041802035266, 0.0], [0.001022870830416476, 0.00045013207203260206, 0.999999375557996, 0.0], [0.0006370674236677587, 0.006614212412387133, 0.021666809916496277, 1.0]], "wheel_velocity_fl": -0.7814520001411438, "wheel_velocity_fr": 2.4035685062408447, "wheel_velocity_rl": 0.6411693692207336, "wheel_velocity_rr": 1.5295969247817993}}, {"current_time": 3.1666668318212032, "current_time_step": 190, "data": {"base_link_transform_matrix": [[0.9998647331000645, 0.01641418384803383, -0.0010440648158112833, 0.0], [-0.01641461715413508, 0.9998651879295078, -0.0004078116882471584, 0.0], [0.00103723016724547, 0.0004248944490599765, 0.9999993718089464, 0.0], [0.0006670992006547749, 0.006620415020734072, 0.021665990352630615, 1.0]], "wheel_velocity_fl": -0.9805684089660645, "wheel_velocity_fr": 1.515870213508606, "wheel_velocity_rl": 0.7289607524871826, "wheel_velocity_rr": 0.8279004096984863}}, {"current_time": 3.1833334993571043, "current_time_step": 191, "data": {"base_link_transform_matrix": [[0.9998633986403034, 0.016495018256940448, -0.001048061145661923, 0.0], [-0.01649544132244233, 0.9998638624099913, -0.00039631067596502287, 0.0], [0.0010413813133079075, 0.0004135447705184217, 0.9999993722526445, 0.0], [0.000703357276506722, 0.006617436651140451, 0.021664395928382874, 1.0]], "wheel_velocity_fl": -0.9271198511123657, "wheel_velocity_fr": 1.4383103847503662, "wheel_velocity_rl": 0.6978802680969238, "wheel_velocity_rr": 0.8592983484268188}}, {"current_time": 3.2000001668930054, "current_time_step": 192, "data": {"base_link_transform_matrix": [[0.9998620454043482, 0.016576648505679272, -0.0010511346975161091, 0.0], [-0.01657705822304126, 0.9998625180513604, -0.0003822782533534862, 0.0], [0.0010446532932324062, 0.00039965023739260176, 0.9999993744893967, 0.0], [0.0007432277780026197, 0.006612478289753199, 0.02166229486465454, 1.0]], "wheel_velocity_fl": -0.6919869184494019, "wheel_velocity_fr": 0.6775345802307129, "wheel_velocity_rl": 0.6903575658798218, "wheel_velocity_rr": 1.2524806261062622}}, {"current_time": 3.2166668344289064, "current_time_step": 193, "data": {"base_link_transform_matrix": [[0.9998604006525234, 0.016675730328065203, -0.0010484393168458082, 0.0], [-0.016676128187673157, 0.999860874546208, -0.0003718875641707463, 0.0], [0.0010420919555176062, 0.0003893195573541705, 0.9999993812371278, 0.0], [0.0007863262435421348, 0.0066083334386348724, 0.02166019380092621, 1.0]], "wheel_velocity_fl": -0.6607764959335327, "wheel_velocity_fr": 2.3371152877807617, "wheel_velocity_rl": 0.9575698971748352, "wheel_velocity_rr": 1.129797339439392}}, {"current_time": 3.2333335019648075, "current_time_step": 194, "data": {"base_link_transform_matrix": [[0.9998585259622637, 0.016787422143275634, -0.0010538113459633213, 0.0], [-0.016787808793584342, 0.9998590103085218, -0.0003591389332402987, 0.0], [0.0010476337525463873, 0.0003767793077858469, 0.9999993802502448, 0.0], [0.0008270569378510118, 0.006614650133997202, 0.021657362580299377, 1.0]], "wheel_velocity_fl": -1.2957195043563843, "wheel_velocity_fr": 0.9852645397186279, "wheel_velocity_rl": 0.4308244287967682, "wheel_velocity_rr": 1.244920253753662}}, {"current_time": 3.2500001695007086, "current_time_step": 195, "data": {"base_link_transform_matrix": [[0.9998569628302667, 0.016880307227430582, -0.0010531418433971102, 0.0], [-0.0168806815703184, 0.9998574507279806, -0.0003475823146326463, 0.0], [0.0010471244225361803, 0.00036531034954887664, 0.999999385039207, 0.0], [0.0008738874457776546, 0.006614672020077705, 0.02165527641773224, 1.0]], "wheel_velocity_fl": -1.0246165990829468, "wheel_velocity_fr": 0.2794133424758911, "wheel_velocity_rl": 0.5442707538604736, "wheel_velocity_rr": 1.444709062576294}}, {"current_time": 3.2666668370366096, "current_time_step": 196, "data": {"base_link_transform_matrix": [[0.9998552998760987, 0.016978311382704895, -0.0010565284041416294, 0.0], [-0.016978671549603672, 0.999855796559141, -0.0003328655830304079, 0.0], [0.001050724553593111, 0.0003507558660960486, 0.9999993864739293, 0.0], [0.0009190036216750741, 0.00661367317661643, 0.02165287733078003, 1.0]], "wheel_velocity_fl": -0.7073867917060852, "wheel_velocity_fr": 0.09909901022911072, "wheel_velocity_rl": 0.13059425354003906, "wheel_velocity_rr": 1.2979532480239868}}, {"current_time": 3.2833335045725107, "current_time_step": 197, "data": {"base_link_transform_matrix": [[0.9998538334281013, 0.017064360434765835, -0.0010580085458493918, 0.0], [-0.01706470875127658, 0.9998543357056774, -0.0003210697628588652, 0.0], [0.0010523755816230448, 0.0003390774408835693, 0.9999993887658754, 0.0], [0.000964535865932703, 0.006610088050365448, 0.021650537848472595, 1.0]], "wheel_velocity_fl": -0.5748387575149536, "wheel_velocity_fr": 0.12696567177772522, "wheel_velocity_rl": 0.34922221302986145, "wheel_velocity_rr": 1.3258188962936401}}, {"current_time": 3.300000172108412, "current_time_step": 198, "data": {"base_link_transform_matrix": [[0.9998524778343995, 0.01714346310252824, -0.0010603024398291396, 0.0], [-0.017143799076249258, 0.9998529866555417, -0.0003085923305276802, 0.0], [0.0010548562199891986, 0.00032672441830728066, 0.999999390264569, 0.0], [0.0010083781089633703, 0.006604756228625774, 0.0216483473777771, 1.0]], "wheel_velocity_fl": -0.22619399428367615, "wheel_velocity_fr": -0.036332763731479645, "wheel_velocity_rl": 0.3106922209262848, "wheel_velocity_rr": 0.9246395230293274}}, {"current_time": 3.316666839644313, "current_time_step": 199, "data": {"base_link_transform_matrix": [[0.9998511208199657, 0.017222276016625054, -0.001062734146169856, 0.0], [-0.017222600331823847, 0.9998516359747459, -0.00029677674170043426, 0.0], [0.0010574653036932757, 0.0003150356032809421, 0.9999993912596647, 0.0], [0.0010491651482880116, 0.006601143162697554, 0.021646112203598022, 1.0]], "wheel_velocity_fl": -0.024690493941307068, "wheel_velocity_fr": 0.008515538647770882, "wheel_velocity_rl": 0.19902488589286804, "wheel_velocity_rr": 0.5805425643920898}}, {"current_time": 3.333333507180214, "current_time_step": 200, "data": {"base_link_transform_matrix": [[0.9998496330442698, 0.01730827632642565, -0.0010653036408006494, 0.0], [-0.017308589072882522, 0.9998501545162, -0.0002850583047361415, 0.0], [0.001060210141953684, 0.00030345434434311683, 0.999999391934773, 0.0], [0.0010877503082156181, 0.006596098188310862, 0.02164389193058014, 1.0]], "wheel_velocity_fl": 0.08872465044260025, "wheel_velocity_fr": 0.01957569643855095, "wheel_velocity_rl": 0.10122029483318329, "wheel_velocity_rr": 0.8761134147644043}}, {"current_time": 3.350000174716115, "current_time_step": 201, "data": {"base_link_transform_matrix": [[0.9998482571737388, 0.017387451860154404, -0.0010673071009910816, 0.0], [-0.017387753521035387, 0.9998487840395043, -0.00027401134378859124, 0.0], [0.0010623813480734009, 0.00029252783733614085, 0.9999993928864835, 0.0], [0.0011228902731090784, 0.006590901408344507, 0.0216415673494339, 1.0]], "wheel_velocity_fl": 0.2314140647649765, "wheel_velocity_fr": -0.31732264161109924, "wheel_velocity_rl": 0.14743076264858246, "wheel_velocity_rr": 0.7340329885482788}}, {"current_time": 3.366666842252016, "current_time_step": 202, "data": {"base_link_transform_matrix": [[0.9998466112449269, 0.01748167554769975, -0.0010700477003400964, 0.0], [-0.01748196681170939, 0.9998471440324653, -0.0002634511658183392, 0.0], [0.0010652785693600533, 0.00028211729375628326, 0.9999993927955168, 0.0], [0.0011589278001338243, 0.006592641118913889, 0.021639540791511536, 1.0]], "wheel_velocity_fl": 0.14843890070915222, "wheel_velocity_fr": 0.5622131824493408, "wheel_velocity_rl": 0.10421107709407806, "wheel_velocity_rr": 0.5265876054763794}}, {"current_time": 3.383333509787917, "current_time_step": 203, "data": {"base_link_transform_matrix": [[0.9998453102268344, 0.017555733445219168, -0.0010732383732118855, 0.0], [-0.017556011947852616, 0.9998458499336876, -0.0002506289460011342, 0.0], [0.0010686729584758338, 0.00026943196196933035, 0.9999993926720784, 0.0], [0.0011906048748642206, 0.006589209660887718, 0.021638065576553345, 1.0]], "wheel_velocity_fl": 0.1892556995153427, "wheel_velocity_fr": 0.21214796602725983, "wheel_velocity_rl": -1.178233027458191, "wheel_velocity_rr": 0.01034944411367178}}, {"current_time": 3.400000177323818, "current_time_step": 204, "data": {"base_link_transform_matrix": [[0.9998440764084899, 0.017625078730332203, -0.0010860343472534463, 0.0], [-0.017625335899183078, 0.9998446357787929, -0.00022768138704038312, 0.0], [0.0010818527140008629, 0.0002467876063091878, 0.9999993843451018, 0.0], [0.001218791352584958, 0.006582627538591623, 0.021640419960021973, 1.0]], "wheel_velocity_fl": 0.07151523977518082, "wheel_velocity_fr": 1.191811203956604, "wheel_velocity_rl": -0.7981477379798889, "wheel_velocity_rr": -0.29064711928367615}}, {"current_time": 3.4166668448597193, "current_time_step": 205, "data": {"base_link_transform_matrix": [[0.9998427261371825, 0.01770024378346174, -0.0011065082796897835, 0.0], [-0.01770047362412763, 0.9998433146861613, -0.0001982696935765896, 0.0], [0.0011028254841815373, 0.00021782423155552902, 0.9999993681640782, 0.0], [0.0012420740677043796, 0.006577081512659788, 0.021643131971359253, 1.0]], "wheel_velocity_fl": -0.21934774518013, "wheel_velocity_fr": 2.7108635902404785, "wheel_velocity_rl": -0.7695955038070679, "wheel_velocity_rr": -0.8467483520507812}}, {"current_time": 3.4333335123956203, "current_time_step": 206, "data": {"base_link_transform_matrix": [[0.9998413257259642, 0.017778086890170592, -0.0011238314250110034, 0.0], [-0.017778291567621913, 0.9998419388224182, -0.00017239711217608076, 0.0], [0.0011205889000526817, 0.000192349559936162, 0.999999353640873, 0.0], [0.0012654722668230534, 0.006573862861841917, 0.021644771099090576, 1.0]], "wheel_velocity_fl": -0.4979299306869507, "wheel_velocity_fr": 3.6980092525482178, "wheel_velocity_rl": -0.5912497043609619, "wheel_velocity_rr": -1.102233648300171}}, {"current_time": 3.4500001799315214, "current_time_step": 207, "data": {"base_link_transform_matrix": [[0.9998402669591535, 0.017835839760691072, -0.0011503856220798786, 0.0], [-0.017836017063705877, 0.9998409152185423, -0.0001440494734053727, 0.0], [0.0011476333699093277, 0.00016454476153021194, 0.999999327931109, 0.0], [0.0012927611824125051, 0.0065619791857898235, 0.021648094058036804, 1.0]], "wheel_velocity_fl": -0.971440315246582, "wheel_velocity_fr": 1.7005151510238647, "wheel_velocity_rl": -0.5270286202430725, "wheel_velocity_rr": -0.8135048747062683}}, {"current_time": 3.4666668474674225, "current_time_step": 208, "data": {"base_link_transform_matrix": [[0.9998392223465205, 0.017894549520739843, -0.0011465404288855108, 0.0], [-0.017894720555929874, 0.999839866993844, -0.0001390897467949502, 0.0], [0.0011438678815581043, 0.00015958440485281964, 0.9999993330493212, 0.0], [0.001339756534434855, 0.006540486589074135, 0.021644428372383118, 1.0]], "wheel_velocity_fl": 0.39490392804145813, "wheel_velocity_fr": 1.9292659759521484, "wheel_velocity_rl": 0.07233680039644241, "wheel_velocity_rr": 0.7620604634284973}}, {"current_time": 3.4833335150033236, "current_time_step": 209, "data": {"base_link_transform_matrix": [[0.9998373995857761, 0.01799574783503691, -0.0011521499081657352, 0.0], [-0.017995901564913697, 0.9998380530608819, -0.0001232002068641107, 0.0], [0.0011497462411587515, 0.00014391415079481704, 0.9999993286859238, 0.0], [0.001367649412713945, 0.006542802322655916, 0.021642982959747314, 1.0]], "wheel_velocity_fl": -0.3621833920478821, "wheel_velocity_fr": 2.533156156539917, "wheel_velocity_rl": -0.2158232480287552, "wheel_velocity_rr": 0.23126187920570374}}, {"current_time": 3.5000001825392246, "current_time_step": 210, "data": {"base_link_transform_matrix": [[0.999835646284376, 0.018092433912070303, -0.0011594197865231442, 0.0], [-0.018092566478108595, 0.9998363107191075, -0.00010395114048116017, 0.0], [0.0011573492727927957, 0.00012491093528868322, 0.99999932246973, 0.0], [0.0013920264318585396, 0.00654244888573885, 0.021642252802848816, 1.0]], "wheel_velocity_fl": -0.45136168599128723, "wheel_velocity_fr": 2.129554033279419, "wheel_velocity_rl": -0.12935923039913177, "wheel_velocity_rr": 0.3468928933143616}}, {"current_time": 3.5166668500751257, "current_time_step": 211, "data": {"base_link_transform_matrix": [[0.999834196140074, 0.018171957902620453, -0.0011662653718137455, 0.0], [-0.018172070501640013, 0.9998348705931083, -8.602177556308686e-05, 0.0], [0.0011645096030203784, 0.0001072009693808816, 0.9999993162124345, 0.0], [0.001421505119651556, 0.006535433232784271, 0.021640941500663757, 1.0]], "wheel_velocity_fl": -0.17450743913650513, "wheel_velocity_fr": 1.7167261838912964, "wheel_velocity_rl": 0.015043254941701889, "wheel_velocity_rr": 0.5239720940589905}}, {"current_time": 3.5333335176110268, "current_time_step": 212, "data": {"base_link_transform_matrix": [[0.9998327776384296, 0.01824941074476198, -0.0011729310685273415, 0.0], [-0.018249504760396922, 0.9998334615052785, -6.950088423101185e-05, 0.0], [0.001171467380169321, 9.089467324772667e-05, 0.9999993097009295, 0.0], [0.0014530285261571407, 0.006528863217681646, 0.02163982391357422, 1.0]], "wheel_velocity_fl": -0.08369985967874527, "wheel_velocity_fr": 1.5928637981414795, "wheel_velocity_rl": 0.03644624724984169, "wheel_velocity_rr": 0.5857599377632141}}, {"current_time": 3.550000185146928, "current_time_step": 213, "data": {"base_link_transform_matrix": [[0.9998312250212805, 0.01833383054600647, -0.0011798855689789357, 0.0], [-0.018333904572089006, 0.9998319184962763, -5.195379732837959e-05, 0.0], [0.0011787347399218396, 7.357693825498585e-05, 0.9999993025851803, 0.0], [0.0014829784631729126, 0.00652390206232667, 0.02163846790790558, 1.0]], "wheel_velocity_fl": -0.0004205902514513582, "wheel_velocity_fr": 1.4068725109100342, "wheel_velocity_rl": -0.07464282959699631, "wheel_velocity_rr": 0.7265679240226746}}, {"current_time": 3.566666852682829, "current_time_step": 214, "data": {"base_link_transform_matrix": [[0.9998295653768106, 0.018423601551290296, -0.0011878991107739597, 0.0], [-0.018423652521830813, 0.9998302695983519, -3.197877324001426e-05, 0.0], [0.0011871083240044976, 5.3858763397738285e-05, 0.9999992939362811, 0.0], [0.001511916285380721, 0.006517655216157436, 0.021637573838233948, 1.0]], "wheel_velocity_fl": 0.02812906727194786, "wheel_velocity_fr": 1.0611391067504883, "wheel_velocity_rl": -0.22766833007335663, "wheel_velocity_rr": 0.9332578778266907}}, {"current_time": 3.58333352021873, "current_time_step": 215, "data": {"base_link_transform_matrix": [[0.999827906037787, 0.01851287644953104, -0.0011965423763555458, 0.0], [-0.018512902485123484, 0.999828621478394, -1.0685997060706876e-05, 0.0], [0.0011961394861487221, 3.2835630397920646e-05, 0.9999992840858193, 0.0], [0.0015408697072416544, 0.006510322447866201, 0.021636277437210083, 1.0]], "wheel_velocity_fl": 0.12192869931459427, "wheel_velocity_fr": 0.5854125618934631, "wheel_velocity_rl": -0.2128182053565979, "wheel_velocity_rr": 0.913813054561615}}, {"current_time": 3.600000187754631, "current_time_step": 216, "data": {"base_link_transform_matrix": [[0.9998262901471258, 0.018599335729140434, -0.0012059191806460222, 0.0], [-0.018599335544627952, 0.9998270173325247, 1.1368627368434879e-05, 0.0], [0.0012059220264465996, 1.1062642954690851e-05, 0.9999992728145777, 0.0], [0.001570170745253563, 0.0065043228678405285, 0.021635323762893677, 1.0]], "wheel_velocity_fl": 0.1416744589805603, "wheel_velocity_fr": 0.10153599083423615, "wheel_velocity_rl": -0.21072173118591309, "wheel_velocity_rr": 1.3447009325027466}}, {"current_time": 3.616666855290532, "current_time_step": 217, "data": {"base_link_transform_matrix": [[0.9998246183816616, 0.018689265919708938, -0.0012015895086345228, 0.0], [-0.018689262828419873, 0.9998253403792258, 1.380201080500885e-05, 0.0], [0.0012016375889167801, 8.657231952724946e-06, 0.999999277995818, 0.0], [0.0016031649429351091, 0.006493610329926014, 0.021633878350257874, 1.0]], "wheel_velocity_fl": 0.40180954337120056, "wheel_velocity_fr": 1.0936528444290161, "wheel_velocity_rl": -0.2775149643421173, "wheel_velocity_rr": 1.7455204725265503}}, {"current_time": 3.633333522826433, "current_time_step": 218, "data": {"base_link_transform_matrix": [[0.9998234073373676, 0.018754211754491983, -0.001197364507566737, 0.0], [-0.01875420844679098, 0.9998241242687536, 1.3991228073125041e-05, 0.0], [0.001197416314662389, 8.46686623678971e-06, 0.9999992830609837, 0.0], [0.0016242342535406351, 0.006477039773017168, 0.021632716059684753, 1.0]], "wheel_velocity_fl": 0.5511183738708496, "wheel_velocity_fr": 1.4114677906036377, "wheel_velocity_rl": -0.4504987299442291, "wheel_velocity_rr": 1.522828221321106}}, {"current_time": 3.6500001903623343, "current_time_step": 219, "data": {"base_link_transform_matrix": [[0.99982245579075, 0.01880500734695743, -0.0011952385680269017, 0.0], [-0.01880500297316477, 0.9998231701862159, 1.4898471800521603e-05, 0.0], [0.0011953073800851572, 7.580638162260342e-06, 0.9999992855911454, 0.0], [0.0016338947461917996, 0.006456535309553146, 0.021631836891174316, 1.0]], "wheel_velocity_fl": 0.2549308240413666, "wheel_velocity_fr": 1.007800579071045, "wheel_velocity_rl": -0.6511978507041931, "wheel_velocity_rr": 0.7988958358764648}}, {"current_time": 3.6666668578982353, "current_time_step": 220, "data": {"base_link_transform_matrix": [[0.9998214372058662, 0.018859305525649454, -0.0011917628481588757, 0.0], [-0.018859301823199955, 0.9998221474487086, 1.4345534571784033e-05, 0.0], [0.0011918214369152143, 8.132842262057104e-06, 0.9999992897475075, 0.0], [0.0016386553179472685, 0.006432761438190937, 0.021631017327308655, 1.0]], "wheel_velocity_fl": 0.11096789687871933, "wheel_velocity_fr": 1.4255653619766235, "wheel_velocity_rl": -0.8177239894866943, "wheel_velocity_rr": 0.6255609393119812}}, {"current_time": 3.6833335254341364, "current_time_step": 221, "data": {"base_link_transform_matrix": [[0.999820483630064, 0.018910016350058817, -0.0011881899618125785, 0.0], [-0.018910013388464243, 0.9998211896160207, 1.3727829242266555e-05, 0.0], [0.0011882370945846886, 8.743323213720793e-06, 0.9999992940078315, 0.0], [0.0016393738333135843, 0.00640836963430047, 0.021629899740219116, 1.0]], "wheel_velocity_fl": -0.034127574414014816, "wheel_velocity_fr": 1.3349125385284424, "wheel_velocity_rl": -0.8751813173294067, "wheel_velocity_rr": 0.7493317127227783}}, {"current_time": 3.7000001929700375, "current_time_step": 222, "data": {"base_link_transform_matrix": [[0.99981957930626, 0.018957967358181782, -0.001185035653219548, 0.0], [-0.018957964090398058, 0.9998202815515332, 1.3991424706670657e-05, 0.0], [0.001185087929423457, 8.476962995458925e-06, 0.9999992977471237, 0.0], [0.0016390644013881683, 0.006384512409567833, 0.021629109978675842, 1.0]], "wheel_velocity_fl": -0.24460071325302124, "wheel_velocity_fr": 1.2784448862075806, "wheel_velocity_rl": -0.8418135046958923, "wheel_velocity_rr": 0.3474774658679962}}, {"current_time": 3.7166668605059385, "current_time_step": 223, "data": {"base_link_transform_matrix": [[0.9998186465778945, 0.01900729661919252, -0.0011817911732366242, 0.0], [-0.019007293083538147, 0.9998193449855394, 1.422404805057994e-05, 0.0], [0.0011818480374355567, 8.241182722457143e-06, 0.9999993015834058, 0.0], [0.0016389843076467514, 0.006360621657222509, 0.02162829041481018, 1.0]], "wheel_velocity_fl": -0.46436017751693726, "wheel_velocity_fr": 1.2550212144851685, "wheel_velocity_rl": -0.8505623936653137, "wheel_velocity_rr": 0.266074001789093}}, {"current_time": 3.7333335280418396, "current_time_step": 224, "data": {"base_link_transform_matrix": [[0.9998177206328431, 0.01905615554172422, -0.0011783227552715268, 0.0], [-0.019056152183522412, 0.9998184149463171, 1.4078091212542983e-05, 0.0], [0.001178377063766632, 8.378772678775667e-06, 0.9999993056784049, 0.0], [0.0016391961835324764, 0.00633689109236002, 0.021627500653266907, 1.0]], "wheel_velocity_fl": -0.7538433074951172, "wheel_velocity_fr": 1.217522382736206, "wheel_velocity_rl": -0.849448561668396, "wheel_velocity_rr": 0.1582414209842682}}, {"current_time": 3.7500001955777407, "current_time_step": 225, "data": {"base_link_transform_matrix": [[0.9998167721786694, 0.019106092861186877, -0.0011744299920962704, 0.0], [-0.019106091144393593, 0.9998174619000929, 1.2682203609494099e-05, 0.0], [0.001174457921236887, 9.758886594743732e-06, 0.9999993102764398, 0.0], [0.0016398872248828411, 0.006312445737421513, 0.02162623405456543, 1.0]], "wheel_velocity_fl": -0.8883879780769348, "wheel_velocity_fr": 1.2073920965194702, "wheel_velocity_rl": -0.844770610332489, "wheel_velocity_rr": 0.3336336612701416}}, {"current_time": 3.7666668631136417, "current_time_step": 226, "data": {"base_link_transform_matrix": [[0.99981583311567, 0.01915545995176298, -0.0011697030627588019, 0.0], [-0.01915546412521337, 0.9998165172349565, 7.636072863895797e-06, 0.0], [0.0011696347148945, 1.4771538503680498e-05, 0.9999993158679836, 0.0], [0.0016402273904532194, 0.006287205033004284, 0.02162526547908783, 1.0]], "wheel_velocity_fl": -0.8432727456092834, "wheel_velocity_fr": 1.1732432842254639, "wheel_velocity_rl": -0.8049024939537048, "wheel_velocity_rr": -0.09635884314775467}}, {"current_time": 3.783333530649543, "current_time_step": 227, "data": {"base_link_transform_matrix": [[0.9998149364505998, 0.019202636995486536, -0.0011625758911374543, 0.0], [-0.01920265238044464, 0.9998156120691775, -2.071651956088685e-06, 0.0], [0.0011623217449939695, 2.4395809272222758e-05, 0.9999993242062745, 0.0], [0.001641566981561482, 0.006261100992560387, 0.021623864769935608, 1.0]], "wheel_velocity_fl": -0.626278281211853, "wheel_velocity_fr": 0.7921785116195679, "wheel_velocity_rl": -0.702297031879425, "wheel_velocity_rr": -0.5744597911834717}}, {"current_time": 3.800000198185444, "current_time_step": 228, "data": {"base_link_transform_matrix": [[0.9998139796561578, 0.01925294835291945, -0.0011532839354740497, 0.0], [-0.019252976228275404, 0.9998146441893474, -1.3072190575222793e-05, 0.0], [0.0011528184893852729, 3.5273907075971e-05, 0.9999993348824198, 0.0], [0.0016436248552054167, 0.006234107539057732, 0.02162332832813263, 1.0]], "wheel_velocity_fl": -0.3394976556301117, "wheel_velocity_fr": 0.47132644057273865, "wheel_velocity_rl": -0.5708335041999817, "wheel_velocity_rr": -0.4919167459011078}}, {"current_time": 3.816666865721345, "current_time_step": 229, "data": {"base_link_transform_matrix": [[0.9998134846366549, 0.019279411358973205, -0.0011402790715092103, 0.0], [-0.019279449989696874, 0.9998141338688472, -2.2895012805843175e-05, 0.0], [0.0011396257298798018, 4.487469586767071e-05, 0.9999993496195172, 0.0], [0.0016410716343671083, 0.0062040528282523155, 0.02161771059036255, 1.0]], "wheel_velocity_fl": 1.639878273010254, "wheel_velocity_fr": 0.5832435488700867, "wheel_velocity_rl": -0.7252171039581299, "wheel_velocity_rr": 0.2265390157699585}}, {"current_time": 3.833333533257246, "current_time_step": 230, "data": {"base_link_transform_matrix": [[0.9998132750942408, 0.019290503775506635, -0.0011364019602052467, 0.0], [-0.01929052946671993, 0.9998139203557694, -1.1649923717225622e-05, 0.0], [0.0011359657660353374, 3.356954388569502e-05, 0.9999993542272235, 0.0], [0.0016366965137422085, 0.006203038152307272, 0.021617040038108826, 1.0]], "wheel_velocity_fl": 1.266168236732483, "wheel_velocity_fr": 0.11787065863609314, "wheel_velocity_rl": -0.19690153002738953, "wheel_velocity_rr": -0.5349874496459961}}, {"current_time": 3.850000200793147, "current_time_step": 231, "data": {"base_link_transform_matrix": [[0.9998131545963659, 0.01929664979636916, -0.0011380697253463893, 0.0], [-0.01929668005555864, 0.9998138016126195, -1.5612654683776137e-05, 0.0], [0.0011375565466689786, 3.757070490193671e-05, 0.9999993522765629, 0.0], [0.0016372536774724722, 0.006215299014002085, 0.0216168612241745, 1.0]], "wheel_velocity_fl": 1.2796592712402344, "wheel_velocity_fr": 0.022142166271805763, "wheel_velocity_rl": -0.3892492651939392, "wheel_velocity_rr": -0.7978535890579224}}, {"current_time": 3.866666868329048, "current_time_step": 232, "data": {"base_link_transform_matrix": [[0.9998128994337234, 0.019309942940061296, -0.0011367627645009763, 0.0], [-0.01930996989011305, 0.9998135450675972, -1.2736040073796733e-05, 0.0], [0.0011363048772694557, 3.4684511908202326e-05, 0.9999993538038965, 0.0], [0.0016452177660539746, 0.006227979436516762, 0.02161647379398346, 1.0]], "wheel_velocity_fl": 1.0325493812561035, "wheel_velocity_fr": 0.7709463238716125, "wheel_velocity_rl": -0.12028879672288895, "wheel_velocity_rr": -0.5705015659332275}}, {"current_time": 3.8833335358649492, "current_time_step": 233, "data": {"base_link_transform_matrix": [[0.9998130271698431, 0.019303363750191246, -0.0011361555361874907, 0.0], [-0.019303390546032563, 0.9998136721180096, -1.2622534247194092e-05, 0.0], [0.0011357001813627986, 3.455182821230631e-05, 0.9999993544954263, 0.0], [0.0016491488786414266, 0.006228660698980093, 0.021616175770759583, 1.0]], "wheel_velocity_fl": 1.325210452079773, "wheel_velocity_fr": 0.5102843642234802, "wheel_velocity_rl": -0.36261799931526184, "wheel_velocity_rr": -0.6941096782684326}}, {"current_time": 3.9000002034008503, "current_time_step": 234, "data": {"base_link_transform_matrix": [[0.9998131927782115, 0.019294800798458803, -0.001135873578641978, 0.0], [-0.019294827713367973, 0.9998138374023348, -1.2740843254036964e-05, 0.0], [0.0011354162894333677, 3.465494817656913e-05, 0.999999354814234, 0.0], [0.001649174839258194, 0.006223701871931553, 0.02161608636379242, 1.0]], "wheel_velocity_fl": 1.4983144998550415, "wheel_velocity_fr": 0.39688819646835327, "wheel_velocity_rl": -0.499819278717041, "wheel_velocity_rr": -0.6939055919647217}}, {"current_time": 3.9166668709367514, "current_time_step": 235, "data": {"base_link_transform_matrix": [[0.999813147516797, 0.019297139083604576, -0.001135991084292753, 0.0], [-0.01929716587465782, 0.9998137922782264, -1.262685639894818e-05, 0.0], [0.0011355358917768726, 3.454590542520464e-05, 0.9999993546822012, 0.0], [0.0016486882232129574, 0.006222420372068882, 0.02161635458469391, 1.0]], "wheel_velocity_fl": 1.389617681503296, "wheel_velocity_fr": 0.4554755985736847, "wheel_velocity_rl": -0.5041276812553406, "wheel_velocity_rr": -0.6727513670921326}}, {"current_time": 3.9333335384726524, "current_time_step": 236, "data": {"base_link_transform_matrix": [[0.9998130421738336, 0.019302590156886318, -0.001136095215798478, 0.0], [-0.01930261679137911, 0.9998136870583372, -1.2482731901343946e-05, 0.0], [0.0011356425974988836, 3.4410008746000226e-05, 0.9999993545657128, 0.0], [0.001648739562369883, 0.006223783362656832, 0.021616175770759583, 1.0]], "wheel_velocity_fl": 1.3036184310913086, "wheel_velocity_fr": 0.5704418420791626, "wheel_velocity_rl": -0.45195943117141724, "wheel_velocity_rr": -0.6861483454704285}}, {"current_time": 3.9500002060085535, "current_time_step": 237, "data": {"base_link_transform_matrix": [[0.999813027001693, 0.01930337509034656, -0.0011361108366138414, 0.0], [-0.01930340155659767, 0.9998136719090339, -1.2333668410393427e-05, 0.0], [0.0011356610658229637, 3.426216603938972e-05, 0.9999993545498155, 0.0], [0.001648800796829164, 0.006224082317203283, 0.021616265177726746, 1.0]], "wheel_velocity_fl": 1.3352538347244263, "wheel_velocity_fr": 0.5425637364387512, "wheel_velocity_rl": -0.4527652859687805, "wheel_velocity_rr": -0.708282470703125}}, {"current_time": 3.9666668735444546, "current_time_step": 238, "data": {"base_link_transform_matrix": [[0.999813058887491, 0.019301724137981993, -0.001136100057167853, 0.0], [-0.019301750631169894, 0.9998137037817775, -1.2358650568705094e-05, 0.0], [0.0011356498627596856, 3.4285060224330434e-05, 0.9999993545617536, 0.0], [0.0016486624954268336, 0.006223210133612156, 0.021616175770759583, 1.0]], "wheel_velocity_fl": 1.3717224597930908, "wheel_velocity_fr": 0.49763205647468567, "wheel_velocity_rl": -0.44452568888664246, "wheel_velocity_rr": -0.7015426158905029}}, {"current_time": 3.9833335410803556, "current_time_step": 239, "data": {"base_link_transform_matrix": [[0.9998130566084792, 0.019301840311218843, -0.0011361319510790344, 0.0], [-0.019301866840070847, 0.9998137015379416, -1.2389024973834993e-05, 0.0], [0.0011356811604621964, 3.431617655996616e-05, 0.9999993545251425, 0.0], [0.0016486365348100662, 0.006222871597856283, 0.021616235375404358, 1.0]], "wheel_velocity_fl": 1.3672124147415161, "wheel_velocity_fr": 0.5334217548370361, "wheel_velocity_rl": -0.48713186383247375, "wheel_velocity_rr": -0.6861592531204224}}, {"current_time": 4.000000208616257, "current_time_step": 240, "data": {"base_link_transform_matrix": [[0.9998130347639816, 0.019302975750161464, -0.0011360647982711384, 0.0], [-0.01930300229716236, 0.999813679616556, -1.2406390859486942e-05, 0.0], [0.0011356136459803995, 3.433353270644484e-05, 0.9999993546012196, 0.0], [0.0016488641267642379, 0.006223215255886316, 0.021616265177726746, 1.0]], "wheel_velocity_fl": 1.3375625610351562, "wheel_velocity_fr": 0.5037388205528259, "wheel_velocity_rl": -0.40195247530937195, "wheel_velocity_rr": -0.6893274784088135}}, {"current_time": 4.016666876152158, "current_time_step": 241, "data": {"base_link_transform_matrix": [[0.9998130337327208, 0.019303028615528437, -0.0011360741355363265, 0.0], [-0.01930305515982084, 0.9998136785959899, -1.2403693506011298e-05, 0.0], [0.0011356230317576491, 3.4331076137639495e-05, 0.9999993545906452, 0.0], [0.0016489550471305847, 0.0062232548370957375, 0.021616235375404358, 1.0]], "wheel_velocity_fl": 1.363685965538025, "wheel_velocity_fr": 0.5090565085411072, "wheel_velocity_rl": -0.4048728048801422, "wheel_velocity_rr": -0.6949977874755859}}, {"current_time": 4.033333543688059, "current_time_step": 242, "data": {"base_link_transform_matrix": [[0.9998130404382919, 0.019302681496892474, -0.0011360706703985382, 0.0], [-0.019302707982024242, 0.9998136852994118, -1.2351899999256067e-05, 0.0], [0.0011356205789401688, 3.427883109109144e-05, 0.9999993545952229, 0.0], [0.001648948760703206, 0.006223069969564676, 0.021616235375404358, 1.0]], "wheel_velocity_fl": 1.3674529790878296, "wheel_velocity_fr": 0.4800615608692169, "wheel_velocity_rl": -0.44357192516326904, "wheel_velocity_rr": -0.6975623965263367}}, {"current_time": 4.05000021122396, "current_time_step": 243, "data": {"base_link_transform_matrix": [[0.9998130387503897, 0.019302767876734864, -0.0011360884686658426, 0.0], [-0.019302794382359746, 0.999813683631121, -1.2369359146734933e-05, 0.0], [0.001135638033919242, 3.429672866671869e-05, 0.9999993545747868, 0.0], [0.0016489564441144466, 0.006222996860742569, 0.021616294980049133, 1.0]], "wheel_velocity_fl": 1.3479126691818237, "wheel_velocity_fr": 0.49401360750198364, "wheel_velocity_rl": -0.42486536502838135, "wheel_velocity_rr": -0.6933113932609558}}, {"current_time": 4.066666878759861, "current_time_step": 244, "data": {"base_link_transform_matrix": [[0.9998130353509348, 0.01930294043441846, -0.0011361482894406637, 0.0], [-0.01930296683571529, 0.9998136803028098, -1.2275592214938605e-05, 0.0], [0.0011356996476100897, 3.420432986467586e-05, 0.9999993545079788, 0.0], [0.001649001962505281, 0.006223049480468035, 0.021616235375404358, 1.0]], "wheel_velocity_fl": 1.342610478401184, "wheel_velocity_fr": 0.5377027988433838, "wheel_velocity_rl": -0.4381353