{"Isaac Sim Data": [{"current_time": 0, "current_time_step": 0, "data": {"base_link_transform_matrix": [[1.0, 0.0, 0.0, 0.0], [0.0, 1.0, 0.0, 0.0], [0.0, 0.0, 1.0, 0.0], [0.0, 0.0, 0.025, 1.0]], "wheel_velocity_fl": -0.7655808925628662, "wheel_velocity_fr": -0.7558214068412781, "wheel_velocity_rl": 0.6116968989372253, "wheel_velocity_rr": 1.0428385734558105}}, {"current_time": 0.01666666753590107, "current_time_step": 1, "data": {"base_link_transform_matrix": [[1.0, 0.0, 0.0, 0.0], [0.0, 1.0, 0.0, 0.0], [0.0, 0.0, 1.0, 0.0], [-6.209912498889025e-06, 8.773729859967716e-06, 0.022293462976813318, 1.0]], "wheel_velocity_fl": -0.7683101296424866, "wheel_velocity_fr": -0.7697314620018005, "wheel_velocity_rl": -13.527222633361816, "wheel_velocity_rr": -0.00650669913738966}}, {"current_time": 0.03333333507180214, "current_time_step": 2, "data": {"base_link_transform_matrix": [[0.9999999987634309, 4.9034975285974524e-05, 8.289115318017801e-06, 0.0], [-4.905713331023496e-05, 0.9999963682924089, 0.002694623422757988, 0.0], [-8.15695442143483e-06, -0.0026946238260661354, 0.9999963694613596, 0.0], [5.243950727162883e-05, 4.1426101233810186e-05, 0.02179718017578125, 1.0]], "wheel_velocity_fl": 19.44921875, "wheel_velocity_fr": -8.2520112991333, "wheel_velocity_rl": -11.021358489990234, "wheel_velocity_rr": 8.684223175048828}}, {"current_time": 0.05000000260770321, "current_time_step": 3, "data": {"base_link_transform_matrix": [[0.9999999782208744, -0.00020857893325588095, -7.285556869319253e-06, 0.0], [0.0002085975273354, 0.9999964592198558, 0.002652929479425789, 0.0], [6.73218587194244e-06, -0.0026529309413964525, 0.999996480949857, 0.0], [-1.3921019672125112e-05, -0.00020737730665132403, 0.02179098129272461, 1.0]], "wheel_velocity_fl": 1.1056257486343384, "wheel_velocity_fr": -0.5827968120574951, "wheel_velocity_rl": -0.4146900177001953, "wheel_velocity_rr": -0.1607474833726883}}, {"current_time": 0.06666667014360428, "current_time_step": 4, "data": {"base_link_transform_matrix": [[0.9999999772577309, -0.0002132524654296595, 2.8149039194524116e-06, 0.0], [0.00021324428167379696, 0.999996485211446, 0.0026427432017695077, 0.0], [-3.3784655289351543e-06, -0.0026427425414053667, 0.9999965079441256, 0.0], [6.9077304942766204e-06, -0.00020816456526517868, 0.021790415048599243, 1.0]], "wheel_velocity_fl": -0.35616907477378845, "wheel_velocity_fr": -2.205109119415283, "wheel_velocity_rl": 1.1192567348480225, "wheel_velocity_rr": 4.435892581939697}}, {"current_time": 0.08333333767950535, "current_time_step": 5, "data": {"base_link_transform_matrix": [[0.9999999792766743, -0.00020355984587317448, -3.1686205803170137e-06, 0.0], [0.00020356753123873408, 0.9999964647261151, 0.002651244147901896, 0.0], [2.628922528256359e-06, -0.002651244737987569, 0.9999964854410379, 0.0], [3.179822670063004e-05, -0.00017038447549566627, 0.02179063856601715, 1.0]], "wheel_velocity_fl": -0.3702586591243744, "wheel_velocity_fr": -1.4603204727172852, "wheel_velocity_rl": 1.4081734418869019, "wheel_velocity_rr": 3.7297165393829346}}, {"current_time": 0.10000000521540642, "current_time_step": 6, "data": {"base_link_transform_matrix": [[0.9999999757022219, -0.00022016149560798615, -1.1156682499941304e-05, 0.0], [0.00022019052954392958, 0.9999964036333056, 0.002672870476789274, 0.0], [1.0568179214683584e-05, -0.0026728728684402873, 0.9999964278130911, 0.0], [4.71549246867653e-05, -0.0001410189433954656, 0.02178877592086792, 1.0]], "wheel_velocity_fl": -0.3882902264595032, "wheel_velocity_fr": -2.202725887298584, "wheel_velocity_rl": 1.3113014698028564, "wheel_velocity_rr": 2.8363423347473145}}, {"current_time": 0.11666667275130749, "current_time_step": 7, "data": {"base_link_transform_matrix": [[0.9999999705624322, -0.0002424319653565496, -1.0093406516002814e-05, 0.0], [0.00024245813824696455, 0.99999638133772, 0.0026792770510849053, 0.0], [9.443827590144163e-06, -0.002679279419442058, 0.9999964106798618, 0.0], [6.0253387346165255e-05, -0.00012329668970778584, 0.021787092089653015, 1.0]], "wheel_velocity_fl": -0.5487157702445984, "wheel_velocity_fr": -1.726524829864502, "wheel_velocity_rl": 1.2390601634979248, "wheel_velocity_rr": 2.4739420413970947}}, {"current_time": 0.13333334028720856, "current_time_step": 8, "data": {"base_link_transform_matrix": [[0.9999999719516425, -0.00023668443509721916, -8.785925962714937e-06, 0.0], [0.0002367071330382306, 0.9999963802412078, 0.002680200405739085, 0.0], [8.151532440802492e-06, -0.002680202410255211, 0.9999964082178459, 0.0], [7.394063140964136e-05, -0.00012399774277582765, 0.02178649604320526, 1.0]], "wheel_velocity_fl": -0.6713184118270874, "wheel_velocity_fr": -1.6815667152404785, "wheel_velocity_rl": 0.6182005405426025, "wheel_velocity_rr": 0.6646804213523865}}, {"current_time": 0.15000000782310963, "current_time_step": 9, "data": {"base_link_transform_matrix": [[0.9999999726971828, -0.0002335244111407962, -8.484282486318244e-06, 0.0], [0.00023354630504844208, 0.9999963833433639, 0.002679320121846691, 0.0], [7.858565147869754e-06, -0.002679322030166529, 0.9999964105794088, 0.0], [8.036271174205467e-05, -0.00012616143794730306, 0.02178613841533661, 1.0]], "wheel_velocity_fl": -0.7749208211898804, "wheel_velocity_fr": -1.7247791290283203, "wheel_velocity_rl": 0.6566887497901917, "wheel_velocity_rr": 0.5257633924484253}}, {"current_time": 0.1666666753590107, "current_time_step": 10, "data": {"base_link_transform_matrix": [[0.9999999699043424, -0.00024518213808244536, -8.776869932531995e-06, 0.0], [0.0002452047723027152, 0.9999963811398198, 0.0026791009469396177, 0.0], [8.11997047195753e-06, -0.0026791030184407064, 0.9999964111641014, 0.0], [7.624489080626518e-05, -0.00012640946079045534, 0.021786347031593323, 1.0]], "wheel_velocity_fl": -0.891868531703949, "wheel_velocity_fr": -1.8985339403152466, "wheel_velocity_rl": 0.5875415205955505, "wheel_velocity_rr": 0.32902997732162476}}, {"current_time": 0.18333334289491177, "current_time_step": 11, "data": {"base_link_transform_matrix": [[0.9999999691443112, -0.00024824728120166964, -9.201301675608265e-06, 0.0], [0.00024827104443731396, 0.9999963794670369, 0.002679442909709575, 0.0], [8.536103944521751e-06, -0.002679445111450295, 0.9999964102440716, 0.0], [7.309256761800498e-05, -0.0001267084153369069, 0.021786227822303772, 1.0]], "wheel_velocity_fl": -0.9347192049026489, "wheel_velocity_fr": -1.8866490125656128, "wheel_velocity_rl": 0.5375732183456421, "wheel_velocity_rr": 0.3891300559043884}}, {"current_time": 0.20000001043081284, "current_time_step": 12, "data": {"base_link_transform_matrix": [[0.9999999705228282, -0.0002426405270572013, -8.939656798227122e-06, 0.0], [0.00024266360728572567, 0.9999963815127041, 0.0026791931382545383, 0.0], [8.289543615038448e-06, -0.002679195228608868, 0.9999964109156645, 0.0], [7.506531983381137e-05, -0.0001271445071324706, 0.021786287426948547, 1.0]], "wheel_velocity_fl": -0.8747603297233582, "wheel_velocity_fr": -1.7556941509246826, "wheel_velocity_rl": 0.5784419775009155, "wheel_velocity_rr": 0.5065751671791077}}, {"current_time": 0.2166666779667139, "current_time_step": 13, "data": {"base_link_transform_matrix": [[0.9999999709236592, -0.00024098646534033858, -8.843321955167795e-06, 0.0], [0.00024100929384460277, 0.9999963817692538, 0.002679246707771562, 0.0], [8.197627764107791e-06, -0.0026792487611916513, 0.999996410772996, 0.0], [7.659540278837085e-05, -0.00012700515799224377, 0.021786287426948547, 1.0]], "wheel_velocity_fl": -0.8876752257347107, "wheel_velocity_fr": -1.8338267803192139, "wheel_velocity_rl": 0.6064072251319885, "wheel_velocity_rr": 0.48038437962532043}}, {"current_time": 0.23333334550261497, "current_time_step": 14, "data": {"base_link_transform_matrix": [[0.9999999703078046, -0.0002435236290773771, -8.979529064010343e-06, 0.0], [0.0002435468152788077, 0.9999963805525337, 0.0026794713622229883, 0.0], [8.326981972939177e-06, -0.0026794734695993077, 0.9999964101698501, 0.0], [7.554016337962821e-05, -0.00012678839266300201, 0.021786347031593323, 1.0]], "wheel_velocity_fl": -0.9131320714950562, "wheel_velocity_fr": -1.8669146299362183, "wheel_velocity_rl": 0.5768130421638489, "wheel_velocity_rr": 0.41426143050193787}}, {"current_time": 0.25000001303851604, "current_time_step": 15, "data": {"base_link_transform_matrix": [[0.9999999701299906, -0.00024425224256511153, -8.992202736471658e-06, 0.0], [0.00024427545846740284, 0.9999963809025914, 0.002679274383065285, 0.0], [8.337751416303086e-06, -0.00267927649960978, 0.9999964106975188, 0.0], [7.473739970009774e-05, -0.00012695713667199016, 0.021786168217658997, 1.0]], "wheel_velocity_fl": -0.9040217399597168, "wheel_velocity_fr": -1.828844428062439, "wheel_velocity_rl": 0.5783176422119141, "wheel_velocity_rr": 0.43087464570999146}}, {"current_time": 0.2666666805744171, "current_time_step": 16, "data": {"base_link_transform_matrix": [[0.9999999704710543, -0.00024285376876370356, -8.940785983730155e-06, 0.0], [0.0002428768527712614, 0.9999963809699893, 0.0026793763748905464, 0.0], [8.290056976178761e-06, -0.002679378467281348, 0.9999964104247094, 0.0], [7.525437831645831e-05, -0.0001271350192837417, 0.021786198019981384, 1.0]], "wheel_velocity_fl": -0.8759998679161072, "wheel_velocity_fr": -1.809658408164978, "wheel_velocity_rl": 0.5849006175994873, "wheel_velocity_rr": 0.47438952326774597}}, {"current_time": 0.2833333481103182, "current_time_step": 17, "data": {"base_link_transform_matrix": [[0.999999970550451, -0.0002425276540162169, -8.912585375636919e-06, 0.0], [0.00024255066391325563, 0.9999963809586896, 0.0026794101400903028, 0.0], [8.262722065198899e-06, -0.0026794122229363824, 0.9999964103344906, 0.0], [7.556077616754919e-05, -0.0001271185465157032, 0.021786198019981384, 1.0]], "wheel_velocity_fl": -0.893588125705719, "wheel_velocity_fr": -1.7953274250030518, "wheel_velocity_rl": 0.5910811424255371, "wheel_velocity_rr": 0.46987560391426086}}, {"current_time": 0.30000001564621925, "current_time_step": 18, "data": {"base_link_transform_matrix": [[0.9999999704068654, -0.00024311693263209897, -8.968020344045683e-06, 0.0], [0.00024314008940196633, 0.9999963806689687, 0.0026794648458233895, 0.0], [8.316564611399241e-06, -0.002679466947014894, 0.9999964101874139, 0.0], [7.530598668381572e-05, -0.00012699677608907223, 0.02178625762462616, 1.0]], "wheel_velocity_fl": -0.9146299958229065, "wheel_velocity_fr": -1.8312842845916748, "wheel_velocity_rl": 0.5810559988021851, "wheel_velocity_rr": 0.400271475315094}}, {"current_time": 0.3166666831821203, "current_time_step": 19, "data": {"base_link_transform_matrix": [[0.9999999703719822, -0.00024326310490634806, -8.893622651332266e-06, 0.0], [0.00024328606116639947, 0.9999963808411867, 0.0026793873219029952, 0.0], [8.241794384726637e-06, -0.002679389406212484, 0.9999964103957987, 0.0], [7.516946061514318e-05, -0.0001269884523935616, 0.021786287426948547, 1.0]], "wheel_velocity_fl": -0.9183487296104431, "wheel_velocity_fr": -1.8110238313674927, "wheel_velocity_rl": 0.5750459432601929, "wheel_velocity_rr": 0.4437035620212555}}, {"current_time": 0.3333333507180214, "current_time_step": 20, "data": {"base_link_transform_matrix": [[0.9999984845607324, -0.0017277200964249955, -0.00021414832950220834, 0.0], [0.0017279504359180992, 0.9999979237509239, 0.0010801301460173702, 0.0], [0.00021228172231690842, -0.0010804985468450474, 0.9999993937294965, 0.0], [-0.0013289860216900706, -0.0005834021139889956, 0.022113963961601257, 1.0]], "wheel_velocity_fl": -22.868576049804688, "wheel_velocity_fr": -238.02154541015625, "wheel_velocity_rl": -74.95870971679688, "wheel_velocity_rr": -259.73468017578125}}, {"current_time": 0.35000001825392246, "current_time_step": 21, "data": {"base_link_transform_matrix": [[0.9999955952828028, -0.0029666240565708493, 9.250243181169662e-05, 0.0], [0.0029665653962838933, 0.9999954025641822, 0.0006279651652399341, 0.0], [-9.436494310359266e-05, -0.0006276879847176869, 0.9999997985515053, 0.0], [-0.004476714879274368, -0.0008357788901776075, 0.022169500589370728, 1.0]], "wheel_velocity_fl": -61.33164978027344, "wheel_velocity_fr": -270.005859375, "wheel_velocity_rl": -75.8838119506836, "wheel_velocity_rr": -255.6391143798828}}, {"current_time": 0.36666668578982353, "current_time_step": 22, "data": {"base_link_transform_matrix": [[0.9999873451019031, -0.005029132243609548, -0.0001321549225895617, 0.0], [0.005029270993110426, 0.9999867791544371, 0.0010714241050775936, 0.0], [0.00012676484187631353, -0.001072075189233502, 0.9999994172925619, 0.0], [-0.008571391925215721, -0.000852489669341594, 0.022262126207351685, 1.0]], "wheel_velocity_fl": -91.59082794189453, "wheel_velocity_fr": -253.8558349609375, "wheel_velocity_rl": -70.61917114257812, "wheel_velocity_rr": -196.63880920410156}}, {"current_time": 0.3833333533257246, "current_time_step": 23, "data": {"base_link_transform_matrix": [[0.9999587170884591, -0.009086132527687706, 7.946378027707054e-05, 0.0], [0.00908608947095196, 0.9999585820919491, 0.0005263827357796317, 0.0], [-8.42432723511062e-05, -0.0005256389901504163, 0.9999998583033515, 0.0], [-0.013370235450565815, -0.0007349002989940345, 0.022362321615219116, 1.0]], "wheel_velocity_fl": -70.18639373779297, "wheel_velocity_fr": -203.19281005859375, "wheel_velocity_rl": -76.09230041503906, "wheel_velocity_rr": -257.3193359375}}, {"current_time": 0.40000002086162567, "current_time_step": 24, "data": {"base_link_transform_matrix": [[0.9998971115767117, -0.014343987478869346, -0.00012760781716629114, 0.0], [0.014344013641215955, 0.9998970980156825, 0.00020652476175382414, 0.0], [0.00012463229747201697, -0.00020833392101687634, 0.9999999705318835, 0.0], [-0.018970957025885582, -0.0006666333647444844, 0.022510215640068054, 1.0]], "wheel_velocity_fl": -89.1617431640625, "wheel_velocity_fr": -254.3406219482422, "wheel_velocity_rl": -71.79067993164062, "wheel_velocity_rr": -210.6656036376953}}, {"current_time": 0.41666668839752674, "current_time_step": 25, "data": {"base_link_transform_matrix": [[0.9997845132346416, -0.020757008796347915, 0.0002714442837118657, 0.0], [0.020757045786670165, 0.9997845403125681, -0.00013417226573476492, 0.0], [-0.00026860078351125953, 0.000139777734812758, 0.9999999541579009, 0.0], [-0.02503935806453228, -0.000397884170524776, 0.02239982783794403, 1.0]], "wheel_velocity_fl": -75.46922302246094, "wheel_velocity_fr": -230.76141357421875, "wheel_velocity_rl": -76.05597686767578, "wheel_velocity_rr": -263.783935546875}}, {"current_time": 0.4333333559334278, "current_time_step": 26, "data": {"base_link_transform_matrix": [[0.9996241011019005, -0.027409360883663577, 0.0006192189971693751, 0.0], [0.027409894872237054, 0.9996238987945291, -0.0008709890458509452, 0.0], [-0.0005951128550746428, 0.0008876343696436577, 0.9999994289727947, 0.0], [-0.03152662515640259, -0.0003415292885620147, 0.022321268916130066, 1.0]], "wheel_velocity_fl": -73.82162475585938, "wheel_velocity_fr": -257.7814636230469, "wheel_velocity_rl": -90.11650848388672, "wheel_velocity_rr": -273.49884033203125}}, {"current_time": 0.4500000234693289, "current_time_step": 27, "data": {"base_link_transform_matrix": [[0.9994163795832247, -0.03415924609570937, 0.0002147718147024502, 0.0], [0.034159446930430236, 0.9994158816422072, -0.0010137587172978117, 0.0], [-0.00018001712903689942, 0.0010205035534191934, 0.9999994630830212, 0.0], [-0.038178808987140656, -5.5986616644077e-05, 0.022289812564849854, 1.0]], "wheel_velocity_fl": -74.86577606201172, "wheel_velocity_fr": -224.98826599121094, "wheel_velocity_rl": -72.55133819580078, "wheel_velocity_rr": -259.1255187988281}}, {"current_time": 0.46666669100522995, "current_time_step": 28, "data": {"base_link_transform_matrix": [[0.999142999483094, -0.04139098995142419, 0.0002292046400474594, 0.0], [0.041390990544367526, 0.9991430257461137, 2.157972037830368e-06, 0.0], [-0.00022909753817100073, 7.330884434251075e-06, 0.9999999737302877, 0.0], [-0.04481916129589081, 0.00026767633971758187, 0.022183164954185486, 1.0]], "wheel_velocity_fl": -80.78414154052734, "wheel_velocity_fr": -273.5829162597656, "wheel_velocity_rl": -82.82808685302734, "wheel_velocity_rr": -244.8367919921875}}, {"current_time": 0.483333358541131, "current_time_step": 29, "data": {"base_link_transform_matrix": [[0.9988097339292847, -0.04877602639146812, -0.00012106845296931589, 0.0], [0.048776081013363504, 0.9988096139721597, 0.0004989566745463314, 0.0], [9.658721084861795e-05, -0.0005042680280160558, 0.9999998681923247, 0.0], [-0.05161495506763458, 0.0004897167673334479, 0.02220107614994049, 1.0]], "wheel_velocity_fl": -80.64669799804688, "wheel_velocity_fr": -253.43289184570312, "wheel_velocity_rl": -74.58821868896484, "wheel_velocity_rr": -245.38922119140625}}, {"current_time": 0.5000000260770321, "current_time_step": 30, "data": {"base_link_transform_matrix": [[0.9984121748341226, -0.05633019241801258, -0.00019638010848856886, 0.0], [0.056330291310834314, 0.9984120420696238, 0.0005408615354252255, 0.0], [0.0001656014307759216, -0.0005510648905868367, 0.9999998344518125, 0.0], [-0.0585438571870327, 0.0006714758928865194, 0.022119536995887756, 1.0]], "wheel_velocity_fl": -84.64212036132812, "wheel_velocity_fr": -245.6472930908203, "wheel_velocity_rl": -76.64956665039062, "wheel_velocity_rr": -253.7229766845703}}, {"current_time": 0.5166666936129332, "current_time_step": 31, "data": {"base_link_transform_matrix": [[0.997957016650488, -0.06388863586420912, 0.0001874178971912049, 0.0], [0.0638886283280232, 0.9979570336746143, 4.593178108034535e-05, 0.0], [-0.00018996952757450541, -3.386407084071622e-05, 0.9999999813824014, 0.0], [-0.06537537276744843, 0.0008619694272056222, 0.021978959441184998, 1.0]], "wheel_velocity_fl": -77.4859390258789, "wheel_velocity_fr": -249.6648712158203, "wheel_velocity_rl": -76.27545166015625, "wheel_velocity_rr": -245.13502502441406}}, {"current_time": 0.5333333611488342, "current_time_step": 32, "data": {"base_link_transform_matrix": [[0.9974488812243463, -0.07138356160452389, 0.00034128720036848354, 0.0], [0.07138312005942488, 0.9974482890000478, 0.0011665939563272288, 0.0], [-0.0004236919656141104, -0.0011392556913830299, 0.9999992612905211, 0.0], [-0.07239235937595367, 0.0014952028868719935, 0.021589085459709167, 1.0]], "wheel_velocity_fl": -87.44514465332031, "wheel_velocity_fr": -266.96014404296875, "wheel_velocity_rl": -73.61813354492188, "wheel_velocity_rr": -244.46542358398438}}, {"current_time": 0.5500000286847353, "current_time_step": 33, "data": {"base_link_transform_matrix": [[0.9968703734887407, -0.07905279423355376, -0.0003379116540162564, 0.0], [0.07905300949863288, 0.9968701818406751, 0.0006798868644775858, 0.0], [0.0002831070955856261, -0.0007044720057165055, 0.9999997117847412, 0.0], [-0.07945942878723145, 0.0015591152478009462, 0.022051572799682617, 1.0]], "wheel_velocity_fl": -64.2137680053711, "wheel_velocity_fr": -266.9528503417969, "wheel_velocity_rl": -76.50179290771484, "wheel_velocity_rr": -237.22547912597656}}, {"current_time": 0.5666666962206364, "current_time_step": 34, "data": {"base_link_transform_matrix": [[0.9962519128942453, -0.08649870538413787, 0.0003162616404394064, 0.0], [0.08649883598350219, 0.9962518608285907, -0.0004256396003340767, 0.0], [-0.00027825897340734185, 0.00045140052980060754, 0.9999998594047428, 0.0], [-0.08627559244632721, 0.0018280629301443696, 0.02203218638896942, 1.0]], "wheel_velocity_fl": -79.14673614501953, "wheel_velocity_fr": -249.50762939453125, "wheel_velocity_rl": -76.13970184326172, "wheel_velocity_rr": -243.1205291748047}}, {"current_time": 0.5833333637565374, "current_time_step": 35, "data": {"base_link_transform_matrix": [[0.9955628284972101, -0.09409877124192656, 0.00027525514373894763, 0.0], [0.09409899339784933, 0.9955623885511866, -0.0009539097271455452, 0.0], [-0.00018427193516162968, 0.0009755782980414362, 0.9999995071452977, 0.0], [-0.09332636743783951, 0.0023398902267217636, 0.02210947871208191, 1.0]], "wheel_velocity_fl": -80.61628723144531, "wheel_velocity_fr": -257.47711181640625, "wheel_velocity_rl": -78.09392547607422, "wheel_velocity_rr": -248.47543334960938}}, {"current_time": 0.6000000312924385, "current_time_step": 36, "data": {"base_link_transform_matrix": [[0.9948297174885384, -0.10155696673726416, 0.00012533475625307953, 0.0], [0.10155703701460489, 0.9948293509594616, -0.0008548113186611655, 0.0], [-3.787464956000452e-05, 0.0008631203291297028, 0.9999996267943345, 0.0], [-0.10026547312736511, 0.0030313681345432997, 0.022086620330810547, 1.0]], "wheel_velocity_fl": -81.55064392089844, "wheel_velocity_fr": -252.74754333496094, "wheel_velocity_rl": -77.08531188964844, "wheel_velocity_rr": -232.00619506835938}}, {"current_time": 0.6166666988283396, "current_time_step": 37, "data": {"base_link_transform_matrix": [[0.9940473741029258, -0.10894855224514724, -0.00017607601849952158, 0.0], [0.10894814089006577, 0.9940461767704103, -0.0015814691677328307, 0.0], [0.0003473264692552353, 0.0015528721185387123, 0.9999987339754522, 0.0], [-0.10718466341495514, 0.003618505783379078, 0.02219851315021515, 1.0]], "wheel_velocity_fl": -77.54076385498047, "wheel_velocity_fr": -257.7995910644531, "wheel_velocity_rl": -93.47917938232422, "wheel_velocity_rr": -237.5723419189453}}, {"current_time": 0.6333333663642406, "current_time_step": 38, "data": {"base_link_transform_matrix": [[0.9932138587417665, -0.11630042568965004, -0.0006646711191221734, 0.0], [0.11629935276203018, 0.9932131144475, -0.0014730365338313667, 0.0], [0.0008314748482476338, 0.0013857394788807254, 0.9999986941869842, 0.0], [-0.11409656703472137, 0.004635607823729515, 0.02211940288543701, 1.0]], "wheel_velocity_fl": -78.25270080566406, "wheel_velocity_fr": -254.96971130371094, "wheel_velocity_rl": -80.2537612915039, "wheel_velocity_rr": -255.34878540039062}}, {"current_time": 0.6500000339001417, "current_time_step": 39, "data": {"base_link_transform_matrix": [[0.9923556132184005, -0.12341104988773849, -0.00022288907213589723, 0.0], [0.12341044840956894, 0.9923540539861107, -0.0018145965613846336, 0.0], [0.000445126141086418, 0.001773218243078965, 0.9999983287784939, 0.0], [-0.12070626020431519, 0.005464670713990927, 0.02226892113685608, 1.0]], "wheel_velocity_fl": -72.78067016601562, "wheel_velocity_fr": -234.9076690673828, "wheel_velocity_rl": -82.06353759765625, "wheel_velocity_rr": -254.59095764160156}}, {"current_time": 0.6666667014360428, "current_time_step": 40, "data": {"base_link_transform_matrix": [[0.9914095392717022, -0.13079360907179674, -0.00039656909267484067, 0.0], [0.13079248457334938, 0.9914074767566476, -0.0021309646048958265, 0.0], [0.0006718781150070175, 0.0020607903802081352, 0.9999976508586444, 0.0], [-0.12757253646850586, 0.006315916310995817, 0.022224634885787964, 1.0]], "wheel_velocity_fl": -75.81236267089844, "wheel_velocity_fr": -239.1453857421875, "wheel_velocity_rl": -84.66722869873047, "wheel_velocity_rr": -251.7343292236328}}, {"current_time": 0.6833333689719439, "current_time_step": 41, "data": {"base_link_transform_matrix": [[0.990369777468192, -0.1384473443590305, -0.00019161820354914193, 0.0], [0.13844697007280626, 0.9903689481583327, -0.0013352907613528532, 0.0], [0.0003746401785534035, 0.0012959026544841848, 0.9999990901401095, 0.0], [-0.1343693733215332, 0.007304636295884848, 0.022056415677070618, 1.0]], "wheel_velocity_fl": -88.01579284667969, "wheel_velocity_fr": -238.1168975830078, "wheel_velocity_rl": -70.13253021240234, "wheel_velocity_rr": -247.92904663085938}}, {"current_time": 0.7000000365078449, "current_time_step": 42, "data": {"base_link_transform_matrix": [[0.9892458624723767, -0.14626209385366443, 0.00015324106987421235, 0.0], [0.1462620119194701, 0.9892457827930415, 0.0004528746529825083, 0.0], [-0.00021783147712223168, -0.0004255910294930653, 0.9999998857108551, 0.0], [-0.1411334127187729, 0.008403397165238857, 0.022039294242858887, 1.0]], "wheel_velocity_fl": -79.86229705810547, "wheel_velocity_fr": -243.98353576660156, "wheel_velocity_rl": -81.82073211669922, "wheel_velocity_rr": -241.64028930664062}}, {"current_time": 0.716666704043746, "current_time_step": 43, "data": {"base_link_transform_matrix": [[0.9880258060845207, -0.15428871120412246, 1.029582423768664e-05, 0.0], [0.15428870047495474, 0.9880257582593807, 0.0003129244725998775, 0.0], [-5.8453253131010474e-05, -0.00030758892494211625, 0.999999950986134, 0.0], [-0.14802080392837524, 0.009112128056585789, 0.02211327850818634, 1.0]], "wheel_velocity_fl": -76.25946807861328, "wheel_velocity_fr": -252.09706115722656, "wheel_velocity_rl": -80.38289642333984, "wheel_velocity_rr": -247.81199645996094}}, {"current_time": 0.7333333715796471, "current_time_step": 44, "data": {"base_link_transform_matrix": [[0.9867658793577477, -0.1621513800662693, -0.00017110796347585936, 0.0], [0.1621514702842589, 0.9867653586817478, 0.0010137013045471055, 0.0], [4.470345445269018e-06, -0.0010280312670424767, 0.9999994715657253, 0.0], [-0.15485358238220215, 0.010206681676208973, 0.022030562162399292, 1.0]], "wheel_velocity_fl": -77.00164031982422, "wheel_velocity_fr": -247.81410217285156, "wheel_velocity_rl": -80.68035125732422, "wheel_velocity_rr": -251.5457000732422}}, {"current_time": 0.7500000391155481, "current_time_step": 45, "data": {"base_link_transform_matrix": [[0.9854494369231734, -0.169968194611261, -0.0004691357893553897, 0.0], [0.16996872827664566, 0.98544821714649, 0.001562923806233177, 0.0], [0.00019666168955946665, -0.001619920798312103, 0.9999986685895073, 0.0], [-0.16176502406597137, 0.011217422783374786, 0.021958276629447937, 1.0]], "wheel_velocity_fl": -66.7984619140625, "wheel_velocity_fr": -287.2742004394531, "wheel_velocity_rl": -92.85107421875, "wheel_velocity_rr": -252.2071075439453}}, {"current_time": 0.7666667066514492, "current_time_step": 46, "data": {"base_link_transform_matrix": [[0.984109424465898, -0.1775628449072118, -0.0002771026099993504, 0.0], [0.17756288342821203, 0.9841094490862503, 0.00012102816195536125, 0.0], [0.00025120919211613806, -0.00016830809324302402, 0.9999999542831627, 0.0], [-0.16852740943431854, 0.012033061124384403, 0.02212679386138916, 1.0]], "wheel_velocity_fl": -75.94654083251953, "wheel_velocity_fr": -260.4631042480469, "wheel_velocity_rl": -88.07270050048828, "wheel_velocity_rr": -254.3443603515625}}, {"current_time": 0.7833333741873503, "current_time_step": 47, "data": {"base_link_transform_matrix": [[0.9826849244375013, -0.18528273065878925, -0.0008056071529821444, 0.0], [0.18528273422775637, 0.9826852514295173, -7.085190744282724e-05, 0.0], [0.0008047859025650671, -7.963999470626262e-05, 0.9999996729885077, 0.0], [-0.17530804872512817, 0.013332152739167213, 0.02217496931552887, 1.0]], "wheel_velocity_fl": -77.39407348632812, "wheel_velocity_fr": -251.808837890625, "wheel_velocity_rl": -79.961669921875, "wheel_velocity_rr": -251.79910278320312}}, {"current_time": 0.8000000417232513, "current_time_step": 48, "data": {"base_link_transform_matrix": [[0.9812596466674545, -0.19268888103055343, -0.0007077776880800719, 0.0], [0.1926884885550872, 0.9812598035229032, -0.0005868292335934201, 0.0], [0.0008075892635204795, 0.00043945123346084944, 0.9999995773410081, 0.0], [-0.18195049464702606, 0.01463314425200224, 0.0223381370306015, 1.0]], "wheel_velocity_fl": -73.2648696899414, "wheel_velocity_fr": -256.0545654296875, "wheel_velocity_rl": -83.97087860107422, "wheel_velocity_rr": -253.68301391601562}}, {"current_time": 0.8166667092591524, "current_time_step": 49, "data": {"base_link_transform_matrix": [[0.9798172219652458, -0.19989488835233918, -0.0004951271696500345, 0.0], [0.1998948347097905, 0.9798173455809556, -0.00015606100057370277, 0.0], [0.0005163299853773428, 5.393789230172204e-05, 0.9999998652470159, 0.0], [-0.18852533400058746, 0.016173550859093666, 0.022393524646759033, 1.0]], "wheel_velocity_fl": -69.093505859375, "wheel_velocity_fr": -259.0675964355469, "wheel_velocity_rl": -78.73316955566406, "wheel_velocity_rr": -254.8340301513672}}, {"current_time": 0.8333333767950535, "current_time_step": 50, "data": {"base_link_transform_matrix": [[0.9783758430119872, -0.20683478200056643, -0.0002876896966476774, 0.0], [0.20683463644209055, 0.9783758044779157, -0.0004673115229462164, 0.0], [0.0003781249153726123, 0.0003977021113974624, 0.9999998494272782, 0.0], [-0.19518864154815674, 0.01755594275891781, 0.02245914936065674, 1.0]], "wheel_velocity_fl": -82.05633544921875, "wheel_velocity_fr": -251.39227294921875, "wheel_velocity_rl": -82.83877563476562, "wheel_velocity_rr": -256.1077575683594}}, {"current_time": 0.8500000443309546, "current_time_step": 51, "data": {"base_link_transform_matrix": [[0.9769166025594351, -0.2136207707455362, -0.00034343822391280903, 0.0], [0.213620902261485, 0.976916549290783, 0.00040723307618044353, 0.0], [0.0002485170409927146, -0.0004711983364953627, 0.9999998581056939, 0.0], [-0.2018709033727646, 0.01915757730603218, 0.022302687168121338, 1.0]], "wheel_velocity_fl": -75.91659545898438, "wheel_velocity_fr": -222.0238037109375, "wheel_velocity_rl": -87.5179214477539, "wheel_velocity_rr": -259.0667724609375}}, {"current_time": 0.8666667118668556, "current_time_step": 52, "data": {"base_link_transform_matrix": [[0.9754057521680723, -0.22041521649149917, -0.0008665889697891547, 0.0], [0.22041590598933222, 0.975405651963023, 0.0008015644029020566, 0.0], [0.0006685987876636189, -0.0009728605222202708, 0.99999930325879, 0.0], [-0.20862191915512085, 0.020582446828484535, 0.0223810076713562, 1.0]], "wheel_velocity_fl": -79.22981262207031, "wheel_velocity_fr": -254.63177490234375, "wheel_velocity_rl": -73.92095947265625, "wheel_velocity_rr": -244.6183319091797}}, {"current_time": 0.8833333794027567, "current_time_step": 53, "data": {"base_link_transform_matrix": [[0.973833024750921, -0.22726450773927417, 0.00028883645432833065, 0.0], [0.227264580972267, 0.9738330177887937, -0.00025238833361765464, 0.0], [-0.0002239195655672213, 0.00031142639010116855, 0.9999999264368131, 0.0], [-0.21521753072738647, 0.021703217178583145, 0.02229870855808258, 1.0]], "wheel_velocity_fl": -5.623472213745117, "wheel_velocity_fr": -245.52052307128906, "wheel_velocity_rl": -89.90518188476562, "wheel_velocity_rr": -244.9340362548828}}, {"current_time": 0.9000000469386578, "current_time_step": 54, "data": {"base_link_transform_matrix": [[0.972188802893279, -0.23419848021588519, 5.825377859587988e-05, 0.0], [0.23419808093766248, 0.9721875487401767, 0.0016214066987531293, 0.0], [-0.00043636458287781986, -0.0015626705143094257, 0.9999986838225411, 0.0], [-0.22220957279205322, 0.023465923964977264, 0.022431686520576477, 1.0]], "wheel_velocity_fl": -73.63725280761719, "wheel_velocity_fr": -240.3661651611328, "wheel_velocity_rl": -74.87965393066406, "wheel_velocity_rr": -246.95611572265625}}, {"current_time": 0.9166667144745588, "current_time_step": 55, "data": {"base_link_transform_matrix": [[0.9704366071879648, -0.2413559787855169, -0.00028798263292986547, 0.0], [0.24135612167798343, 0.9704352160559844, 0.0016474121941574857, 0.0], [-0.0001181442939764107, -0.001668215471732838, 0.999998601548555, 0.0], [-0.22944502532482147, 0.024880845099687576, 0.022321343421936035, 1.0]], "wheel_velocity_fl": -88.47772216796875, "wheel_velocity_fr": -237.00999450683594, "wheel_velocity_rl": -74.56062316894531, "wheel_velocity_rr": -258.18072509765625}}, {"current_time": 0.9333333820104599, "current_time_step": 56, "data": {"base_link_transform_matrix": [[0.9687402845877104, -0.2480770705531743, 0.00016757886884856437, 0.0], [0.24807651273959247, 0.9687391677117755, 0.001571231383138394, 0.0], [-0.0005521266926246241, -0.0014805427558618324, 0.9999987515738524, 0.0], [-0.2363830804824829, 0.02639950066804886, 0.02222682535648346, 1.0]], "wheel_velocity_fl": -78.3102035522461, "wheel_velocity_fr": -242.69793701171875, "wheel_velocity_rl": -86.30340576171875, "wheel_velocity_rr": -252.93319702148438}}, {"current_time": 0.950000049546361, "current_time_step": 57, "data": {"base_link_transform_matrix": [[0.9669398664328378, -0.2550044967816236, 3.638676592950267e-05, 0.0], [0.2550033223514063, 0.9669358270173855, 0.0029003482462776806, 0.0], [-0.0007747855126400364, -0.00279518359966281, 0.9999957933191788, 0.0], [-0.24339735507965088, 0.0282785352319479, 0.021973788738250732, 1.0]], "wheel_velocity_fl": -78.47661590576172, "wheel_velocity_fr": -246.9381103515625, "wheel_velocity_rl": -85.93761444091797, "wheel_velocity_rr": -235.32919311523438}}, {"current_time": 0.966666717082262, "current_time_step": 58, "data": {"base_link_transform_matrix": [[0.9650981394758426, -0.26188845420223833, -0.00013687888523243428, 0.0], [0.26188837333707454, 0.965097084556438, 0.001448202860338821, 0.0], [-0.0002471661953902362, -0.001433504874694304, 0.9999989419857633, 0.0], [-0.250450998544693, 0.029642364010214806, 0.022223874926567078, 1.0]], "wheel_velocity_fl": -76.1552505493164, "wheel_velocity_fr": -275.59295654296875, "wheel_velocity_rl": -77.57893371582031, "wheel_velocity_rr": -226.9299774169922}}, {"current_time": 0.9833333846181631, "current_time_step": 59, "data": {"base_link_transform_matrix": [[0.9632156907401661, -0.268729465107252, 8.772180349485771e-05, 0.0], [0.26872931220189195, 0.9632154042030149, 0.0008011675983817854, 0.0], [-0.0002997923325851157, -0.0007481237817556688, 0.9999996752176296, 0.0], [-0.2573300004005432, 0.031558722257614136, 0.022202268242836, 1.0]], "wheel_velocity_fl": -78.70050811767578, "wheel_velocity_fr": -246.40481567382812, "wheel_velocity_rl": -76.20464324951172, "wheel_velocity_rr": -254.61317443847656}}, {"current_time": 1.0000000521540642, "current_time_step": 60, "data": {"base_link_transform_matrix": [[0.9613060754011522, -0.2754823738447904, -0.0003018239113049943, 0.0], [0.27548238619418713, 0.9613061192441713, -6.83938048919513e-07, 0.0], [0.0002903335857489801, -8.248969749513819e-05, 0.9999999544509284, 0.0], [-0.264355331659317, 0.03346165269613266, 0.02217547595500946, 1.0]], "wheel_velocity_fl": -91.2649154663086, "wheel_velocity_fr": -269.9135437011719, "wheel_velocity_rl": -95.89374542236328, "wheel_velocity_rr": -248.8206024169922}}, {"current_time": 1.0166667196899652, "current_time_step": 61, "data": {"base_link_transform_matrix": [[0.9592614369713508, -0.28251990265296467, -1.2025740810929393e-05, 0.0], [0.2825198975177805, 0.9592614094818257, 0.00023618950861862176, 0.0], [-5.5192407902229344e-05, -0.00022996499849653554, 0.9999999720349484, 0.0], [-0.2708742320537567, 0.035458389669656754, 0.022304251790046692, 1.0]], "wheel_velocity_fl": -80.76690673828125, "wheel_velocity_fr": -253.53460693359375, "wheel_velocity_rl": -82.86669921875, "wheel_velocity_rr": -245.10902404785156}}, {"current_time": 1.0333333872258663, "current_time_step": 62, "data": {"base_link_transform_matrix": [[0.9571549810138499, -0.289576090377073, 0.0001737881064117915, 0.0], [0.2895761225137051, 0.9571549656148243, -0.00020265441579851593, 0.0], [-0.00010765827559225974, 0.00024429656949972713, 0.9999999643644403, 0.0], [-0.2774772644042969, 0.037267204374074936, 0.02241407334804535, 1.0]], "wheel_velocity_fl": -77.95887756347656, "wheel_velocity_fr": -258.68365478515625, "wheel_velocity_rl": -71.62229919433594, "wheel_velocity_rr": -231.40560913085938}}, {"current_time": 1.0500000547617674, "current_time_step": 63, "data": {"base_link_transform_matrix": [[0.9550463318001102, -0.2964558167623574, 0.0006729211820985158, 0.0], [0.2964555975989032, 0.9550465500848198, 0.00040721414649365573, 0.0], [-0.0007633920558381492, -0.00018941712568990276, 0.9999996906768129, 0.0], [-0.28401604294776917, 0.0394599623978138, 0.022292092442512512, 1.0]], "wheel_velocity_fl": -93.445556640625, "wheel_velocity_fr": -256.001953125, "wheel_velocity_rl": -85.68988800048828, "wheel_velocity_rr": -278.9218444824219}}, {"current_time": 1.0666667222976685, "current_time_step": 64, "data": {"base_link_transform_matrix": [[0.9529775722110871, -0.30304077464806345, 0.0001891120402486465, 0.0], [0.3030406862823696, 0.952977538650736, 0.0003915158944328465, 0.0], [-0.0002988648065813333, -0.00031579722409745743, 0.9999999054759658, 0.0], [-0.29072868824005127, 0.0412508100271225, 0.022422462701797485, 1.0]], "wheel_velocity_fl": -79.9848403930664, "wheel_velocity_fr": -241.75291442871094, "wheel_velocity_rl": -76.86892700195312, "wheel_velocity_rr": -243.92898559570312}}, {"current_time": 1.0833333898335695, "current_time_step": 65, "data": {"base_link_transform_matrix": [[0.9506999597592348, -0.3101121029186324, 0.0002648342366660181, 0.0], [0.31011215756492944, 0.950699958204903, -0.00019798893904207548, 0.0], [-0.00019037913148864388, 0.00027035639290963476, 0.9999999453316021, 0.0], [-0.2973552644252777, 0.04316158592700958, 0.02235734462738037, 1.0]], "wheel_velocity_fl": -81.57881927490234, "wheel_velocity_fr": -253.638916015625, "wheel_velocity_rl": -75.27042388916016, "wheel_velocity_rr": -246.71237182617188}}, {"current_time": 1.1000000573694706, "current_time_step": 66, "data": {"base_link_transform_matrix": [[0.9483450179924358, -0.3172406087224447, 0.0003507511074015643, 0.0], [0.31724075578601113, 0.94834489913597, -0.000505124843251965, 0.0], [-0.00017238691081648345, 0.0005903051749670638, 0.9999998109112588, 0.0], [-0.30403876304626465, 0.045257389545440674, 0.022249653935432434, 1.0]], "wheel_velocity_fl": -86.6744155883789, "wheel_velocity_fr": -252.68460083007812, "wheel_velocity_rl": -79.72509002685547, "wheel_velocity_rr": -254.5614013671875}}, {"current_time": 1.1166667249053717, "current_time_step": 67, "data": {"base_link_transform_matrix": [[0.9458940112414772, -0.32447566972913316, 0.00024341597877151823, 0.0], [0.3244754558557719, 0.9458938843290514, 0.0006619184905346715, 0.0], [-0.0004450221311902838, -0.000547122225452277, 0.9999997513062556, 0.0], [-0.3106206953525543, 0.047604870051145554, 0.022076502442359924, 1.0]], "wheel_velocity_fl": -75.66210174560547, "wheel_velocity_fr": -248.4576416015625, "wheel_velocity_rl": -90.53741455078125, "wheel_velocity_rr": -265.0659484863281}}, {"current_time": 1.1333333924412727, "current_time_step": 68, "data": {"base_link_transform_matrix": [[0.9433457339596096, -0.33181142659246593, -5.833419313252457e-05, 0.0], [0.3318113701418776, 0.943345437206839, 0.0007750778074034578, 0.0], [-0.00020215037806999226, -0.0007505222916502437, 0.9999996979257115, 0.0], [-0.31728458404541016, 0.04962901398539543, 0.02218891680240631, 1.0]], "wheel_velocity_fl": -71.33901977539062, "wheel_velocity_fr": -252.25244140625, "wheel_velocity_rl": -76.7365951538086, "wheel_velocity_rr": -247.98822021484375}}, {"current_time": 1.1500000599771738, "current_time_step": 69, "data": {"base_link_transform_matrix": [[0.9407727678738766, -0.3390372697083435, 0.0005735639780004747, 0.0], [0.3390365598318769, 0.9407725973555111, 0.0010635611554954353, 0.0], [-0.0009001801436600892, -0.0008061102141138118, 0.9999992699307493, 0.0], [-0.3237749934196472, 0.05182243511080742, 0.021899551153182983, 1.0]], "wheel_velocity_fl": -84.97673034667969, "wheel_velocity_fr": -250.58409118652344, "wheel_velocity_rl": -74.2282943725586, "wheel_velocity_rr": -245.3126678466797}}, {"current_time": 1.1666667275130749, "current_time_step": 70, "data": {"base_link_transform_matrix": [[0.9381241233508161, -0.34629900962643806, -0.0003537216575723309, 0.0], [0.34629914853110605, 0.9381230193257918, 0.0014492541844291387, 0.0], [-0.00017004085936210317, -0.0014820738201143974, 0.9999988872710298, 0.0], [-0.33064156770706177, 0.05412144958972931, 0.021995633840560913, 1.0]], "wheel_velocity_fl": -72.95077514648438, "wheel_velocity_fr": -257.3238830566406, "wheel_velocity_rl": -76.16607666015625, "wheel_velocity_rr": -264.9134521484375}}, {"current_time": 1.183333395048976, "current_time_step": 71, "data": {"base_link_transform_matrix": [[0.9355330182314912, -0.3532392551158315, -2.1068672673850502e-05, 0.0], [0.35323923108797445, 0.9355329735519998, -0.0003178322354296862, 0.0], [0.00013198126009034304, 0.00028990026876744103, 0.9999999492693893, 0.0], [-0.3372269570827484, 0.05600988492369652, 0.022005870938301086, 1.0]], "wheel_velocity_fl": -76.3436