{"Isaac Sim Data": [{"current_time": 1.0000000521540642, "current_time_step": 60, "data": {"base_link_transform_matrix": [[0.9999956871103326, 0.002923451015384073, -0.0002814158744711065, 0.0], [-0.0029233025987259473, 0.9999955886100668, 0.0005263670985051023, 0.0], [0.0002829534414645403, -0.0005255421645847178, 0.9999998218713757, 0.0], [0.0016658660024404526, -0.0018834008369594812, 0.022240951657295227, 1.0]], "wheel_velocity_fl": 0.8767343759536743, "wheel_velocity_fr": 0.8410033583641052, "wheel_velocity_rl": -0.29357045888900757, "wheel_velocity_rr": 1.4180384874343872}}, {"current_time": 1.0166667196899652, "current_time_step": 61, "data": {"base_link_transform_matrix": [[0.9999955058315522, 0.0029861195295153883, -0.0002672206085194694, 0.0], [-0.002985978785730371, 0.9999954038517344, 0.000525553135079837, 0.0], [0.00026878874481439294, -0.0005247528580873704, 0.9999998261935092, 0.0], [0.0017138952389359474, -0.0019243338610976934, 0.022237807512283325, 1.0]], "wheel_velocity_fl": 0.8139286041259766, "wheel_velocity_fr": 0.9780410528182983, "wheel_velocity_rl": -0.5140165090560913, "wheel_velocity_rr": 1.3731495141983032}}, {"current_time": 1.0333333872258663, "current_time_step": 62, "data": {"base_link_transform_matrix": [[0.9999954677456782, 0.0030015650843067524, -0.00023472355441653582, 0.0], [-0.0030014448312338762, 0.9999953650917646, 0.0005110028507952597, 0.0], [0.00023625627480932865, -0.0005102960250012085, 0.9999998418904572, 0.0], [0.0017472062027081847, -0.0019523435039445758, 0.02222825586795807, 1.0]], "wheel_velocity_fl": 0.6655113101005554, "wheel_velocity_fr": 0.43355992436408997, "wheel_velocity_rl": -0.1759418398141861, "wheel_velocity_rr": -0.29335108399391174}}, {"current_time": 1.0500000547617674, "current_time_step": 63, "data": {"base_link_transform_matrix": [[0.9999954045256353, 0.0030213126109513502, -0.0002501953593695918, 0.0], [-0.0030211778841713922, 0.9999952919795064, 0.0005371247657194912, 0.0], [0.0002518170032730351, -0.0005363664126899501, 0.9999998244496187, 0.0], [0.0017684035701677203, -0.001959082670509815, 0.02222895622253418, 1.0]], "wheel_velocity_fl": -0.03517867624759674, "wheel_velocity_fr": 0.9171029329299927, "wheel_velocity_rl": 0.2723425328731537, "wheel_velocity_rr": -0.24523885548114777}}, {"current_time": 1.0666667222976685, "current_time_step": 64, "data": {"base_link_transform_matrix": [[0.9999953926206889, 0.003026438661451397, -0.00023538568898697303, 0.0], [-0.0030263186162592256, 0.9999952913046937, 0.0005086885823325346, 0.0], [0.0002369240954196942, -0.0005079738865187023, 0.9999998429147394, 0.0], [0.0017968792235478759, -0.0019970303401350975, 0.02222822606563568, 1.0]], "wheel_velocity_fl": 0.7882624268531799, "wheel_velocity_fr": 0.15643250942230225, "wheel_velocity_rl": -0.15029288828372955, "wheel_velocity_rr": 0.32854121923446655}}, {"current_time": 1.0833333898335695, "current_time_step": 65, "data": {"base_link_transform_matrix": [[0.999995393931735, 0.0030247745227423065, -0.0002507077993833056, 0.0], [-0.0030246403471189853, 0.9999952832665433, 0.0005338496384063179, 0.0], [0.00025232139164666704, -0.000533088878533088, 0.9999998260750663, 0.0], [0.001809925539419055, -0.0019980263896286488, 0.02222883701324463, 1.0]], "wheel_velocity_fl": -0.357968807220459, "wheel_velocity_fr": 0.5952657461166382, "wheel_velocity_rl": 0.4140414595603943, "wheel_velocity_rr": -0.09433174133300781}}, {"current_time": 1.1000000573694706, "current_time_step": 66, "data": {"base_link_transform_matrix": [[0.9999954598971621, 0.00300407629642068, -0.0002360310751948667, 0.0], [-0.0030039565936415278, 0.9999953601560434, 0.0005058766336609972, 0.0], [0.000237549672051603, -0.0005051653098244211, 0.9999998441890694, 0.0], [0.0018279493087902665, -0.002028318354859948, 0.02222803235054016, 1.0]], "wheel_velocity_fl": 0.7238312363624573, "wheel_velocity_fr": -0.21709014475345612, "wheel_velocity_rl": 0.034843798726797104, "wheel_velocity_rr": 0.13980111479759216}}, {"current_time": 1.1166667249053717, "current_time_step": 67, "data": {"base_link_transform_matrix": [[0.9999955065352558, 0.0029872402529478913, -0.00025160478597943014, 0.0], [-0.002987106162781681, 0.9999953972672793, 0.0005316399426277288, 0.0], [0.0002531917641465415, -0.0005308859835156055, 0.9999998270269865, 0.0], [0.0018326941644772887, -0.002023338573053479, 0.022228464484214783, 1.0]], "wheel_velocity_fl": -0.5938949584960938, "wheel_velocity_fr": 0.39396336674690247, "wheel_velocity_rl": 0.5048471093177795, "wheel_velocity_rr": -0.378030389547348}}, {"current_time": 1.1333333924412727, "current_time_step": 68, "data": {"base_link_transform_matrix": [[0.9999956215742837, 0.0029497113618983293, -0.00023671743379277438, 0.0], [-0.0029495916033898703, 0.9999955225948443, 0.0005046777561495966, 0.0], [0.0002382050276243277, -0.0005039773267004395, 0.9999998446325974, 0.0], [0.0018448897171765566, -0.0020460893865674734, 0.022227957844734192, 1.0]], "wheel_velocity_fl": 0.6192867159843445, "wheel_velocity_fr": -0.3232617974281311, "wheel_velocity_rl": 0.2688751518726349, "wheel_velocity_rr": -0.16674239933490753}}, {"current_time": 1.1500000599771738, "current_time_step": 69, "data": {"base_link_transform_matrix": [[0.9999957290921367, 0.002913050266599071, -0.0002365071461499254, 0.0], [-0.0029129309157711705, 0.9999956306887143, 0.0005034252283127533, 0.0], [0.00023797261577213172, -0.0005027341492521663, 0.9999998453136927, 0.0], [0.0018514780094847083, -0.0020521911792457104, 0.022227510809898376, 1.0]], "wheel_velocity_fl": 0.7369000911712646, "wheel_velocity_fr": -0.266520619392395, "wheel_velocity_rl": 0.3683147132396698, "wheel_velocity_rr": -0.047302741557359695}}, {"current_time": 1.1666667275130749, "current_time_step": 70, "data": {"base_link_transform_matrix": [[0.9999958133564134, 0.0028826026366586986, -0.0002527284795325242, 0.0], [-0.002882468248227699, 0.9999957049578787, 0.0005305116333129899, 0.0], [0.00025425664828602546, -0.0005297809304321873, 0.9999998273428464, 0.0], [0.0018531220266595483, -0.0020403556991368532, 0.02222810685634613, 1.0]], "wheel_velocity_fl": -0.4854435920715332, "wheel_velocity_fr": 0.3373808264732361, "wheel_velocity_rl": 0.724221408367157, "wheel_velocity_rr": -0.6382521390914917}}, {"current_time": 1.183333395048976, "current_time_step": 71, "data": {"base_link_transform_matrix": [[0.9999959201206744, 0.0028466231401793793, -0.0002376524846868897, 0.0], [-0.002846503275031847, 0.9999958220980455, 0.0005031953491704375, 0.0], [0.00023908389932308864, -0.000502516817618155, 0.9999998451578566, 0.0], [0.0018652139697223902, -0.0020637742709368467, 0.02222725749015808, 1.0]], "wheel_velocity_fl": 0.6020923256874084, "wheel_velocity_fr": -0.30271053314208984, "wheel_velocity_rl": 0.20037420094013214, "wheel_velocity_rr": -0.1468803882598877}}, {"current_time": 1.200000062584877, "current_time_step": 72, "data": {"base_link_transform_matrix": [[0.9999959960087227, 0.0028185040045414743, -0.00025298557100628095, 0.0], [-0.0028183699923266465, 0.9999958887173408, 0.0005285253088643502, 0.0], [0.0002544741816106255, -0.0005278101857118079, 0.9999998283296346, 0.0], [0.0018674643943086267, -0.0020542910788208246, 0.022227585315704346, 1.0]], "wheel_velocity_fl": -0.4618077576160431, "wheel_velocity_fr": 0.31773436069488525, "wheel_velocity_rl": 0.6814965009689331, "wheel_velocity_rr": -0.6040152311325073}}, {"current_time": 1.216666730120778, "current_time_step": 73, "data": {"base_link_transform_matrix": [[0.9999960975243141, 0.0027835436844415927, -0.00023837092813821479, 0.0], [-0.0027834237800241648, 0.9999960003266977, 0.0005018791369676331, 0.0], [0.0002397669772344367, -0.0005012136910866575, 0.9999998456483044, 0.0], [0.0018798633245751262, -0.002077061915770173, 0.02222682535648346, 1.0]], "wheel_velocity_fl": 0.61232590675354, "wheel_velocity_fr": -0.28331202268600464, "wheel_velocity_rl": 0.20471559464931488, "wheel_velocity_rr": -0.1126348078250885}}, {"current_time": 1.2333333976566792, "current_time_step": 74, "data": {"base_link_transform_matrix": [[0.9999961686896613, 0.0027564853675059774, -0.000253760550517395, 0.0], [-0.0027563512150783733, 0.9999960621291697, 0.0005274979933445432, 0.0], [0.00025521359174116823, -0.00052679651913427, 0.9999998286757104, 0.0], [0.0018823589198291302, -0.00206722947768867, 0.0222272127866745, 1.0]], "wheel_velocity_fl": -0.46739092469215393, "wheel_velocity_fr": 0.34585949778556824, "wheel_velocity_rl": 0.6839613318443298, "wheel_velocity_rr": -0.5743285417556763}}, {"current_time": 1.2500000651925802, "current_time_step": 75, "data": {"base_link_transform_matrix": [[0.9999962664311165, 0.0027221293608532815, -0.0002390304799132498, 0.0], [-0.0027220093460227895, 0.9999961698306918, 0.0005009880898856164, 0.0], [0.00024039331877495737, -0.0005003355762117648, 0.9999998459376699, 0.0], [0.0018947833450511098, -0.0020897844806313515, 0.022226482629776, 1.0]], "wheel_velocity_fl": 0.5861167311668396, "wheel_velocity_fr": -0.2532677948474884, "wheel_velocity_rl": 0.20978742837905884, "wheel_velocity_rr": -0.09374900907278061}}, {"current_time": 1.2666667327284813, "current_time_step": 76, "data": {"base_link_transform_matrix": [[0.9999963378484636, 0.002694364104319429, -0.0002543456990963581, 0.0], [-0.002694229966899574, 0.9999962320805837, 0.0005262599364544488, 0.0], [0.0002557626766245843, -0.0005255727434063566, 0.9999998291793577, 0.0], [0.0018975639250129461, -0.0020801255013793707, 0.02222694456577301, 1.0]], "wheel_velocity_fl": -0.31682533025741577, "wheel_velocity_fr": 0.3365241289138794, "wheel_velocity_rl": 0.6961065530776978, "wheel_velocity_rr": -0.5849351286888123}}, {"current_time": 1.2833334002643824, "current_time_step": 77, "data": {"base_link_transform_matrix": [[0.999996428826783, 0.0026617504537207906, -0.00023962095686990713, 0.0], [-0.0026616304581868412, 0.9999963330018572, 0.0004997060563877936, 0.0], [0.00024095017100262054, -0.0004990664894136838, 0.9999998464378154, 0.0], [0.0019098417833447456, -0.0021021945867687464, 0.02222602069377899, 1.0]], "wheel_velocity_fl": 0.5456008911132812, "wheel_velocity_fr": -0.2284337282180786, "wheel_velocity_rl": 0.18735188245773315, "wheel_velocity_rr": -0.1019020527601242}}, {"current_time": 1.3000000678002834, "current_time_step": 78, "data": {"base_link_transform_matrix": [[0.9999964974571605, 0.002634396806107713, -0.00025500368455512034, 0.0], [-0.0026342625825304202, 0.9999963923685473, 0.0005252718692882643, 0.0], [0.0002563865391305986, -0.0005245982828364088, 0.9999998295312775, 0.0], [0.0019125122344121337, -0.00209194328635931, 0.022226661443710327, 1.0]], "wheel_velocity_fl": -0.35231563448905945, "wheel_velocity_fr": 0.3496963381767273, "wheel_velocity_rl": 0.6985642313957214, "wheel_velocity_rr": -0.5729956030845642}}, {"current_time": 1.3166667353361845, "current_time_step": 79, "data": {"base_link_transform_matrix": [[0.9999965850384505, 0.0026023340783596686, -0.00024035137152114824, 0.0], [-0.0026022140530990788, 0.9999964900614283, 0.0004983441035046379, 0.0], [0.00024164738574589833, -0.0004977169559620319, 0.9999998469421747, 0.0], [0.0019248536555096507, -0.0021138566080480814, 0.022225812077522278, 1.0]], "wheel_velocity_fl": 0.5306881070137024, "wheel_velocity_fr": -0.20419001579284668, "wheel_velocity_rl": 0.17912280559539795, "wheel_velocity_rr": -0.08867008984088898}}, {"current_time": 1.3333334028720856, "current_time_step": 80, "data": {"base_link_transform_matrix": [[0.9999966498946691, 0.0025758249075160887, -0.0002555885059973993, 0.0], [-0.0025756906524496506, 0.9999965454973029, 0.0005242243066080596, 0.0], [0.00025693793309230237, -0.0005235642334756443, 0.9999998299316816, 0.0], [0.0019277384271845222, -0.002103340346366167, 0.022226259112358093, 1.0]], "wheel_velocity_fl": -0.395681232213974, "wheel_velocity_fr": 0.36887240409851074, "wheel_velocity_rl": 0.7001799941062927, "wheel_velocity_rr": -0.5790503025054932}}, {"current_time": 1.3500000704079866, "current_time_step": 81, "data": {"base_link_transform_matrix": [[0.9999967373913584, 0.0025430578113388646, -0.00024096391156226322, 0.0], [-0.002542937718790387, 0.9999966430315841, 0.0004973864904695495, 0.0], [0.00024222798525386574, -0.0004967721114725086, 0.9999998472715246, 0.0], [0.001940281712450087, -0.0021260203793644905, 0.0222255140542984, 1.0]], "wheel_velocity_fl": 0.5509709715843201, "wheel_velocity_fr": -0.22926223278045654, "wheel_velocity_rl": 0.16585004329681396, "wheel_velocity_rr": -0.04897049069404602}}, {"current_time": 1.3666667379438877, "current_time_step": 82, "data": {"base_link_transform_matrix": [[0.9999968144654546, 0.002512550634099966, -0.0002411394913260672, 0.0], [-0.002512430749239133, 0.9999967207423648, 0.0004961816675847275, 0.0], [0.0002423853821310679, -0.000495574240708021, 0.9999998478277377, 0.0], [0.001947321929037571, -0.002133249770849943, 0.022225111722946167, 1.0]], "wheel_velocity_fl": 0.7484021782875061, "wheel_velocity_fr": -0.1697155088186264, "wheel_velocity_rl": 0.266989141702652, "wheel_velocity_rr": 0.07173693180084229}}, {"current_time": 1.3833334054797888, "current_time_step": 83, "data": {"base_link_transform_matrix": [[0.99999687669227, 0.0024860652453447857, -0.0002570706145387764, 0.0], [-0.0024859305771271676, 0.9999967733800916, 0.000522856167099668, 0.0], [0.00025836963961495436, -0.0005222154743577969, 0.9999998302680494, 0.0], [0.001949649304151535, -0.002121726982295513, 0.02222570776939392, 1.0]], "wheel_velocity_fl": -0.4959988594055176, "wheel_velocity_fr": 0.3980408012866974, "wheel_velocity_rl": 0.7027628421783447, "wheel_velocity_rr": -0.5557262897491455}}, {"current_time": 1.4000000730156898, "current_time_step": 84, "data": {"base_link_transform_matrix": [[0.9999969602323614, 0.0024537626146580995, -0.00024202286631047295, 0.0], [-0.0024536424850066197, 0.9999968670984075, 0.0004954108656226936, 0.0], [0.00024323772873761, -0.0004948155221016541, 0.9999998479964917, 0.0], [0.0019621436949819326, -0.00214475579559803, 0.02222493290901184, 1.0]], "wheel_velocity_fl": 0.5310392379760742, "wheel_velocity_fr": -0.218472421169281, "wheel_velocity_rl": 0.15818849205970764, "wheel_velocity_rr": -0.07043538987636566}}, {"current_time": 1.416666740551591, "current_time_step": 85, "data": {"base_link_transform_matrix": [[0.9999970328516147, 0.0024239681589505865, -0.00024221133544328073, 0.0], [-0.002423848178265054, 0.9999969402462267, 0.0004944271365384216, 0.0], [0.0002434090699721234, -0.0004938385859955725, 0.9999998484377264, 0.0], [0.0019692217465490103, -0.0021517514251172543, 0.022224590182304382, 1.0]], "wheel_velocity_fl": 0.7340788841247559, "wheel_velocity_fr": -0.16858775913715363, "wheel_velocity_rl": 0.28208601474761963, "wheel_velocity_rr": 0.06617844104766846}}, {"current_time": 1.433333408087492, "current_time_step": 86, "data": {"base_link_transform_matrix": [[0.9999970916519955, 0.002397937674571034, -0.0002580357718198374, 0.0], [-0.0023978029792869134, 0.9999969895184577, 0.0005210517192005194, 0.0], [0.00025928444455578, -0.0005204314848583593, 0.999999830961309, 0.0], [0.0019716229289770126, -0.002139899181202054, 0.02222515642642975, 1.0]], "wheel_velocity_fl": -0.5421361923217773, "wheel_velocity_fr": 0.4175206422805786, "wheel_velocity_rl": 0.7067247033119202, "wheel_velocity_rr": -0.5575829744338989}}, {"current_time": 1.450000075623393, "current_time_step": 87, "data": {"base_link_transform_matrix": [[0.9999971708100264, 0.002366278603190014, -0.00024309980483877482, 0.0], [-0.0023661584210611228, 0.9999970788829163, 0.0004934774168122614, 0.0], [0.0002442667997683422, -0.000492900808020524, 0.9999998486912506, 0.0], [0.001984242582693696, -0.0021627063397318125, 0.02222447097301483, 1.0]], "wheel_velocity_fl": 0.4469776451587677, "wheel_velocity_fr": -0.1906939595937729, "wheel_velocity_rl": 0.16739311814308167, "wheel_velocity_rr": -0.046357687562704086}}, {"current_time": 1.4666667431592941, "current_time_step": 88, "data": {"base_link_transform_matrix": [[0.9999972437026042, 0.002335260112461137, -0.00024320238817404508, 0.0], [-0.0023351401662592094, 0.9999971523683117, 0.0004923166375478222, 0.0], [0.00024435138302958425, -0.0004917473689116009, 0.999999849238452, 0.0], [0.0019915499724447727, -0.0021709194406867027, 0.022224098443984985, 1.0]], "wheel_velocity_fl": 0.7709076404571533, "wheel_velocity_fr": -0.2632538676261902, "wheel_velocity_rl": 0.2465885877609253, "wheel_velocity_rr": 0.10690029710531235}}, {"current_time": 1.4833334106951952, "current_time_step": 89, "data": {"base_link_transform_matrix": [[0.9999973023557325, 0.002308242806488976, -0.0002594155047158885, 0.0], [-0.002308107827640117, 0.9999972014168603, 0.0005194195830993537, 0.0], [0.0002606137252362694, -0.0005188194229330469, 0.9999998314534321, 0.0], [0.00199411204084754, -0.00216090795584023, 0.022224590182304382, 1.0]], "wheel_velocity_fl": -0.4882037341594696, "wheel_velocity_fr": 0.41147252917289734, "wheel_velocity_rl": 0.6700800657272339, "wheel_velocity_rr": -0.5041344165802002}}, {"current_time": 1.5000000782310963, "current_time_step": 90, "data": {"base_link_transform_matrix": [[0.9999973856424411, 0.0022735484508192034, -0.0002443066202323807, 0.0], [-0.002273428204396773, 0.9999972950458802, 0.0004913503051151748, 0.0], [0.00024542306811918595, -0.0004907936069888334, 0.9999998494445651, 0.0], [0.002006434602662921, -0.0021860371343791485, 0.022223860025405884, 1.0]], "wheel_velocity_fl": 0.5714343190193176, "wheel_velocity_fr": -0.2862163186073303, "wheel_velocity_rl": 0.13632847368717194, "wheel_velocity_rr": -0.01958301290869713}}, {"current_time": 1.5166667457669973, "current_time_step": 91, "data": {"base_link_transform_matrix": [[0.9999974582087943, 0.0022413772461966847, -0.0002445485450922377, 0.0], [-0.0022412571723569577, 0.9999973682433043, 0.000490176246506923, 0.0], [0.0002456465713855135, -0.0004896269044005729, 0.999999849961617, 0.0], [0.002012872602790594, -0.002195166191086173, 0.0222233384847641, 1.0]], "wheel_velocity_fl": 0.7473441958427429, "wheel_velocity_fr": -0.22663401067256927, "wheel_velocity_rl": 0.23697306215763092, "wheel_velocity_rr": 0.1401362270116806}}, {"current_time": 1.5333334133028984, "current_time_step": 92, "data": {"base_link_transform_matrix": [[0.999997516312999, 0.0022134516443377697, -0.0002607674278250297, 0.0], [-0.0022133165607528286, 0.9999974168750791, 0.0005171778911702627, 0.0], [0.0002619115024838143, -0.0005165994457957472, 0.9999998322636746, 0.0], [0.002014647936448455, -0.002185035962611437, 0.02222399413585663, 1.0]], "wheel_velocity_fl": -0.6236757040023804, "wheel_velocity_fr": 0.36375781893730164, "wheel_velocity_rl": 0.6658391952514648, "wheel_velocity_rr": -0.49314212799072266}}, {"current_time": 1.5500000808387995, "current_time_step": 93, "data": {"base_link_transform_matrix": [[0.9999975976917591, 0.0021781345161974463, -0.00024564352228697873, 0.0], [-0.0021780140741951277, 0.9999975083101027, 0.0004895184150970132, 0.0], [0.00024670914717573293, -0.0004889822240741145, 0.9999998500154794, 0.0], [0.0020269255619496107, -0.0022097190376371145, 0.02222321927547455, 1.0]], "wheel_velocity_fl": 0.5509463548660278, "wheel_velocity_fr": -0.2669928967952728, "wheel_velocity_rl": 0.14698059856891632, "wheel_velocity_rr": 0.0077512809075415134}}, {"current_time": 1.5666667483747005, "current_time_step": 94, "data": {"base_link_transform_matrix": [[0.999997668276984, 0.0021454512948266644, -0.0002459254695580078, 0.0], [-0.002145331066762652, 0.9999975796507571, 0.00048810576894065563, 0.0], [0.0002469720814864698, -0.00048757703926324895, 0.9999998506366997, 0.0], [0.002033470431342721, -0.0022185940761119127, 0.02222272753715515, 1.0]], "wheel_velocity_fl": 0.8457942008972168, "wheel_velocity_fr": -0.21336230635643005, "wheel_velocity_rl": 0.23678097128868103, "wheel_velocity_rr": 0.13926288485527039}}, {"current_time": 1.5833334159106016, "current_time_step": 95, "data": {"base_link_transform_matrix": [[0.9999977277066915, 0.002115662899055353, -0.00026182427569536483, 0.0], [-0.002115527934219092, 0.9999976298168592, 0.0005146865291138001, 0.0], [0.0002629125583181704, -0.0005141314630259538, 0.9999998332728988, 0.0], [0.0020353621803224087, -0.002209153026342392, 0.02222338318824768, 1.0]], "wheel_velocity_fl": -0.5101313591003418, "wheel_velocity_fr": 0.31921207904815674, "wheel_velocity_rl": 0.6653988361358643, "wheel_velocity_rr": -0.4651091396808624}}, {"current_time": 1.6000000834465027, "current_time_step": 96, "data": {"base_link_transform_matrix": [[0.9999978042533226, 0.002080984980075648, -0.00024696162871542827, 0.0], [-0.0020808644857104332, 0.9999977163338626, 0.0004871653227671659, 0.0], [0.0002479748484570117, -0.000486650359393, 0.99999985083994, 0.0], [0.002047324785962701, -0.0022341562435030937, 0.022222429513931274, 1.0]], "wheel_velocity_fl": 0.5526353716850281, "wheel_velocity_fr": -0.28825271129608154, "wheel_velocity_rl": 0.12461921572685242, "wheel_velocity_rr": 0.0635077953338623}}, {"current_time": 1.6166667509824038, "current_time_step": 97, "data": {"base_link_transform_matrix": [[0.9999978710549721, 0.0020485870249290984, -0.0002473392907779914, 0.0], [-0.0020484666424266137, 0.9999977837984356, 0.00048598624670967053, 0.0], [0.00024833432774357166, -0.00048547854578514675, 0.9999998513203106, 0.0], [0.002053735312074423, -0.002242822665721178, 0.022222056984901428, 1.0]], "wheel_velocity_fl": 0.739343523979187, "wheel_velocity_fr": -0.215052992105484, "wheel_velocity_rl": 0.24112102389335632, "wheel_velocity_rr": 0.14641010761260986}}, {"current_time": 1.6333334185183048, "current_time_step": 98, "data": {"base_link_transform_matrix": [[0.9999979254935141, 0.0020198375018950754, -0.0002631827011941127, 0.0], [-0.0020197023898573924, 0.9999978290010715, 0.0005126357383121367, 0.0], [0.00026421757071380496, -0.0005121031241154018, 0.999999833969719, 0.0], [0.0020555038936436176, -0.0022326642647385597, 0.02222253382205963, 1.0]], "wheel_velocity_fl": -0.39502596855163574, "wheel_velocity_fr": 0.17633958160877228, "wheel_velocity_rl": 0.6681610345840454, "wheel_velocity_rr": -0.47217002511024475}}, {"current_time": 1.650000086054206, "current_time_step": 99, "data": {"base_link_transform_matrix": [[0.9999979963156469, 0.001986357970956065, -0.0002484888382541702, 0.0], [-0.001986237317927678, 0.9999979098861889, 0.0004848552057310488, 0.0], [0.0002494514148868808, -0.00048436067643063067, 0.9999998515843523, 0.0], [0.0020675710402429104, -0.0022571382578462362, 0.02222156524658203, 1.0]], "wheel_velocity_fl": 0.524551510810852, "wheel_velocity_fr": -0.2847748100757599, "wheel_velocity_rl": 0.11921819299459457, "wheel_velocity_rr": 0.04837844893336296}}, {"current_time": 1.666666753590107, "current_time_step": 100, "data": {"base_link_transform_matrix": [[0.9999980484837672, 0.0019579158044303723, -0.0002638074297052902, 0.0], [-0.0019577810610978165, 0.9999979534650966, 0.0005100577765947622, 0.0], [0.000264805539996145, -0.0005095403040190777, 0.9999998351233387, 0.0], [0.0020696527790278196, -0.002248714677989483, 0.022222086787223816, 1.0]], "wheel_velocity_fl": -0.4807159900665283, "wheel_velocity_fr": 0.2908102869987488, "wheel_velocity_rl": 0.6437052488327026, "wheel_velocity_rr": -0.45807722210884094}}, {"current_time": 1.683333421126008, "current_time_step": 101, "data": {"base_link_transform_matrix": [[0.9999980734768411, 0.0019471273381095366, -0.00024847079380909174, 0.0], [-0.0019470075587593955, 0.9999979887053573, 0.0004814008788560119, 0.0], [0.00024940764287292584, -0.00048091617691239284, 0.9999998532577185, 0.0], [0.0020920592360198498, -0.00228296360000968, 0.02222098410129547, 1.0]], "wheel_velocity_fl": 0.75469571352005, "wheel_velocity_fr": -0.18706375360488892, "wheel_velocity_rl": -0.07726389914751053, "wheel_velocity_rr": 0.33187252283096313}}, {"current_time": 1.700000088661909, "current_time_step": 102, "data": {"base_link_transform_matrix": [[0.9999980409726896, 0.001961907665257675, -0.00026261967938159706, 0.0], [-0.001961773657480916, 0.9999979458932946, 0.0005095618788176891, 0.0], [0.00026361885328872816, -0.0005090456802031053, 0.9999998356887844, 0.0], [0.0021124116610735655, -0.002293333411216736, 0.02222086489200592, 1.0]], "wheel_velocity_fl": -0.34112104773521423, "wheel_velocity_fr": 0.6347545385360718, "wheel_velocity_rl": 0.3160926103591919, "wheel_velocity_rr": 0.03918161988258362}}, {"current_time": 1.7166667561978102, "current_time_step": 103, "data": {"base_link_transform_matrix": [[0.9999980678543843, 0.0019503926971531696, -0.0002454706196825619, 0.0], [-0.00195027425979622, 0.9999979821431563, 0.0004818090153155762, 0.0], [0.0002464098411428861, -0.00048132934935929655, 0.9999998538021131, 0.0], [0.0021412931382656097, -0.0023334799334406853, 0.022218436002731323, 1.0]], "wheel_velocity_fl": 0.8053523898124695, "wheel_velocity_fr": -0.12599299848079681, "wheel_velocity_rl": 0.12470728904008865, "wheel_velocity_rr": 0.43379300832748413}}, {"current_time": 1.7333334237337112, "current_time_step": 104, "data": {"base_link_transform_matrix": [[0.9999980975503174, 0.0019334387656397402, -0.00025828334317153854, 0.0], [-0.0019333082772051305, 0.9999980038912714, 0.0005045122179839113, 0.0], [0.00025925827108989175, -0.0005040119168495846, 0.9999998393785554, 0.0], [0.002154693240299821, -0.0023356066085398197, 0.02221880853176117, 1.0]], "wheel_velocity_fl": -0.44991636276245117, "wheel_velocity_fr": 0.36033350229263306, "wheel_velocity_rl": 0.7085826396942139, "wheel_velocity_rr": -0.43767857551574707}}, {"current_time": 1.7500000912696123, "current_time_step": 105, "data": {"base_link_transform_matrix": [[0.9999981650016542, 0.0019002059972741809, -0.00024333206180374956, 0.0], [-0.0019000895792912799, 0.9999980806942791, 0.000477773323550938, 0.0], [0.0002442394625098804, -0.0004773100941227389, 0.9999998562610691, 0.0], [0.002173433778807521, -0.0023650224320590496, 0.02221706509590149, 1.0]], "wheel_velocity_fl": 0.554019033908844, "wheel_velocity_fr": -0.30395931005477905, "wheel_velocity_rl": 0.3539786636829376, "wheel_velocity_rr": 0.0018972984980791807}}, {"current_time": 1.7666667588055134, "current_time_step": 106, "data": {"base_link_transform_matrix": [[0.999998221478709, 0.0018683541630712499, -0.0002574726011473337, 0.0], [-0.0018682250197635819, 0.99999812940958, 0.0005009117850554336, 0.0], [0.0002584080001404924, -0.0005004298774177918, 0.999999841397609, 0.0], [0.0021804652642458677, -0.00236261123791337, 0.02221757173538208, 1.0]], "wheel_velocity_fl": -0.4657728970050812, "wheel_velocity_fr": 0.17004986107349396, "wheel_velocity_rl": 0.8211227059364319, "wheel_velocity_rr": -0.6663721799850464}}, {"current_time": 1.7833334263414145, "current_time_step": 107, "data": {"base_link_transform_matrix": [[0.9999983024333323, 0.0018264531883818694, -0.00024330886588104763, 0.0], [-0.0018263374935395765, 0.9999982194873487, 0.0004748826086484267, 0.0], [0.0002441757835212068, -0.00047443743839927004, 0.9999998576436417, 0.0], [0.0021953543182462454, -0.002391141839325428, 0.022215992212295532, 1.0]], "wheel_velocity_fl": 0.5722612738609314, "wheel_velocity_fr": -0.4646739363670349, "wheel_velocity_rl": 0.3587466776371002, "wheel_velocity_rr": -0.02941010147333145}}, {"current_time": 1.8000000938773155, "current_time_step": 108, "data": {"base_link_transform_matrix": [[0.9999983650524789, 0.0017897949336740974, -0.00025792724671659363, 0.0], [-0.0017896662184614493, 0.9999982743413437, 0.0004984066224560615, 0.0], [0.0002588188472699891, -0.0004979442039071202, 0.9999998425321747, 0.0], [0.0021998893935233355, -0.0023871047887951136, 0.02221664786338806, 1.0]], "wheel_velocity_fl": -0.53367680311203, "wheel_velocity_fr": 0.07917419075965881, "wheel_velocity_rl": 0.8537102937698364, "wheel_velocity_rr": -0.7349807620048523}}, {"current_time": 1.8166667614132166, "current_time_step": 109, "data": {"base_link_transform_matrix": [[0.9999984469557588, 0.0017454299963058136, -0.000244049582129152, 0.0], [-0.0017453145928705213, 0.9999983654106516, 0.0004722848684435163, 0.0], [0.0002448735233844872, -0.00047185819166714724, 0.9999998586933923, 0.0], [0.0022134347818791866, -0.0024139564484357834, 0.022215306758880615, 1.0]], "wheel_velocity_fl": 0.5286996364593506, "wheel_velocity_fr": -0.4684007167816162, "wheel_velocity_rl": 0.39801663160324097, "wheel_velocity_rr": -0.11056555807590485}}, {"current_time": 1.8333334289491177, "current_time_step": 110, "data": {"base_link_transform_matrix": [[0.9999985169799801, 0.001704716861829453, -0.00024490459670236606, 0.0], [-0.0017046012430106108, 0.999998435994411, 0.00047153296208829264, 0.0], [0.0002457080438615883, -0.0004711147981155119, 0.9999998588391922, 0.0], [0.002221459522843361, -0.0024247055407613516, 0.02221493422985077, 1.0]], "wheel_velocity_fl": 0.6199368238449097, "wheel_velocity_fr": -0.36869993805885315, "wheel_velocity_rl": 0.5085415244102478, "wheel_velocity_rr": 0.030127111822366714}}, {"current_time": 1.8500000964850187, "current_time_step": 111, "data": {"base_link_transform_matrix": [[0.9999985885633804, 0.0016620447664336502, -0.00024592364958183846, 0.0], [-0.001661928796198731, 0.9999985080627802, 0.0004710253602300098, 0.0], [0.00024670614791402024, -0.0004706159878126613, 0.9999998588283243, 0.0], [0.0022296735551208258, -0.0024348567239940166, 0.022214442491531372, 1.0]], "wheel_velocity_fl": 0.6777570843696594, "wheel_velocity_fr": -0.3900585174560547, "wheel_velocity_rl": 0.5363777279853821, "wheel_velocity_rr": 0.008366715162992477}}, {"current_time": 1.8666667640209198, "current_time_step": 112, "data": {"base_link_transform_matrix": [[0.999998646918661, 0.0016242783657805055, -0.00026053912868429104, 0.0], [-0.0016241494378966275, 0.9999985589015368, 0.0004943009741673445, 0.0], [0.0002613416356002774, -0.0004938771508585179, 0.9999998438929425, 0.0], [0.0022339008282870054, -0.002429339336231351, 0.02221520245075226, 1.0]], "wheel_velocity_fl": -0.6032326221466064, "wheel_velocity_fr": 0.1862121820449829, "wheel_velocity_rl": 0.8892819881439209, "wheel_velocity_rr": -0.7875857949256897}}, {"current_time": 1.8833334315568209, "current_time_step": 113, "data": {"base_link_transform_matrix": [[0.9999987236928961, 0.0015785718047112579, -0.00024642166354807605, 0.0], [-0.001578456415429044, 0.9999986448399636, 0.0004677537610383122, 0.0], [0.0002471597125060082, -0.00046736419818513595, 0.9999998602413817, 0.0], [0.0022470674011856318, -0.0024577858857810497, 0.02221374213695526, 1.0]], "wheel_velocity_fl": 0.5621139407157898, "wheel_velocity_fr": -0.5006016492843628, "wheel_velocity_rl": 0.3557262122631073, "wheel_velocity_rr": -0.05653000622987747}}, {"current_time": 1.900000099092722, "current_time_step": 114, "data": {"base_link_transform_matrix": [[0.999998789909225, 0.0015359193871685819, -0.0002472483000381901, 0.0], [-0.0015358039018340726, 0.9999987117961582, 0.0004665966130813701, 0.0], [0.00024796463631599896, -0.0004662163235531925, 0.9999998605779297, 0.0], [0.002254672348499298, -0.0024705661926418543, 0.022213220596313477, 1.0]], "wheel_velocity_fl": 0.6922239065170288, "wheel_velocity_fr": -0.4112871587276459, "wheel_velocity_rl": 0.4777473509311676, "wheel_velocity_rr": 0.06614147126674652}}, {"current_time": 1.916666766628623, "current_time_step": 115, "data": {"base_link_transform_matrix": [[0.9999988446369376, 0.0014972724147901569, -0.00026248829687697614, 0.0], [-0.001497143494369829, 0.9999987589074063, 0.0004906577262613137, 0.0], [0.00026322261938332964, -0.0004902641767274829, 0.9999998451774329, 0.0], [0.002258370630443096, -0.00246480293571949, 0.02221393585205078, 1.0]], "wheel_velocity_fl": -0.6058605313301086, "wheel_velocity_fr": 0.17856356501579285, "wheel_velocity_rl": 0.895042896270752, "wheel_velocity_rr": -0.7992395162582397}}, {"current_time": 1.933333434164524, "current_time_step": 116, "data": {"base_link_transform_matrix": [[0.9999989141103485, 0.001452611469026914, -0.0002483909096825185, 0.0], [-0.0014524961059903954, 0.9999988374821838, 0.00046399282664373386, 0.0], [0.0002490646222251895, -0.0004636315359696478, 0.9999998615062968, 0.0], [0.002271513920277357, -0.0024919607676565647, 0.02221253514289856, 1.0]], "wheel_velocity_fl": 0.4682738184928894, "wheel_velocity_fr": -0.4841083884239197, "wheel_velocity_rl": 0.3830309212207794, "wheel_velocity_rr": -0.08077909797430038}}, {"current_time": 1.9500001017004251, "current_time_step": 117, "data": {"base_link_transform_matrix": [[0.9999989743042605, 0.0014103931102424437, -0.00024936259031206907, 0.0], [-0.0014102775207846753, 0.9999988983228625, 0.0004631094641090578, 0.0], [0.00025001548199247184, -0.00046275731864401184, 0.9999998616739518, 0.0], [0.002279172884300351, -0.00250329845584929, 0.022212162613868713, 1.0]], "wheel_velocity_fl": 0.7437018752098083, "wheel_velocity_fr": -0.3907395303249359, "wheel_velocity_rl": 0.5014474391937256, "wheel_velocity_rr": 0.029749209061264992}}, {"current_time": 1.9666667692363262, "current_time_step": 118, "data": {"base_link_transform_matrix": [[0.9999990336335172, 0.0013674958723556207, -0.0002503738621883467, 0.0], [-0.0013673799462457325, 0.9999989581364745, 0.0004625992304244562, 0.0], [0.0002510062038711123, -0.00046225642718584456, 0.999999861657431, 0.0], [0.0022868274245411158, -0.002513623097911477, 0.02221176028251648, 1.0]], "wheel_velocity_fl": 0.6291558146476746, "wheel_velocity_fr": -0.38298237323760986, "wheel_velocity_rl": 0.5081050395965576, "wheel_velocity_rr": 0.04586029052734375}}, {"current_time": 1.9833334367722273, "current_time_step": 119, "data": {"base_link_transform_matrix": [[0.9999990908931907, 0.0013248367990324984, -0.00025103833967524716, 0.0], [-0.0013247208946819784, 0.9999990161556607, 0.0004613049555313143, 0.0], [0.0002516492464732616, -0.00046097198042190394, 0.9999998620887355, 0.0], [0.002294657751917839, -0.0025244334246963263, 0.0222112238407135, 1.0]], "wheel_velocity_fl": 0.6287428736686707, "wheel_velocity_fr": -0.38816899061203003, "wheel_velocity_rl": 0.5099502801895142, "wheel_velocity_rr": 0.06987737119197845}}, {"current_time": 2.0000001043081284, "current_time_step": 120, "data": {"base_link_transform_matrix": [[0.9999991467649838, 0.0012818185373451498, -0.0002518144986558827, 0.0], [-0.0012817026558333004, 0.9999990729062587, 0.0004598096619142376, 0.0], [0.00025240365774852904, -0.0004594865182768287, 0.9999998625822571, 0.0], [0.0023025397676974535, -0.0025362868327647448, 0.02221076190471649, 1.0]], "wheel_velocity_fl": 0.6508674025535583, "wheel_velocity_fr": -0.4181038439273834, "wheel_velocity_rl": 0.4905525743961334, "wheel_velocity_rr": 0.08897031098604202}}, {"current_time": 2.0166667718440294, "current_time_step": 121, "data": {"base_link_transform_matrix": [[0.9999991930422156, 0.0012421535132397417, -0.0002664011392604446, 0.0], [-0.0012420247633490246, 0.9999991120831885, 0.0004829154396211234, 0.0], [0.0002670007578283175, -0.00048258417311680435, 0.9999998479115441, 0.0], [0.002306409180164337, -0.002532551297917962, 0.022211581468582153, 1.0]], "wheel_velocity_fl": -0.4663781225681305, "wheel_velocity_fr": 0.07992102950811386, "wheel_velocity_rl": 0.8458536267280579, "wheel_velocity_rr": -0.7362499237060547}}, {"current_time": 2.0333334393799305, "current_time_step": 122, "data": {"base_link_transform_matrix": [[0.999999253255873, 0.0011957318994091064, -0.00025241418539420624, 0.0], [-0.0011956166414887233, 0.9999991811542323, 0.000456280299394187, 0.0], [0.00025295956761497637, -0.00045597816806894803, 0.9999998640476745, 0.0], [0.0023194390814751387, -0.0025614865589886904, 0.022209808230400085, 1.0]], "wheel_velocity_fl": 0.5273855924606323, "wheel_velocity_fr": -0.5071325898170471, "wheel_velocity_rl": 0.36599045991897583, "wheel_velocity_rr": -0.07376337796449661}}, {"current_time": 2.0500001069158316, "current_time_step": 123, "data": {"base_link_transform_matrix": [[0.9999992965505143, 0.0011555520024257885, -0.00026757811213992726, 0.0], [-0.0011554236420870706, 0.999999217599825, 0.0004793703631808415, 0.0], [0.0002681318401698427, -0.0004790608598911346, 0.999999849302993, 0.0], [0.0023226558696478605, -0.0025584527757018805, 0.02221032977104187, 1.0]], "wheel_velocity_fl": -0.5018119812011719, "wheel_velocity_fr": 0.0689675435423851, "wheel_velocity_rl": 0.8420406579971313, "wheel_velocity_rr": -0.7409708499908447}}, {"current_time": 2.0666667744517326, "current_time_step": 124, "data": {"base_link_transform_matrix": [[0.9999993544383985, 0.001107485094350561, -0.00025416441913602897, 0.0], [-0.0011073696905475655, 0.9999992839240215, 0.00045374421512518233, 0.0], [0.00025466675208989277, -0.00045346246823117325, 0.9999998647583085, 0.0], [0.002335324650630355, -0.0025866995565593243, 0.02220901846885681, 1.0]], "wheel_velocity_fl": 0.5337979793548584, "wheel_velocity_fr": -0.5317485928535461, "wheel_velocity_rl": 0.39092135429382324, "wheel_velocity_rr": -0.10083947330713272}}, {"current_time": 2.0833334419876337, "current_time_step": 125, "data": {"base_link_transform_matrix": [[0.9999994021630124, 0.0010632985470929793, -0.0002550878621445115, 0.0], [-0.0010631830496755546, 0.9999993324497117, 0.0004524841807624001, 0.0], [0.0002555688176325228, -0.0004522127051594106, 0.9999998650941153, 0.0], [0.0023428876884281635, -0.0025994167663156986, 0.02220858633518219, 1.0]], "wheel_velocity_fl": 0.7238611578941345, "wheel_velocity_fr": -0.43417054414749146, "wheel_velocity_rl": 0.4851667582988739, "wheel_velocity_rr": 0.08139851689338684}}, {"current_time": 2.1000001095235348, "current_time_step": 126, "data": {"base_link_transform_matrix": [[0.9999994504616925, 0.0010165445572203394, -0.00025634639896734735, 0.0], [-0.0010164286591008386, 0.9999993813560657, 0.000451840975056226, 0.0], [0.0002568055568641251, -0.00045158016892573357, 0.9999998650631194, 0.0], [0.0023505722638219595, -0.002611662494018674, 0.02220793068408966, 1.0]], "wheel_velocity_fl": 0.6679342985153198, "wheel_velocity_fr": -0.43607833981513977, "wheel_velocity_rl": 0.5086997151374817, "wheel_velocity_rr": 0.08096858859062195}}, {"current_time": 2.116666777059436, "current_time_step": 127, "data": {"base_link_transform_matrix": [[0.9999994880533023, 0.0009748966494495465, -0.0002710528658994998, 0.0], [-0.0009747679055866138, 0.9999994122416331, 0.00047470403256380484, 0.0], [0.0002715154939567367, -0.0004744395759062469, 0.9999998505932015, 0.0], [0.002354054944589734, -0.002607718575745821, 0.02220866084098816, 1.0]], "wheel_velocity_fl": -0.7116731405258179, "wheel_velocity_fr": 0.07762419432401657, "wheel_velocity_rl": 0.8722553849220276, "wheel_velocity_rr": -0.7483822107315063}}, {"current_time": 2.133333444595337, "current_time_step": 128, "data": {"base_link_transform_matrix": [[0.9999995371513803, 0.0009270681304025612, -0.0002573746424965821, 0.0], [-0.0009269527451297784, 0.9999994699938797, 0.0004480742884364906, 0.0], [0.00025778990147930865, -0.00044783550691453574, 0.9999998664938539, 0.0], [0.002367081120610237, -0.0026364033110439777, 0.022207126021385193, 1.0]], "wheel_velocity_fl": 0.6591086387634277, "wheel_velocity_fr": -0.5203161835670471, "wheel_velocity_rl": 0.38103941082954407, "wheel_velocity_rr": -0.04054699093103409}}, {"current_time": 2.150000112131238, "current_time_step": 129, "data": {"base_link_transform_matrix": [[0.9999995776754438, 0.0008820117685106915, -0.00025827151266734073, 0.0], [-0.0008818963186131795, 0.9999995113217928, 0.0004467830108781412, 0.0], [0.0002586654543292461, -0.00044655505349448045, 0.9999998668403746, 0.0], [0.002374674892053008, -0.0026490050368010998, 0.022206604480743408, 1.0]], "wheel_velocity_fl": 0.674341082572937, "wheel_velocity_fr": -0.41948604583740234, "wheel_velocity_rl": 0.5316323637962341, "wheel_velocity_rr": 0.09060096740722656}}, {"current_time": 2.166666779667139, "current_time_step": 130, "data": {"base_link_transform_matrix": [[0.9999996099391417, 0.000839848541463618, -0.00027345199163898926,