{"Isaac Sim Data": [{"current_time": 7.31666704826057, "current_time_step": 439, "data": {"base_link_transform_matrix": [[0.999984168625982, -0.0056268926856812675, -2.4002235074813868e-05, 0.0], [0.005626896813392893, 0.9999841534872413, 0.00017551825217563942, 0.0], [2.3014232353718853e-05, -0.00017565053158059905, 0.9999999843086178, 0.0], [0.0003688638680614531, -0.002402846934273839, 0.02191583812236786, 1.0]], "wheel_velocity_fl": -0.6137175559997559, "wheel_velocity_fr": -0.7498329281806946, "wheel_velocity_rl": 0.6593952775001526, "wheel_velocity_rr": 0.4632323384284973}}, {"current_time": 7.333333715796471, "current_time_step": 440, "data": {"base_link_transform_matrix": [[0.9999841683806968, -0.005626935986499383, -2.40701060936528e-05, 0.0], [0.005626940125329786, 0.9999841532496239, 0.00017548349978799502, 0.0], [2.3082290240696078e-05, -0.0001756161626458317, 0.9999999843130856, 0.0], [0.00036882126005366445, -0.0024028189945966005, 0.021915778517723083, 1.0]], "wheel_velocity_fl": -0.6198598742485046, "wheel_velocity_fr": -0.7495952248573303, "wheel_velocity_rl": 0.663780927658081, "wheel_velocity_rr": 0.4381669759750366}}, {"current_time": 7.350000383332372, "current_time_step": 441, "data": {"base_link_transform_matrix": [[0.9999841674074325, -0.005627109692156643, -2.3895114166977342e-05, 0.0], [0.005627113801647701, 0.9999841522616414, 0.00017554438082584376, 0.0], [2.290692799671123e-05, -0.00017567606202990556, 0.9999999843065969, 0.0], [0.00036878135870210826, -0.002402797108516097, 0.021915867924690247, 1.0]], "wheel_velocity_fl": -0.6342650055885315, "wheel_velocity_fr": -0.7340903878211975, "wheel_velocity_rl": 0.6541991829872131, "wheel_velocity_rr": 0.4763631820678711}}, {"current_time": 7.366667050868273, "current_time_step": 442, "data": {"base_link_transform_matrix": [[0.9999841682994022, -0.005626950420722104, -2.407312951444638e-05, 0.0], [0.0056269545620002215, 0.9999841531538125, 0.00017556653922599764, 0.0], [2.3084843819503262e-05, -0.00017569921811505656, 0.9999999842984373, 0.0], [0.0003687567659653723, -0.0024027491454035044, 0.02191583812236786, 1.0]], "wheel_velocity_fl": -0.6141732931137085, "wheel_velocity_fr": -0.7406704425811768, "wheel_velocity_rl": 0.6534090042114258, "wheel_velocity_rr": 0.4586511552333832}}, {"current_time": 7.383333718404174, "current_time_step": 443, "data": {"base_link_transform_matrix": [[0.9999841690535397, -0.005626816784561385, -2.3982800122645492e-05, 0.0], [0.005626820909577429, 0.9999841539088745, 0.0001755494343993271, 0.0], [2.2994635585010912e-05, -0.00017568160220683032, 0.9999999843036106, 0.0], [0.0003688556607812643, -0.0024027174804359674, 0.021915927529335022, 1.0]], "wheel_velocity_fl": -0.61241614818573, "wheel_velocity_fr": -0.7317849397659302, "wheel_velocity_rl": 0.6574345231056213, "wheel_velocity_rr": 0.471748411655426}}, {"current_time": 7.400000385940075, "current_time_step": 444, "data": {"base_link_transform_matrix": [[0.9999841686468339, -0.005626888960058508, -2.4006905707330417e-05, 0.0], [0.005626893088678052, 0.9999841535075333, 0.00017552205169813653, 0.0], [2.301888218713291e-05, -0.00017565435723835277, 0.9999999843078388, 0.0], [0.0003688428841996938, -0.0024026832543313503, 0.02191583812236786, 1.0]], "wheel_velocity_fl": -0.6127555966377258, "wheel_velocity_fr": -0.755790114402771, "wheel_velocity_rl": 0.6616010069847107, "wheel_velocity_rr": 0.4459344446659088}}, {"current_time": 7.416667053475976, "current_time_step": 445, "data": {"base_link_transform_matrix": [[0.9999841682870685, -0.005626952752093173, -2.404049935353646e-05, 0.0], [0.0056269568873749355, 0.9999841531427323, 0.0001755551203956511, 0.0], [2.30522780193202e-05, -0.00017568761591079464, 0.9999999843012269, 0.0], [0.00036878293030895293, -0.002402667887508869, 0.02191580832004547, 1.0]], "wheel_velocity_fl": -0.6270291805267334, "wheel_velocity_fr": -0.7521611452102661, "wheel_velocity_rl": 0.6573112607002258, "wheel_velocity_rr": 0.45289939641952515}}, {"current_time": 7.433333721011877, "current_time_step": 446, "data": {"base_link_transform_matrix": [[0.9999841675608327, -0.00562708221410301, -2.3946274272775597e-05, 0.0], [0.005627086331985127, 0.9999841524207828, 0.00017551837834348604, 0.0], [2.2958238437272265e-05, -0.0001756503472121005, 0.9999999843099373, 0.0], [0.00036873272620141506, -0.0024027200415730476, 0.02191583812236786, 1.0]], "wheel_velocity_fl": -0.6374711990356445, "wheel_velocity_fr": -0.746448814868927, "wheel_velocity_rl": 0.652454674243927, "wheel_velocity_rr": 0.46186625957489014}}, {"current_time": 7.450000388547778, "current_time_step": 447, "data": {"base_link_transform_matrix": [[0.9999841674721999, -0.005627098048892384, -2.3926543748639316e-05, 0.0], [0.005627102161963632, 0.9999841523419941, 0.0001754597455659995, 0.0], [2.2938835377023134e-05, -0.00017559160470075633, 0.9999999843206989, 0.0], [0.0003686921554617584, -0.002402821322903037, 0.02191583812236786, 1.0]], "wheel_velocity_fl": -0.6054773330688477, "wheel_velocity_fr": -0.7575705051422119, "wheel_velocity_rl": 0.6663951277732849, "wheel_velocity_rr": 0.4632564187049866}}, {"current_time": 7.466667056083679, "current_time_step": 448, "data": {"base_link_transform_matrix": [[0.9999841678741793, -0.005627026330343589, -2.399297460875978e-05, 0.0], [0.005627030457312605, 0.9999841527284591, 0.00017555676666230178, 0.0], [2.3004731837097324e-05, -0.00017568899642436832, 0.9999999843020793, 0.0], [0.00036869579344056547, -0.0024028043262660503, 0.02191580832004547, 1.0]], "wheel_velocity_fl": -0.6304903626441956, "wheel_velocity_fr": -0.7254548668861389, "wheel_velocity_rl": 0.6503075957298279, "wheel_velocity_rr": 0.47700995206832886}}, {"current_time": 7.48333372361958, "current_time_step": 449, "data": {"base_link_transform_matrix": [[0.9999841684950344, -0.005626915968859691, -2.3999461539272077e-05, 0.0], [0.005626920096308657, 0.9999841533545132, 0.00017552802408731918, 0.0], [2.3011399786593865e-05, -0.00017566028826697017, 0.9999999843069691, 0.0], [0.0003688395954668522, -0.002402802463620901, 0.021915718913078308, 1.0]], "wheel_velocity_fl": -0.6297665238380432, "wheel_velocity_fr": -0.7380799651145935, "wheel_velocity_rl": 0.6631961464881897, "wheel_velocity_rr": 0.4735914468765259}}, {"current_time": 7.500000391155481, "current_time_step": 450, "data": {"base_link_transform_matrix": [[0.9999841687430604, -0.005626871728300313, -2.403754753123111e-05, 0.0], [0.005626875861487119, 0.9999841536106787, 0.00017548667714965767, 0.0], [2.304972560054783e-05, -0.00017561915527095507, 0.999999984313311, 0.0], [0.00036889369948767126, -0.0024028043262660503, 0.021915718913078308, 1.0]], "wheel_velocity_fl": -0.6099856495857239, "wheel_velocity_fr": -0.7527304887771606, "wheel_velocity_rl": 0.663968563079834, "wheel_velocity_rr": 0.44874876737594604}}, {"current_time": 7.516667058691382, "current_time_step": 451, "data": {"base_link_transform_matrix": [[0.9999841681291357, -0.005626981165267686, -2.395926187720768e-05, 0.0], [0.005626985284658279, 0.9999841529953047, 0.0001754846696973758, 0.0], [2.297143326349186e-05, -0.0001756167098607608, 0.9999999843155422, 0.0], [0.000368872337276116, -0.002402788959443569, 0.02191583812236786, 1.0]], "wheel_velocity_fl": -0.6165826320648193, "wheel_velocity_fr": -0.7471136450767517, "wheel_velocity_rl": 0.6680022478103638, "wheel_velocity_rr": 0.4600144326686859}}, {"current_time": 7.5333337262272835, "current_time_step": 452, "data": {"base_link_transform_matrix": [[0.9999841680436445, -0.005626996059764344, -2.402922155317056e-05, 0.0], [0.005627000192392202, 0.9999841529041708, 0.00017552596036909458, 0.0], [2.3041156872410656e-05, -0.0001756583938840535, 0.9999999843066167, 0.0], [0.00036884474684484303, -0.002402764745056629, 0.021915867924690247, 1.0]], "wheel_velocity_fl": -0.6179602146148682, "wheel_velocity_fr": -0.7455711364746094, "wheel_velocity_rl": 0.6623486876487732, "wheel_velocity_rr": 0.4697052240371704}}, {"current_time": 7.5500003937631845, "current_time_step": 453, "data": {"base_link_transform_matrix": [[0.9999841678580416, -0.005627029124323789, -2.401029116301299e-05, 0.0], [0.005627033251264501, 0.9999841527361434, 0.00017542339273144604, 0.0], [2.302279812560612e-05, -0.0001755557221101363, 0.9999999843250694, 0.0], [0.00036886418820358813, -0.002402807353064418, 0.02191580832004547, 1.0]], "wheel_velocity_fl": -0.5976740121841431, "wheel_velocity_fr": -0.747290849685669, "wheel_velocity_rl": 0.658680260181427, "wheel_velocity_rr": 0.46928757429122925}}, {"current_time": 7.566667061299086, "current_time_step": 454, "data": {"base_link_transform_matrix": [[0.9999841671500663, -0.005627154849293799, -2.4031028806253563e-05, 0.0], [0.0056271589823391616, 0.9999841520098526, 0.00017553040635436, 0.0], [2.304291118543036e-05, -0.00017566285362737938, 0.999999984305793, 0.0], [0.0003688903234433383, -0.0024027801118791103, 0.02191580832004547, 1.0]], "wheel_velocity_fl": -0.6223350167274475, "wheel_velocity_fr": -0.7282130122184753, "wheel_velocity_rl": 0.6622728705406189, "wheel_velocity_rr": 0.47453466057777405}}, {"current_time": 7.583333728834987, "current_time_step": 455, "data": {"base_link_transform_matrix": [[0.9999841673487155, -0.005627119932730504, -2.394073563836228e-05, 0.0], [0.005627124050162923, 0.9999841522045299, 0.0001755411964354685, 0.0], [2.2952564865003096e-05, -0.0001756731346422085, 0.9999999843060646, 0.0], [0.0003688740835059434, -0.0024027496110647917, 0.02191583812236786, 1.0]], "wheel_velocity_fl": -0.6391844153404236, "wheel_velocity_fr": -0.7399604916572571, "wheel_velocity_rl": 0.6692708134651184, "wheel_velocity_rr": 0.4609904885292053}}, {"current_time": 7.600000396370888, "current_time_step": 456, "data": {"base_link_transform_matrix": [[0.999984166485841, -0.00562727313108587, -2.397344217685335e-05, 0.0], [0.005627277255705091, 0.9999841513313719, 0.0001756039962798911, 0.0], [2.298489057973528e-05, -0.0001757361210574324, 0.9999999842942552, 0.0], [0.00036877288948744535, -0.0024027549661695957, 0.021915897727012634, 1.0]], "wheel_velocity_fl": -0.6367682218551636, "wheel_velocity_fr": -0.7514276504516602, "wheel_velocity_rl": 0.6597514152526855, "wheel_velocity_rr": 0.47490862011909485}}, {"current_time": 7.616667063906789, "current_time_step": 457, "data": {"base_link_transform_matrix": [[0.9999841657090681, -0.00562741096302749, -2.4020660248298685e-05, 0.0], [0.005627415094165421, 0.9999841505692413, 0.00017552683824291284, 0.0], [2.303251788067358e-05, -0.00017565923312594283, 0.9999999843066684, 0.0], [0.00036877940874546766, -0.002402807818725705, 0.02191583812236786, 1.0]], "wheel_velocity_fl": -0.6386152505874634, "wheel_velocity_fr": -0.7397916316986084, "wheel_velocity_rl": 0.6635323166847229, "wheel_velocity_rr": 0.4897646903991699}}, {"current_time": 7.63333373144269, "current_time_step": 458, "data": {"base_link_transform_matrix": [[0.9999841658086926, -0.005627393743004576, -2.390720027940588e-05, 0.0], [0.0056273978554541755, 0.9999841506567411, 0.0001755810145397396, 0.0], [2.2918757863370963e-05, -0.00017571276968394767, 0.9999999842998765, 0.0], [0.0003688506258185953, -0.0024028364568948746, 0.02191583812236786, 1.0]], "wheel_velocity_fl": -0.6469102501869202, "wheel_velocity_fr": -0.7338194251060486, "wheel_velocity_rl": 0.6618380546569824, "wheel_velocity_rr": 0.47931310534477234}}, {"current_time": 7.650000398978591, "current_time_step": 459, "data": {"base_link_transform_matrix": [[0.999984166018373, -0.005627356015616593, -2.401692145984139e-05, 0.0], [0.00562736014578955, 0.9999841508808176, 0.00017551341792188094, 0.0], [2.3028864324626655e-05, -0.00017564579071229392, 0.9999999843091136, 0.0], [0.00036888153408654034, -0.0024029063060879707, 0.02191583812236786, 1.0]], "wheel_velocity_fl": -0.6348088383674622, "wheel_velocity_fr": -0.737271249294281, "wheel_velocity_rl": 0.6690686941146851, "wheel_velocity_rr": 0.4635637104511261}}, {"current_time": 7.666667066514492, "current_time_step": 460, "data": {"base_link_transform_matrix": [[0.999984166367331, -0.0056272940855880025, -2.399809088833807e-05, 0.0], [0.00562729821056241, 0.9999841512437811, 0.00017543119476413316, 0.0], [2.301050762372202e-05, -0.00017556346146494945, 0.9999999843239936, 0.0], [0.00036892134812660515, -0.0024029265623539686, 0.02191595733165741, 1.0]], "wheel_velocity_fl": -0.6252366900444031, "wheel_velocity_fr": -0.735482394695282, "wheel_velocity_rl": 0.6586933732032776, "wheel_velocity_rr": 0.4769943356513977}}, {"current_time": 7.683333734050393, "current_time_step": 461, "data": {"base_link_transform_matrix": [[0.9999841665945641, -0.0056272535705364024, -2.4029730258308047e-05, 0.0], [0.0056272577007207445, 0.9999841514743745, 0.0001754162049852844, 0.0], [2.3042237956678888e-05, -0.00017554864903403315, 0.9999999843258635, 0.0], [0.00036889646435156465, -0.0024029319174587727, 0.021915778517723083, 1.0]], "wheel_velocity_fl": -0.6234031915664673, "wheel_velocity_fr": -0.735000729560852, "wheel_velocity_rl": 0.6553772687911987, "wheel_velocity_rr": 0.46582284569740295}}, {"current_time": 7.700000401586294, "current_time_step": 462, "data": {"base_link_transform_matrix": [[0.9999841667005843, -0.0056272349485190516, -2.3978575056412038e-05, 0.0], [0.005627239070201184, 0.9999841515755695, 0.00017543698383364558, 0.0], [2.2990969907085844e-05, -0.00017556913926175717, 0.9999999843234462, 0.0], [0.0003688909928314388, -0.002402974059805274, 0.021915867924690247, 1.0]], "wheel_velocity_fl": -0.6369837522506714, "wheel_velocity_fr": -0.7248116731643677, "wheel_velocity_rl": 0.6677261590957642, "wheel_velocity_rr": 0.4711459279060364}}, {"current_time": 7.716667069122195, "current_time_step": 463, "data": {"base_link_transform_matrix": [[0.9999841671000598, -0.005627163696726086, -2.404017352519851e-05, 0.0], [0.005627167830050045, 0.9999841519701722, 0.0001754728129181989, 0.0], [2.305237829319572e-05, -0.00017560531276579957, 0.9999999843156808, 0.0], [0.0003688425349537283, -0.002402988960966468, 0.02191583812236786, 1.0]], "wheel_velocity_fl": -0.6071768403053284, "wheel_velocity_fr": -0.757394552230835, "wheel_velocity_rl": 0.6600341200828552, "wheel_velocity_rr": 0.47218284010887146}}, {"current_time": 7.733333736658096, "current_time_step": 464, "data": {"base_link_transform_matrix": [[0.9999841672519316, -0.005627136686439203, -2.4045229434420204e-05, 0.0], [0.005627140823808726, 0.9999841520981048, 0.00017560974762334433, 0.0], [2.3056668314635428e-05, -0.00017574227313062012, 0.9999999842915216, 0.0], [0.0003689127916004509, -0.002402886748313904, 0.021915867924690247, 1.0]], "wheel_velocity_fl": -0.6460450887680054, "wheel_velocity_fr": -0.7412862777709961, "wheel_velocity_rl": 0.6612940430641174, "wheel_velocity_rr": 0.48321524262428284}}, {"current_time": 7.750000404193997, "current_time_step": 465, "data": {"base_link_transform_matrix": [[0.9999841671749198, -0.005627150664133391, -2.3976764358594833e-05, 0.0], [0.005627154785627162, 0.999984152048884, 0.0001754425632991722, 0.0], [2.2989142639419156e-05, -0.00017557470651206016, 0.9999999843225108, 0.0], [0.0003689575823955238, -0.0024028620682656765, 0.02191580832004547, 1.0]], "wheel_velocity_fl": -0.6425992250442505, "wheel_velocity_fr": -0.7521017789840698, "wheel_velocity_rl": 0.661598801612854, "wheel_velocity_rr": 0.48356443643569946}}, {"current_time": 7.7666670717298985, "current_time_step": 466, "data": {"base_link_transform_matrix": [[0.9999841671283356, -0.0056271585739493995, -2.4063095807141165e-05, 0.0], [0.005627162708327777, 0.9999841520215772, 0.00017534406538435767, 0.0], [2.3076025594799294e-05, -0.00017547669613964618, 0.999999984337713, 0.0], [0.0003688823780976236, -0.002402849029749632, 0.02191583812236786, 1.0]], "wheel_velocity_fl": -0.608285129070282, "wheel_velocity_fr": -0.742604672908783, "wheel_velocity_rl": 0.6623029112815857, "wheel_velocity_rr": 0.44749897718429565}}, {"current_time": 7.7833337392657995, "current_time_step": 467, "data": {"base_link_transform_matrix": [[0.9999841676649468, -0.005627063584870264, -2.3976142011453038e-05, 0.0], [0.005627067708456651, 0.9999841525220855, 0.00017553828893384567, 0.0], [2.298799693666196e-05, -0.0001756704251273266, 0.9999999843057268, 0.0], [0.0003689753357321024, -0.002402776852250099, 0.021915748715400696, 1.0]], "wheel_velocity_fl": -0.6287286281585693, "wheel_velocity_fr": -0.7370985746383667, "wheel_velocity_rl": 0.6613957285881042, "wheel_velocity_rr": 0.4668102562427521}}, {"current_time": 7.800000406801701, "current_time_step": 468, "data": {"base_link_transform_matrix": [[0.9999841666279995, -0.005627247989130815, -2.3945234207291865e-05, 0.0], [0.005627252106534108, 0.9999841514901714, 0.00017550558818313618, 0.0], [2.2957241242827405e-05, -0.00017563755520750475, 0.999999984312207, 0.0], [0.0003689287987072021, -0.0024027747567743063, 0.02191580832004547, 1.0]], "wheel_velocity_fl": -0.6413101553916931, "wheel_velocity_fr": -0.7254753708839417, "wheel_velocity_rl": 0.6696929335594177, "wheel_velocity_rr": 0.4616643786430359}}, {"current_time": 7.816667074337602, "current_time_step": 469, "data": {"base_link_transform_matrix": [[0.9999841665513954, -0.0056272614904068355, -2.3971432235397005e-05, 0.0], [0.005627265613433681, 0.999984151406355, 0.00017555007245669034, 0.0], [2.298318615953475e-05, -0.0001756821865099636, 0.9999999843037711, 0.0], [0.00036886127782054245, -0.0024028203915804625, 0.021915927529335022, 1.0]], "wheel_velocity_fl": -0.6261618137359619, "wheel_velocity_fr": -0.7346153855323792, "wheel_velocity_rl": 0.6614968776702881, "wheel_velocity_rr": 0.49012041091918945}}, {"current_time": 7.833333741873503, "current_time_step": 470, "data": {"base_link_transform_matrix": [[0.9999841669071589, -0.005627198158566959, -2.3997493150088386e-05, 0.0], [0.005627202285818286, 0.9999841517654278, 0.0001755346475258858, 0.0], [2.3009344586865433e-05, -0.00017566690701782277, 0.9999999843058538, 0.0], [0.0003688810975290835, -0.0024028578773140907, 0.02191580832004547, 1.0]], "wheel_velocity_fl": -0.6170181632041931, "wheel_velocity_fr": -0.7359891533851624, "wheel_velocity_rl": 0.6604723930358887, "wheel_velocity_rr": 0.4790310561656952}}, {"current_time": 7.850000409409404, "current_time_step": 471, "data": {"base_link_transform_matrix": [[0.9999841666890522, -0.005627236807873954, -2.4023111009157714e-05, 0.0], [0.005627240936015703, 0.9999841515754221, 0.00017537796666688957, 0.0], [2.3035836931376747e-05, -0.00017551037368669113, 0.9999999843327293, 0.0], [0.00036894407821819186, -0.002402882557362318, 0.02191580832004547, 1.0]], "wheel_velocity_fl": -0.6265428066253662, "wheel_velocity_fr": -0.7344495058059692, "wheel_velocity_rl": 0.662920355796814, "wheel_velocity_rr": 0.45643988251686096}}, {"current_time": 7.866667076945305, "current_time_step": 472, "data": {"base_link_transform_matrix": [[0.9999841663038274, -0.005627305258376139, -2.402433141736824e-05, 0.0], [0.005627309389331663, 0.9999841511704053, 0.0001754908566516287, 0.0], [2.303641003940083e-05, -0.00017562327032848076, 0.9999999843128953, 0.0], [0.0003689270233735442, -0.002402875805273652, 0.021915867924690247, 1.0]], "wheel_velocity_fl": -0.6311172246932983, "wheel_velocity_fr": -0.7482641935348511, "wheel_velocity_rl": 0.663908064365387, "wheel_velocity_rr": 0.45383554697036743}}, {"current_time": 7.883333744481206, "current_time_step": 473, "data": {"base_link_transform_matrix": [[0.999984166195599, -0.005627324348270054, -2.4057679045427997e-05, 0.0], [0.005627328483680826, 0.9999841510736098, 0.00017543012453232466, 0.0], [2.3070095545842892e-05, -0.00017556272726859036, 0.9999999843227496, 0.0], [0.0003688959695864469, -0.00240289606153965, 0.021915867924690247, 1.0]], "wheel_velocity_fl": -0.6302494406700134, "wheel_velocity_fr": -0.7426588535308838, "wheel_velocity_rl": 0.6645004153251648, "wheel_velocity_rr": 0.46240803599357605}}, {"current_time": 7.900000412017107, "current_time_step": 474, "data": {"base_link_transform_matrix": [[0.9999841668040651, -0.00562721631597726, -2.4035658301806648e-05, 0.0], [0.005627220449836617, 0.9999841516639449, 0.00017553047993361848, 0.0], [2.3047529395982795e-05, -0.00017566295467305837, 0.9999999843056687, 0.0], [0.00036882879794575274, -0.00240287440828979, 0.02191580832004547, 1.0]], "wheel_velocity_fl": -0.6315373778343201, "wheel_velocity_fr": -0.7376322746276855, "wheel_velocity_rl": 0.6618716716766357, "wheel_velocity_rr": 0.45186489820480347}}, {"current_time": 7.916667079553008, "current_time_step": 475, "data": {"base_link_transform_matrix": [[0.9999841670931628, -0.005627165098122306, -2.3998997269423115e-05, 0.0], [0.005627169222610812, 0.99998415197457, 0.00017540307928459023, 0.0], [2.3011594846850668e-05, -0.000175535348562785, 0.9999999843289038, 0.0], [0.00036884116707369685, -0.002402930986136198, 0.02191580832004547, 1.0]], "wheel_velocity_fl": -0.6224918961524963, "wheel_velocity_fr": -0.7317670583724976, "wheel_velocity_rl": 0.6626235246658325, "wheel_velocity_rr": 0.453193724155426}}, {"current_time": 7.933333747088909, "current_time_step": 476, "data": {"base_link_transform_matrix": [[0.9999841673444354, -0.0056271208688098194, -2.3899456985760247e-05, 0.0], [0.005627124976559455, 0.9999841522179388, 0.0001754350831589966, 0.0], [2.291188381480918e-05, -0.0001755667907870818, 0.9999999843256736, 0.0], [0.00036883362918160856, -0.002402974758297205, 0.02191580832004547, 1.0]], "wheel_velocity_fl": -0.6170451045036316, "wheel_velocity_fr": -0.7499807476997375, "wheel_velocity_rl": 0.6663814187049866, "wheel_velocity_rr": 0.4808688461780548}}, {"current_time": 7.95000041462481, "current_time_step": 477, "data": {"base_link_transform_matrix": [[0.9999841673469003, -0.005627119925926566, -2.4018027001058327e-05, 0.0], [0.0056271240568656535, 0.9999841522050361, 0.00017553809767751304, 0.0], [2.30298724410906e-05, -0.00017567047086124285, 0.9999999843047552, 0.0], [0.0003687468997668475, -0.0024029419291764498, 0.021915748715400696, 1.0]], "wheel_velocity_fl": -0.6309117078781128, "wheel_velocity_fr": -0.7526904344558716, "wheel_velocity_rl": 0.6630749702453613, "wheel_velocity_rr": 0.49300017952919006}}, {"current_time": 7.966667082160711, "current_time_step": 478, "data": {"base_link_transform_matrix": [[0.9999841670823528, -0.0056271669578950335, -2.4013353328288087e-05, 0.0], [0.005627171088047519, 0.9999841519401127, 0.00017553962369009247, 0.0], [2.302518199299623e-05, -0.00017567197163326274, 0.9999999843045996, 0.0], [0.00036889268085360527, -0.0024029300548136234, 0.02191580832004547, 1.0]], "wheel_velocity_fl": -0.6203685998916626, "wheel_velocity_fr": -0.7525197267532349, "wheel_velocity_rl": 0.6645644903182983, "wheel_velocity_rr": 0.502071738243103}}, {"current_time": 7.983333749696612, "current_time_step": 479, "data": {"base_link_transform_matrix": [[0.9999841664077308, -0.005627287102800712, -2.3951999889248884e-05, 0.0], [0.005627291223537967, 0.999984151253638, 0.00017559905057171264, 0.0], [2.296347400753153e-05, -0.00017573105508670602, 0.9999999842956374, 0.0], [0.00036906026070937514, -0.002402902813628316, 0.021915867924690247, 1.0]], "wheel_velocity_fl": -0.636496365070343, "wheel_velocity_fr": -0.7407713532447815, "wheel_velocity_rl": 0.6666836738586426, "wheel_velocity_rr": 0.49162155389785767}}, {"current_time": 8.000000417232513, "current_time_step": 480, "data": {"base_link_transform_matrix": [[0.99998416579174, -0.005627396058936543, -2.4070600929811234e-05, 0.0], [0.005627400195919324, 0.999984150675338, 0.00017539999386273936, 0.0], [2.3083174192841618e-05, -0.00017553267144709606, 0.9999999843277241, 0.0], [0.0003690325829666108, -0.002402889309450984, 0.02191583812236786, 1.0]], "wheel_velocity_fl": -0.6110689640045166, "wheel_velocity_fr": -0.7335420846939087, "wheel_velocity_rl": 0.6642240285873413, "wheel_velocity_rr": 0.46369877457618713}}, {"current_time": 8.016667084768414, "current_time_step": 481, "data": {"base_link_transform_matrix": [[0.999984165837516, -0.005627388147795403, -2.4018353876206952e-05, 0.0], [0.005627392274823709, 0.9999841507258806, 0.00017536597293238093, 0.0], [2.3031120805126184e-05, -0.0001754983568581283, 0.999999984334947, 0.0], [0.0003689425066113472, -0.002402870450168848, 0.021915778517723083, 1.0]], "wheel_velocity_fl": -0.6223964095115662, "wheel_velocity_fr": -0.7546290755271912, "wheel_velocity_rl": 0.6556572318077087, "wheel_velocity_rr": 0.46226683259010315}}, {"current_time": 8.033333752304316, "current_time_step": 482, "data": {"base_link_transform_matrix": [[0.9999841666060088, -0.005627251709651734, -2.398921472229627e-05, 0.0], [0.00562725583647876, 0.9999841514562137, 0.00017557946117693793, 0.0], [2.3000804705088687e-05, -0.00017571167460671093, 0.999999984298185, 0.0], [0.00036889591137878597, -0.0024028215557336807, 0.02191580832004547, 1.0]], "wheel_velocity_fl": -0.6548947691917419, "wheel_velocity_fr": -0.7332214117050171, "wheel_velocity_rl": 0.6587658524513245, "wheel_velocity_rr": 0.4725334644317627}}, {"current_time": 8.050000419840217, "current_time_step": 483, "data": {"base_link_transform_matrix": [[0.999984166804372, -0.005627216317332845, -2.4022572816467343e-05, 0.0], [0.005627220448524359, 0.9999841516667657, 0.00017551445137363434, 0.0], [2.3034534314030768e-05, -0.00017564685273196916, 0.9999999843087966, 0.0], [0.00036891724448651075, -0.0024028460029512644, 0.021915778517723083, 1.0]], "wheel_velocity_fl": -0.6198588609695435, "wheel_velocity_fr": -0.7286275029182434, "wheel_velocity_rl": 0.6755629181861877, "wheel_velocity_rr": 0.44991156458854675}}, {"current_time": 8.066667087376118, "current_time_step": 484, "data": {"base_link_transform_matrix": [[0.9999841673096235, -0.005627126443007447, -2.4043155953051363e-05, 0.0], [0.005627130578247837, 0.9999841521691994, 0.00017553319564484013, 0.0], [2.305502743434523e-05, -0.00017566571046016366, 0.9999999843050118, 0.0], [0.00036893447395414114, -0.0024028844200074673, 0.021915718913078308, 1.0]], "wheel_velocity_fl": -0.6214748620986938, "wheel_velocity_fr": -0.7503958344459534, "wheel_velocity_rl": 0.6585403680801392, "wheel_velocity_rr": 0.47586578130722046}}, {"current_time": 8.083333754912019, "current_time_step": 485, "data": {"base_link_transform_matrix": [[0.9999841667650878, -0.005627223302530359, -2.4021581110733957e-05, 0.0], [0.005627227433078046, 0.999984151631039, 0.0001754940667685478, 0.0], [2.30336561058777e-05, -0.0001756264630299752, 0.999999984312398, 0.0], [0.0003689504519570619, -0.002402861835435033, 0.02191583812236786, 1.0]], "wheel_velocity_fl": -0.6133391857147217, "wheel_velocity_fr": -0.7367076873779297, "wheel_velocity_rl": 0.6625757813453674, "wheel_velocity_rr": 0.4461049735546112}}, {"current_time": 8.10000042244792, "current_time_step": 486, "data": {"base_link_transform_matrix": [[0.99998416642463, -0.005627283838349117, -2.4013342257080884e-05, 0.0], [0.005627287968814491, 0.9999841512799735, 0.00017555337399299484, 0.0], [2.3025073012104115e-05, -0.00017568572434739058, 0.9999999843021861, 0.0], [0.0003689575241878629, -0.00240281131118536, 0.021915778517723083, 1.0]], "wheel_velocity_fl": -0.6423842310905457, "wheel_velocity_fr": -0.7445611953735352, "wheel_velocity_rl": 0.6620997190475464, "wheel_velocity_rr": 0.47868144512176514}}, {"current_time": 8.116667089983821, "current_time_step": 487, "data": {"base_link_transform_matrix": [[0.9999841664696592, -0.0056272759249660935, -2.3992609192236685e-05, 0.0], [0.005627280049785873, 0.9999841513398202, 0.00017546629520467612, 0.0], [2.3004831682878503e-05, -0.00017559853008481698, 0.9999999843179669, 0.0], [0.00036899925908073783, -0.0024028117768466473, 0.021915778517723083, 1.0]], "wheel_velocity_fl": -0.6140699982643127, "wheel_velocity_fr": -0.7630232572555542, "wheel_velocity_rl": 0.6606913805007935, "wheel_velocity_rr": 0.4724426567554474}}, {"current_time": 8.133333757519722, "current_time_step": 488, "data": {"base_link_transform_matrix": [[0.9999841666792054, -0.005627238671431619, -2.399645524502534e-05, 0.0], [0.005627242797777863, 0.9999841515429633, 0.00017550326137516238, 0.0], [2.3008476198862668e-05, -0.00017563551645567428, 0.9999999843113876, 0.0], [0.00036892303614877164, -0.002402747981250286, 0.021915748715400696, 1.0]], "wheel_velocity_fl": -0.6289379000663757, "wheel_velocity_fr": -0.7489792108535767, "wheel_velocity_rl": 0.6754947900772095, "wheel_velocity_rr": 0.45227736234664917}}, {"current_time": 8.150000425055623, "current_time_step": 489, "data": {"base_link_transform_matrix": [[0.9999841668797497, -0.00562720281163498, -2.4048484078480823e-05, 0.0], [0.005627206945968507, 0.9999841517534741, 0.00017545333309702032, 0.0], [2.306079146286229e-05, -0.00017558588091994554, 0.999999984318899, 0.0], [0.00036877559614367783, -0.0024027524050325155, 0.02191583812236786, 1.0]], "wheel_velocity_fl": -0.6123709082603455, "wheel_velocity_fr": -0.7507739663124084, "wheel_velocity_rl": 0.6572080850601196, "wheel_velocity_rr": 0.45922696590423584}}, {"current_time": 8.166667092591524, "current_time_step": 490, "data": {"base_link_transform_matrix": [[0.9999841678847478, -0.005627024467792914, -2.3989320245406616e-05, 0.0], [0.005627028594701222, 0.999984152734503, 0.00017558203919261064, 0.0], [2.30009356496378e-05, -0.0001757142479485183, 0.9999999842977298, 0.0], [0.0003688334836624563, -0.002402729820460081, 0.021915897727012634, 1.0]], "wheel_velocity_fl": -0.6150854229927063, "wheel_velocity_fr": -0.7415891289710999, "wheel_velocity_rl": 0.646858274936676, "wheel_velocity_rr": 0.46935534477233887}}, {"current_time": 8.183333760127425, "current_time_step": 491, "data": {"base_link_transform_matrix": [[0.9999841681879145, -0.0056269704491122416, -2.4022690655343837e-05, 0.0], [0.005626974580412368, 0.9999841530496699, 0.00017551810641997556, 0.0], [2.3034674770848887e-05, -0.00017565050271996785, 0.9999999843081522, 0.0], [0.0003689369186758995, -0.0024027738254517317, 0.02191595733165741, 1.0]], "wheel_velocity_fl": -0.6192105412483215, "wheel_velocity_fr": -0.7429728507995605, "wheel_velocity_rl": 0.6605727672576904, "wheel_velocity_rr": 0.4671131670475006}}, {"current_time": 8.200000427663326, "current_time_step": 492, "data": {"base_link_transform_matrix": [[0.9999841676999077, -0.005627057535877024, -2.3937645317743345e-05, 0.0], [0.005627061650142752, 0.9999841525757365, 0.00017542682733502428, 0.0], [2.295012911697158e-05, -0.00017555874853081185, 0.9999999843262086, 0.0], [0.00036897737300023437, -0.0024028162006288767, 0.02191580832004547, 1.0]], "wheel_velocity_fl": -0.6152680516242981, "wheel_velocity_fr": -0.7395183444023132, "wheel_velocity_rl": 0.6657629013061523, "wheel_velocity_rr": 0.4727405607700348}}, {"current_time": 8.216667095199227, "current_time_step": 493, "data": {"base_link_transform_matrix": [[0.9999841673058502, -0.0056271273798066375, -2.3980760124422665e-05, 0.0], [0.005627131504110328, 0.9999841521638053, 0.0001755342443089598, 0.0], [2.2992626529019772e-05, -0.00017566640801974548, 0.999999984306326, 0.0], [0.00036887559690512717, -0.0024028029292821884, 0.02191580832004547, 1.0]], "wheel_velocity_fl": -0.605569064617157, "wheel_velocity_fr": -0.7558084726333618, "wheel_velocity_rl": 0.6617327928543091, "wheel_velocity_rr": 0.4940243363380432}}, {"current_time": 8.233333762735128, "current_time_step": 494, "data": {"base_link_transform_matrix": [[0.9999841671884802, -0.005627148337148217, -2.395732799408284e-05, 0.0], [0.0056271524562081015, 0.9999841520545165, 0.0001754851679845863, 0.0], [2.2969467248436218e-05, -0.00017561720109806318, 0.999999984315501, 0.0], [0.00036877417005598545, -0.002402817364782095, 0.021915718913078308, 1.0]], "wheel_velocity_fl": -0.6104938983917236, "wheel_velocity_fr": -0.7536667585372925, "wheel_velocity_rl": 0.6621400117874146, "wheel_velocity_rr": 0.4669921398162842}}, {"current_time": 8.25000043027103, "current_time_step": 495, "data": {"base_link_transform_matrix": [[0.9999841674173213, -0.00562710735274044, -2.4031801582694326e-05, 0.0], [0.0056271114844642, 0.9999841522882383, 0.00017546713274953522, 0.0], [2.304404834077054e-05, -0.00017559958427832692, 0.9999999843168788, 0.0], [0.00036879253457300365, -0.002402832033112645, 0.021915778517723083, 1.0]], "wheel_velocity_fl": -0.6132912039756775, "wheel_velocity_fr": -0.7478755116462708, "wheel_velocity_rl": 0.6639338731765747, "wheel_velocity_rr": 0.4525805115699768}}, {"current_time": 8.26666709780693, "current_time_step": 496, "data": {"base_link_transform_matrix": [[0.9999841674047233, -0.0056271096819690775, -2.4010610649877437e-05, 0.0], [0.005627113811848525, 0.9999841522608338, 0.00017554865429119198, 0.0], [2.302239860376403e-05, -0.00017568098533921606, 0.9999999843030801, 0.0], [0.00036889014882035553, -0.002402777085080743, 0.02191580832004547, 1.0]], "wheel_velocity_fl": -0.6261357069015503, "wheel_velocity_fr": -0.7327686548233032, "wheel_velocity_rl": 0.6643078327178955, "wheel_velocity_rr": 0.4734366536140442}}, {"current_time": 8.283333765342832, "current_time_step": 497, "data": {"base_link_transform_matrix": [[0.9999841671939397, -0.005627147407120845, -2.3947890542716274e-05, 0.0], [0.005627151523510603, 0.9999841520675048, 0.00017544105841245643, 0.0], [2.296027832121536e-05, -0.00017557303909695586, 0.9999999843234667, 0.0], [0.0003689316217787564, -0.0024028054904192686, 0.021915778517723083, 1.0]], "wheel_velocity_fl": -0.6443649530410767, "wheel_velocity_fr": -0.7318151593208313, "wheel_velocity_rl": 0.6522570252418518, "wheel_velocity_rr": 0.4663310647010803}}, {"current_time": 8.300000432878733, "current_time_step": 498, "data": {"base_link_transform_matrix": [[0.9999841669489978, -0.005627190708022913, -2.4001134281879056e-05, 0.0], [0.005627194835201109, 0.9999841518127915, 0.0001755036707670029, 0.0], [2.3013161282045754e-05, -0.00017563595106730254, 0.9999999843112034, 0.0], [0.0003688725992105901, -0.0024028620682656765, 0.02191583812236786, 1.0]], "wheel_velocity_fl": -0.6140235662460327, "wheel_velocity_fr": -0.725516140460968, "wheel_velocity_rl": 0.657586932182312, "wheel_velocity_rr": 0.4474897086620331}}, {"current_time": 8.316667100414634, "current_time_step": 499, "data": {"base_link_transform_matrix": [[0.9999841668530057, -0.005627207941283223, -2.3960081560925075e-05, 0.0], [0.005627212060705576, 0.9999841517200241, 0.00017547993539121263, 0.0], [2.297223974887495e-05, -0.00017561198545153615, 0.9999999843163533, 0.0], [0.0003688878787215799, -0.002402903977781534, 0.021915867924690247, 1.0]], "wheel_velocity_fl": -0.6304879188537598, "wheel_velocity_fr": -0.7267858386039734, "wheel_velocity_rl": 0.6569489240646362, "wheel_velocity_rr": 0.46721023321151733}}, {"current_time": 8.333333767950535, "current_time_step": 500, "data": {"base_link_transform_matrix": [[0.9999841667975399, -0.005627217717180951, -2.397901817311553e-05, 0.0], [0.005627221842485155, 0.9999841516454597, 0.00017559113183289796, 0.0], [2.2990548617104055e-05, -0.00017572328691778258, 0.9999999842963805, 0.0], [0.0003688048745971173, -0.002402844373136759, 0.021915748715400696, 1.0]], "wheel_velocity_fl": -0.6328457593917847, "wheel_velocity_fr": -0.7511937022209167, "wheel_velocity_rl": 0.6694173216819763, "wheel_velocity_rr": 0.48735037446022034}}, {"current_time": 8.350000435486436, "current_time_step": 501, "data": {"base_link_transform_matrix": [[0.9999841667118965, -0.00562723308658669, -2.394375051053062e-05, 0.0], [0.005627237206757845, 0.999984151550856, 0.00017563750616388137, 0.0], [2.295501785328737e-05, -0.00017576946240838666, 0.9999999842890815, 0.0], [0.0003687590069603175, -0.0024028217885643244, 0.02191583812236786, 1.0]], "wheel_velocity_fl": -0.6355101466178894, "wheel_velocity_fr": -0.7392875552177429, "wheel_velocity_rl": 0.6627733111381531, "wheel_velocity_rr": 0.47231948375701904}}, {"current_time": 8.366667103022337, "current_time_step": 502, "data": {"base_link_transform_matrix": [[0.9999841674155991, -0.005627107822339954, -2.3993470791733e-05, 0.0], [0.005627111946150199, 0.9999841522946593, 0.0001754157266052399, 0.0], [2.3006007342936e-05, -0.00017554796326706498, 0.999999984326818, 0.0], [0.000368811481166631, -0.0024028713814914227, 0.021915748715400696, 1.0]], "wheel_velocity_fl": -0.6386674642562866, "wheel_velocity_fr": -0.7437396049499512, "wheel_velocity_rl": 0.6662563681602478, "wheel_velocity_rr": 0.46817848086357117}}, {"current_time": 8.383333770558238, "current_time_step": 503, "data": {"base_link_transform_matrix": [[0.9999841678922587, -0.005627023070917638, -2.4003878580261542e-05, 0.0], [0.005627027197580138, 0.9999841527637483, 0.00017546021278417798, 0.0], [2.3016179519762036e-05, -0.0001755925053568034, 0.9999999843187637, 0.0], [0.0003688462311401963, -0.0024028855841606855, 0.02191580832004547, 1.0]], "wheel_velocity_fl": -0.6307525634765625, "wheel_velocity_fr": -0.7582865357398987, "wheel_velocity_rl": 0.6571189761161804, "wheel_velocity_rr": 0.4645933210849762}}, {"current_time": 8.400000438094139, "current_time_step": 504, "data": {"base_link_transform_matrix": [[0.999984167741243, -0.005627050082190114, -2.3963017826298588e-05, 0.0], [0.005627054202737167, 0.9999841526036919, 0.00017550634077519674, 0.0], [2.29750551055744e-05, -0.00017563840331356583, 0.9999999843116489, 0.0], [0.00036878485116176307, -0.0024028937332332134, 0.021915867924690247, 1.0]], "wheel_velocity_fl": -0.6195750832557678, "wheel_velocity_fr": -0.7524669170379639, "wheel_velocity_rl": 0.6661012172698975, "wheel_velocity_rr": 0.47331082820892334}}, {"current_time": 8.41666710563004, "current_time_step": 505, "data": {"base_link_transform_matrix": [[0.9999841683821441, -0.005626935992254521, -2.40085556886362e-05, 0.0], [0.005626940119597619, 0.9999841532548246, 0.00017545404514250743, 0.0], [2.3020906549573145e-05, -0.00017558636212633145, 0.9999999843197335, 0.0], [0.0003687215503305197, -0.0024028774350881577, 0.021915748715400696, 1.0]], "wheel_velocity_fl": -0.6121525764465332, "wheel_velocity_fr": -0.737375020980835, "wheel_velocity_rl": 0.6606424450874329, "wheel_velocity_rr": 0.46536433696746826}}, {"current_time": 8.433333773165941, "current_time_step": 506, "data": {"base_link_transform_matrix": [[0.9999841694014573, -0.005626754850059158, -2.400697427183184e-05, 0.0], [0.005626758978784587, 0.9999841542614583, 0.00017552604028872623, 0.0], [2.3018951865088078e-05, -0.0001756583430644861, 0.9999999843071371, 0.0], [0.00036875196383334696, -0.0024028210900723934, 0.02191568911075592, 1.0]], "wheel_velocity_fl": -0.6211987733840942, "wheel_velocity_fr": -0.7506653666496277, "wheel_velocity_rl": 0.6582722663879395, "wheel_velocity_rr": 0.45702695846557617}}, {"current_time": 8.450000440701842, "current_time_step": 507, "data": {"base_link_transform_matrix": [[0.999984168941526, -0.005626836810829786, -2.3954748802145298e-05, 0.0], [0.005626840930081703, 0.9999841538026082, 0.00017551304584603438, 0.0], [2.2966785943319984e-05, -0.00017564505684977236, 0.9999999843106703, 0.0], [0.00036879873368889093, -0.0024027905892580748, 0.021915778517723083, 1.0]], "wheel_velocity_fl": -0.6137068271636963, "wheel_velocity_fr": -0.742172122001648, "wheel_velocity_rl": 0.6665158271789551, "wheel_velocity_rr": 0.45396608114242554}}, {"current_time": 8.466667108237743, "current_time_step": 508, "data": {"base_link_transform_matrix": [[0.9999841679921153, -0.005627005376576903, -2.399184951923037e-05, 0.0], [0.005627009501705024, 0.9999841528589192, 0.00017548531988015756, 0.0], [2.3004012478530282e-05, -0.00017561754396039779, 0.9999999843146468, 0.0], [0.0003687846183311194, -0.0024028585758060217, 0.021915778517723083, 1.0]], "wheel_velocity_fl": -0.6049372553825378, "wheel_velocity_fr": -0.7351375222206116, "wheel_velocity_rl": 0.6487961411476135, "wheel_velocity_rr": 0.4348611831665039}}, {"current_time": 8.483333775773644, "current_time_step": 509, "data": {"base_link_transform_matrix": [[0.999984167060235, -0.005627171154718595, -2.3950857931349247e-05, 0.0],