{"Isaac Sim Data": [{"current_time": 0.9833333846181631, "current_time_step": 59, "data": {"base_link_transform_matrix": [[0.9999782021747657, 0.006490172243194954, 0.0012136060221221339, 0.0], [-0.006490223127572083, 0.9999789375582683, 3.799462224392456e-05, 0.0], [-0.0012133338689733295, -4.587036791632687e-05, 0.9999992628581442, 0.0], [-0.0020896082278341055, -0.0011502046836540103, 0.02187451720237732, 1.0]], "wheel_velocity_fl": -1.0809836387634277, "wheel_velocity_fr": -1.773240327835083, "wheel_velocity_rl": -1.0939723253250122, "wheel_velocity_rr": 1.657784104347229}}, {"current_time": 1.0000000521540642, "current_time_step": 60, "data": {"base_link_transform_matrix": [[0.9999775643610499, 0.0065835075829582335, 0.001236204856582066, 0.0], [-0.00658349524176608, 0.9999783284616411, -1.4052183353005556e-05, 0.0], [-0.0012362705787767585, 5.913319292137236e-06, 0.9999992357997524, 0.0], [-0.0021368132438510656, -0.0011468338780105114, 0.021870866417884827, 1.0]], "wheel_velocity_fl": -1.225711464881897, "wheel_velocity_fr": -1.2591592073440552, "wheel_velocity_rl": 0.11584321409463882, "wheel_velocity_rr": 1.1179535388946533}}, {"current_time": 1.0166667196899652, "current_time_step": 61, "data": {"base_link_transform_matrix": [[0.9999770049759239, 0.006666741034928744, 0.00124261150579336, 0.0], [-0.006666714561169639, 0.9999777768878013, -2.544583466469734e-05, 0.0], [-0.0012427535318885743, 1.7161113317567068e-05, 0.9999992276342793, 0.0], [-0.0021967929787933826, -0.0011389889987185597, 0.021868154406547546, 1.0]], "wheel_velocity_fl": -1.2058682441711426, "wheel_velocity_fr": -1.3225843906402588, "wheel_velocity_rl": 0.07585928589105606, "wheel_velocity_rr": 1.0274372100830078}}, {"current_time": 1.0333333872258663, "current_time_step": 62, "data": {"base_link_transform_matrix": [[0.9999764851925144, 0.006743039021747343, 0.0012491944509598822, 0.0], [-0.006742997336791984, 0.9999772650289591, -3.7578171025584914e-05, 0.0], [-0.0012494194416338067, 2.9153972526169778e-05, 0.9999992190502475, 0.0], [-0.002259897068142891, -0.0011358583578839898, 0.021865278482437134, 1.0]], "wheel_velocity_fl": -1.0346330404281616, "wheel_velocity_fr": -1.6416029930114746, "wheel_velocity_rl": 0.0772387683391571, "wheel_velocity_rr": 0.9150210022926331}}, {"current_time": 1.0500000547617674, "current_time_step": 63, "data": {"base_link_transform_matrix": [[0.9999759806971513, 0.006816218573500945, 0.0012558634992186034, 0.0], [-0.006816162411858621, 0.9999767684949177, -4.8994253887726366e-05, 0.0], [-0.0012561682791626828, 4.043290750210532e-05, 0.9999992102029053, 0.0], [-0.002324051223695278, -0.001133557758294046, 0.02186216413974762, 1.0]], "wheel_velocity_fl": -1.0355935096740723, "wheel_velocity_fr": -1.6086941957473755, "wheel_velocity_rl": 0.08723368495702744, "wheel_velocity_rr": 0.8735641837120056}}, {"current_time": 1.0666667222976685, "current_time_step": 64, "data": {"base_link_transform_matrix": [[0.9999754462029362, 0.006892983918961793, 0.001262443634975228, 0.0], [-0.0068929119772807345, 0.9999762417194347, -6.132820104110138e-05, 0.0], [-0.0012628363757887055, 5.262478234873615e-05, 0.9999992012371411, 0.0], [-0.002389084082096815, -0.0011290425900369883, 0.02185918390750885, 1.0]], "wheel_velocity_fl": -1.1596529483795166, "wheel_velocity_fr": -1.3268094062805176, "wheel_velocity_rl": 0.16753557324409485, "wheel_velocity_rr": 0.7785392999649048}}, {"current_time": 1.0833333898335695, "current_time_step": 65, "data": {"base_link_transform_matrix": [[0.9999749062520931, 0.0069696615118513255, 0.0012691274671413635, 0.0], [-0.006969574052229605, 0.9999757095356319, -7.33228488099286e-05, 0.0], [-0.001269607674883134, 6.447573100088441e-05, 0.9999991919692895, 0.0], [-0.0024551560636609793, -0.0011246897047385573, 0.021855860948562622, 1.0]], "wheel_velocity_fl": -1.1534076929092407, "wheel_velocity_fr": -1.3207769393920898, "wheel_velocity_rl": 0.1647791713476181, "wheel_velocity_rr": 0.5415220856666565}}, {"current_time": 1.1000000573694706, "current_time_step": 66, "data": {"base_link_transform_matrix": [[0.9999743251786796, 0.007051239012161452, 0.0012763274805907116, 0.0], [-0.007051135588324947, 0.9999751367780392, -8.551407365605833e-05, 0.0], [-0.0012768987271495197, 7.651231997674653e-05, 0.9999991818374181, 0.0], [-0.002520523965358734, -0.0011228916700929403, 0.02185279130935669, 1.0]], "wheel_velocity_fl": -1.1737192869186401, "wheel_velocity_fr": -1.2783899307250977, "wheel_velocity_rl": 0.09919270128011703, "wheel_velocity_rr": 0.8296693563461304}}, {"current_time": 1.1166667249053717, "current_time_step": 67, "data": {"base_link_transform_matrix": [[0.9999738421306907, 0.007118152850142253, 0.0012833372068544705, 0.0], [-0.007118033489987624, 0.9999746617204918, -9.755113249383912e-05, 0.0], [-0.0012839990731694155, 8.841374354672706e-05, 0.999999171764352, 0.0], [-0.0025914073921740055, -0.001123228226788342, 0.02184957265853882, 1.0]], "wheel_velocity_fl": -1.0336636304855347, "wheel_velocity_fr": -1.7588062286376953, "wheel_velocity_rl": 0.059099067002534866, "wheel_velocity_rr": 0.6416162848472595}}, {"current_time": 1.1333333924412727, "current_time_step": 68, "data": {"base_link_transform_matrix": [[0.999973314911786, 0.00719042308401278, 0.0012912320500082957, 0.0], [-0.007190286108061268, 0.9999741434321459, -0.00011069250350177432, 0.0], [-0.0012919945891115856, 0.00010140522179109562, 0.9999991602331287, 0.0], [-0.0026610223576426506, -0.0011219083098694682, 0.021846145391464233, 1.0]], "wheel_velocity_fl": -1.2659176588058472, "wheel_velocity_fr": -1.6197857856750488, "wheel_velocity_rl": 0.09393495321273804, "wheel_velocity_rr": 0.6378622651100159}}, {"current_time": 1.1500000599771738, "current_time_step": 69, "data": {"base_link_transform_matrix": [[0.9999727290286397, 0.00727013271440073, 0.001298602837564861, 0.0], [-0.007269977920758187, 0.9999735656878949, -0.0001238808666810793, 0.0], [-0.0012994691402336985, 0.00011443667437258147, 0.9999991491417386, 0.0], [-0.0027299446519464254, -0.0011179622961208224, 0.021842658519744873, 1.0]], "wheel_velocity_fl": -1.515293836593628, "wheel_velocity_fr": -1.4094715118408203, "wheel_velocity_rl": 0.05416105315089226, "wheel_velocity_rr": 0.5674619078636169}}, {"current_time": 1.1666667275130749, "current_time_step": 70, "data": {"base_link_transform_matrix": [[0.9999721666514128, 0.007345749601192965, 0.0013060954313023026, 0.0], [-0.007345576225893134, 0.9999730114389072, -0.00013749077388241853, 0.0], [-0.0013070701544633761, 0.00012789292350485972, 0.9999991376051338, 0.0], [-0.0028001817408949137, -0.0011133300140500069, 0.02183908224105835, 1.0]], "wheel_velocity_fl": -1.5046420097351074, "wheel_velocity_fr": -1.3024033308029175, "wheel_velocity_rl": 0.09493450820446014, "wheel_velocity_rr": 0.32925423979759216}}, {"current_time": 1.183333395048976, "current_time_step": 71, "data": {"base_link_transform_matrix": [[0.9999716161757184, 0.007418974916203078, 0.001313641547142957, 0.0], [-0.007418782763219938, 0.9999724690384537, -0.00015108756020577952, 0.0], [-0.0013147262961473538, 0.00014133765049602578, 0.9999991257588352, 0.0], [-0.0028707568999379873, -0.0011125137098133564, 0.021835744380950928, 1.0]], "wheel_velocity_fl": -1.412786841392517, "wheel_velocity_fr": -1.1012868881225586, "wheel_velocity_rl": 0.02845350094139576, "wheel_velocity_rr": 0.3620862066745758}}, {"current_time": 1.200000062584877, "current_time_step": 72, "data": {"base_link_transform_matrix": [[0.9999710327252782, 0.007495890943207138, 0.0013211091204545636, 0.0], [-0.007495680163162088, 0.9999718934763351, -0.00016442701970214983, 0.0], [-0.0013223045156776096, 0.00015451964527193462, 0.9999991138168308, 0.0], [-0.002943016355857253, -0.0011124302400276065, 0.021832019090652466, 1.0]], "wheel_velocity_fl": -1.581217885017395, "wheel_velocity_fr": -1.436326026916504, "wheel_velocity_rl": -0.04439686983823776, "wheel_velocity_rr": 0.39249005913734436}}, {"current_time": 1.216666730120778, "current_time_step": 73, "data": {"base_link_transform_matrix": [[0.9999704174379307, 0.007576165969911201, 0.0013288936026267608, 0.0], [-0.007575934244418478, 0.9999712861197212, -0.00017932204251670756, 0.0], [-0.001330214018491122, 0.0001692491271599257, 0.9999991009422948, 0.0], [-0.0030148306395858526, -0.0011093252105638385, 0.021828174591064453, 1.0]], "wheel_velocity_fl": -1.5996538400650024, "wheel_velocity_fr": -1.2093034982681274, "wheel_velocity_rl": 0.04790054261684418, "wheel_velocity_rr": 0.2816711962223053}}, {"current_time": 1.2333333976566792, "current_time_step": 74, "data": {"base_link_transform_matrix": [[0.9999698156907981, 0.007653814110932089, 0.0013367261748490813, 0.0], [-0.007653561640885682, 0.9999706922718697, -0.00019388534407796786, 0.0], [-0.0013381709608241712, 0.00018364877560659974, 0.9999990877853874, 0.0], [-0.0030877760145813227, -0.0011079625692218542, 0.02182433009147644, 1.0]], "wheel_velocity_fl": -1.5735459327697754, "wheel_velocity_fr": -1.324508786201477, "wheel_velocity_rl": 0.056897398084402084, "wheel_velocity_rr": 0.1870066374540329}}, {"current_time": 1.2500000651925802, "current_time_step": 75, "data": {"base_link_transform_matrix": [[0.9999691642531162, 0.007737093977418841, 0.0013445890483248912, 0.0], [-0.007736819644418877, 0.9999700484990053, -0.00020910926992515522, 0.0], [-0.0013461666739376333, 0.00019869997892188625, 0.9999990741763736, 0.0], [-0.0031611414160579443, -0.0011057105148211122, 0.021820619702339172, 1.0]], "wheel_velocity_fl": -1.6777329444885254, "wheel_velocity_fr": -1.3421574831008911, "wheel_velocity_rl": 0.048142801970243454, "wheel_velocity_rr": 0.2602440416812897}}, {"current_time": 1.2666667327284813, "current_time_step": 76, "data": {"base_link_transform_matrix": [[0.9999684779165927, 0.007824051373687503, 0.0013518111091128087, 0.0], [-0.007823753740371673, 0.9999693685845975, -0.00022532183970018794, 0.0], [-0.001353532630874608, 0.00021473849986516612, 0.999999060917956, 0.0], [-0.0032353170681744814, -0.0011010848684236407, 0.021816805005073547, 1.0]], "wheel_velocity_fl": -1.7759430408477783, "wheel_velocity_fr": -1.3438166379928589, "wheel_velocity_rl": 0.009754364378750324, "wheel_velocity_rr": 0.011534429155290127}}, {"current_time": 1.2833334002643824, "current_time_step": 77, "data": {"base_link_transform_matrix": [[0.9999677398212461, 0.00791650450789723, 0.001359512105554168, 0.0], [-0.007916183410634768, 0.999968637390201, -0.0002414046268102229, 0.0], [-0.0013613805485228549, 0.0002306346918772649, 0.9999990467248662, 0.0], [-0.0033088272903114557, -0.0010985145345330238, 0.02181275188922882, 1.0]], "wheel_velocity_fl": -1.7993111610412598, "wheel_velocity_fr": -1.341112732887268, "wheel_velocity_rl": -0.041978128254413605, "wheel_velocity_rr": 0.4470868408679962}}, {"current_time": 1.3000000678002834, "current_time_step": 78, "data": {"base_link_transform_matrix": [[0.9999670359007103, 0.008003638225981024, 0.0013670724542024376, 0.0], [-0.00800329215656268, 0.9999679397504488, -0.0002584296799416062, 0.0], [-0.0013690970031835098, 0.00024748008078980595, 0.9999990321630344, 0.0], [-0.003383522853255272, -0.001096326974220574, 0.021808907389640808, 1.0]], "wheel_velocity_fl": -1.7359975576400757, "wheel_velocity_fr": -1.4005781412124634, "wheel_velocity_rl": -0.03169912099838257, "wheel_velocity_rr": 0.4763000011444092}}, {"current_time": 1.3166667353361845, "current_time_step": 79, "data": {"base_link_transform_matrix": [[0.9999663455566073, 0.008088260251772207, 0.0013739724391147387, 0.0], [-0.008087889020732215, 0.9999672545310824, -0.0002755299580659465, 0.0], [-0.0013761560057509374, 0.000264408148653465, 0.9999990181410073, 0.0], [-0.0034596980549395084, -0.0010954561876133084, 0.021804973483085632, 1.0]], "wheel_velocity_fl": -1.7392120361328125, "wheel_velocity_fr": -1.6772581338882446, "wheel_velocity_rl": -0.06616894900798798, "wheel_velocity_rr": 0.9008304476737976}}, {"current_time": 1.3333334028720856, "current_time_step": 80, "data": {"base_link_transform_matrix": [[0.9999657814198365, 0.008156255560464391, 0.00138256451862634, 0.0], [-0.008155857242382662, 0.999966697372254, -0.000293494580817998, 0.0], [-0.001384912292401604, 0.00028220853900785684, 0.9999990011876426, 0.0], [-0.00354108982719481, -0.0010892539285123348, 0.021800756454467773, 1.0]], "wheel_velocity_fl": -1.4290926456451416, "wheel_velocity_fr": -1.5927609205245972, "wheel_velocity_rl": 0.058618392795324326, "wheel_velocity_rr": 0.0651041641831398}}, {"current_time": 1.3500000704079866, "current_time_step": 81, "data": {"base_link_transform_matrix": [[0.9999650768039171, 0.008240787271077991, 0.0013908981591339463, 0.0], [-0.008240362669493304, 0.9999659993579451, -0.00031072679541333203, 0.0], [-0.0013934115011239277, 0.0002992544385729332, 0.9999989844250691, 0.0], [-0.0036207125522196293, -0.001089163706637919, 0.021796420216560364, 1.0]], "wheel_velocity_fl": -1.7396022081375122, "wheel_velocity_fr": -1.425325870513916, "wheel_velocity_rl": -0.13118168711662292, "wheel_velocity_rr": 0.3419521450996399}}, {"current_time": 1.3666667379438877, "current_time_step": 82, "data": {"base_link_transform_matrix": [[0.9999643769888771, 0.008323751694082176, 0.001399968207536711, 0.0], [-0.008323299629355794, 0.9999653068074862, -0.00032842760230094865, 0.0], [-0.0014026533879812095, 0.0003167635478579186, 0.9999989661116295, 0.0], [-0.0037031141109764576, -0.0010862027993425727, 0.021791860461235046, 1.0]], "wheel_velocity_fl": -2.0112693309783936, "wheel_velocity_fr": -1.4477736949920654, "wheel_velocity_rl": -0.3513280749320984, "wheel_velocity_rr": -0.09292203187942505}}, {"current_time": 1.3833334054797888, "current_time_step": 83, "data": {"base_link_transform_matrix": [[0.999963598836635, 0.00841534714518393, 0.0014081669330953226, 0.0], [-0.008414866478078853, 0.9999645342054755, -0.0003469198503772258, 0.0], [-0.0014110364423086967, 0.0003350576853702347, 0.9999989483557, 0.0], [-0.003782374318689108, -0.0010820586467161775, 0.02178722620010376, 1.0]], "wheel_velocity_fl": -2.03011155128479, "wheel_velocity_fr": -1.2467446327209473, "wheel_velocity_rl": -0.03752591460943222, "wheel_velocity_rr": 0.05215049535036087}}, {"current_time": 1.4000000730156898, "current_time_step": 84, "data": {"base_link_transform_matrix": [[0.9999628212247358, 0.008505939067419033, 0.0014160398470415938, 0.0], [-0.008505431588544884, 0.9999637619062645, -0.0003640161592527675, 0.0], [-0.0014190848317270435, 0.0003519585955321243, 0.9999989311611225, 0.0], [-0.003861755598336458, -0.0010799121810123324, 0.02178288996219635, 1.0]], "wheel_velocity_fl": -2.0561015605926514, "wheel_velocity_fr": -1.3659212589263916, "wheel_velocity_rl": -0.08070892840623856, "wheel_velocity_rr": -0.08098360896110535}}, {"current_time": 1.416666740551591, "current_time_step": 85, "data": {"base_link_transform_matrix": [[0.9999620319518586, 0.00859703612564277, 0.0014232443797770125, 0.0], [-0.008596502883279292, 0.9999629770463676, -0.00038036133262422055, 0.0], [-0.0014264616671837006, 0.00036811196663246826, 0.9999989148497572, 0.0], [-0.0039407918229699135, -0.001077850814908743, 0.021778345108032227, 1.0]], "wheel_velocity_fl": -2.2038278579711914, "wheel_velocity_fr": -1.3202812671661377, "wheel_velocity_rl": 0.02553935907781124, "wheel_velocity_rr": -0.2476455122232437}}, {"current_time": 1.433333408087492, "current_time_step": 86, "data": {"base_link_transform_matrix": [[0.9999612653208463, 0.008684622382634071, 0.0014301020953291338, 0.0], [-0.0086840648593059, 0.9999622145460376, -0.0003955979065230171, 0.0], [-0.0014334836767057623, 0.0003831634838137666, 0.9999988991545408, 0.0], [-0.004019441548734903, -0.0010762660531327128, 0.021773770451545715, 1.0]], "wheel_velocity_fl": -2.4980556964874268, "wheel_velocity_fr": -1.1375846862792969, "wheel_velocity_rl": 0.17449809610843658, "wheel_velocity_rr": -0.6549835801124573}}, {"current_time": 1.450000075623393, "current_time_step": 87, "data": {"base_link_transform_matrix": [[0.9999606835294711, 0.008750556566282156, 0.0014349756281041223, 0.0], [-0.008749985828963924, 0.9999616367198644, -0.0004035300767285404, 0.0], [-0.001438451690494723, 0.00039095819493935145, 0.9999988890035948, 0.0], [-0.0040840040892362595, -0.00106966239400208, 0.021770551800727844, 1.0]], "wheel_velocity_fl": -1.3477777242660522, "wheel_velocity_fr": -1.368290901184082, "wheel_velocity_rl": 0.03442297875881195, "wheel_velocity_rr": -0.4495103359222412}}, {"current_time": 1.4666667431592941, "current_time_step": 88, "data": {"base_link_transform_matrix": [[0.999960478609821, 0.00877413012336486, 0.0014338266966297099, 0.0], [-0.008773556993193718, 0.9999614293805447, -0.00040552300194649865, 0.0], [-0.0014373295046329253, 0.0003929272148724688, 0.9999988898454333, 0.0], [-0.004118904005736113, -0.0010516290785744786, 0.02176840603351593, 1.0]], "wheel_velocity_fl": -0.7520378232002258, "wheel_velocity_fr": -0.5073679089546204, "wheel_velocity_rl": 0.23968540132045746, "wheel_velocity_rr": -0.690628707408905}}, {"current_time": 1.4833334106951952, "current_time_step": 89, "data": {"base_link_transform_matrix": [[0.9999603659999622, 0.008786871492463648, 0.0014343355941593711, 0.0], [-0.008786303808004145, 0.999961319041338, -0.0004016049063680197, 0.0], [-0.0014378089633865446, 0.0003889864808662271, 0.999998890696836, 0.0], [-0.004134078975766897, -0.0010276847751811147, 0.021767035126686096, 1.0]], "wheel_velocity_fl": -0.2805047035217285, "wheel_velocity_fr": -0.2603713572025299, "wheel_velocity_rl": 0.4768691956996918, "wheel_velocity_rr": -0.48857271671295166}}, {"current_time": 1.5000000782310963, "current_time_step": 90, "data": {"base_link_transform_matrix": [[0.9999602781501885, 0.00879696316666997, 0.0014337227214273672, 0.0], [-0.008796399282195994, 0.9999612312745774, -0.00039913343565786105, 0.0], [-0.0014371782999569164, 0.00038650598382184337, 0.9999988925652161, 0.0], [-0.004137666430324316, -0.0010093419114127755, 0.02176623046398163, 1.0]], "wheel_velocity_fl": -0.10739732533693314, "wheel_velocity_fr": -0.3576725721359253, "wheel_velocity_rl": 0.7195967435836792, "wheel_velocity_rr": -0.19127105176448822}}, {"current_time": 1.5166667457669973, "current_time_step": 91, "data": {"base_link_transform_matrix": [[0.9999601336168965, 0.008813513595868567, 0.0014328834474316532, 0.0], [-0.008812951216643479, 0.999961085857954, -0.0003983222749843577, 0.0], [-0.0014363383067877563, 0.00038567846339459345, 0.9999988940915842, 0.0], [-0.004136271774768829, -0.0009970581158995628, 0.021765783429145813, 1.0]], "wheel_velocity_fl": 0.000890639319550246, "wheel_velocity_fr": -0.23754848539829254, "wheel_velocity_rl": 0.7813807725906372, "wheel_velocity_rr": 0.07376289367675781}}, {"current_time": 1.5333334133028984, "current_time_step": 92, "data": {"base_link_transform_matrix": [[0.9999599503044132, 0.008834499788899537, 0.0014315727978188504, 0.0], [-0.008833936639433661, 0.9999609003269669, -0.00039922516468117686, 0.0], [-0.001435043778423632, 0.0003865627524441923, 0.9999988956086864, 0.0], [-0.004134612623602152, -0.0009884127648547292, 0.02176542580127716, 1.0]], "wheel_velocity_fl": 0.0306432843208313, "wheel_velocity_fr": -0.283326119184494, "wheel_velocity_rl": 0.7690926194190979, "wheel_velocity_rr": 0.18634095788002014}}, {"current_time": 1.5500000808387995, "current_time_step": 93, "data": {"base_link_transform_matrix": [[0.9999597739573335, 0.00885462528147216, 0.001430411941829986, 0.0], [-0.008854061452340342, 0.999960722016345, -0.00040002543446537967, 0.0], [-0.0014338978334583641, 0.00038734438779006094, 0.9999988969500558, 0.0], [-0.004133022390305996, -0.0009812697535380721, 0.021765202283859253, 1.0]], "wheel_velocity_fl": 0.07445190846920013, "wheel_velocity_fr": -0.33792153000831604, "wheel_velocity_rl": 0.7600379586219788, "wheel_velocity_rr": 0.17036962509155273}}, {"current_time": 1.5666667483747005, "current_time_step": 94, "data": {"base_link_transform_matrix": [[0.9999596154006049, 0.00887268989576339, 0.0014293151814611096, 0.0], [-0.008872125146570015, 0.999960561529117, -0.0004009760048238786, 0.0], [-0.0014328165472023875, 0.0003882787484047414, 0.9999988981375707, 0.0], [-0.00413136463612318, -0.000975041592027992, 0.021765053272247314, 1.0]], "wheel_velocity_fl": 0.12445546686649323, "wheel_velocity_fr": -0.37467196583747864, "wheel_velocity_rl": 0.7641802430152893, "wheel_velocity_rr": 0.1670839786529541}}, {"current_time": 1.5833334159106016, "current_time_step": 95, "data": {"base_link_transform_matrix": [[0.9999594167905409, 0.008895259688273746, 0.0014279800416764708, 0.0], [-0.008894694241785597, 0.9999603606837812, -0.0004018401513041775, 0.0], [-0.0014314979100230705, 0.00038912239748706366, 0.9999988996981414, 0.0], [-0.004129892680794001, -0.0009669738938100636, 0.021764829754829407, 1.0]], "wheel_velocity_fl": -0.02017977461218834, "wheel_velocity_fr": -0.28119057416915894, "wheel_velocity_rl": 0.734991192817688, "wheel_velocity_rr": 0.16425693035125732}}, {"current_time": 1.6000000834465027, "current_time_step": 96, "data": {"base_link_transform_matrix": [[0.9999591905225357, 0.008920861062285443, 0.0014267191113210293, 0.0], [-0.008920294340453185, 0.9999601321382304, -0.0004030917668777824, 0.0], [-0.0014302581567283829, 0.0003903485624992726, 0.9999989009941985, 0.0], [-0.004129127599298954, -0.0009565094951540232, 0.021764621138572693, 1.0]], "wheel_velocity_fl": 0.0464777834713459, "wheel_velocity_fr": -0.30580779910087585, "wheel_velocity_rl": 0.7584108710289001, "wheel_velocity_rr": 0.14350345730781555}}, {"current_time": 1.6166667509824038, "current_time_step": 97, "data": {"base_link_transform_matrix": [[0.9999589471480453, 0.008948315683461635, 0.0014253648661629824, 0.0], [-0.008947748075873263, 0.9999598864493712, -0.00040409965540657504, 0.0], [-0.001428923701001415, 0.00039132926022461957, 0.9999989025186312, 0.0], [-0.00412807846441865, -0.0009452028316445649, 0.021764233708381653, 1.0]], "wheel_velocity_fl": -0.12552103400230408, "wheel_velocity_fr": -0.2072397917509079, "wheel_velocity_rl": 0.7737346291542053, "wheel_velocity_rr": 0.21634480357170105}}, {"current_time": 1.6333334185183048, "current_time_step": 98, "data": {"base_link_transform_matrix": [[0.9999586886001339, 0.008977448709285364, 0.0014235546257677764, 0.0], [-0.00897688037396367, 0.9999596249311304, -0.0004051250974297821, 0.0], [-0.0014271341394347414, 0.0003923292815635665, 0.9999989046823415, 0.0], [-0.004125720355659723, -0.0009331232868134975, 0.021763965487480164, 1.0]], "wheel_velocity_fl": -0.17746734619140625, "wheel_velocity_fr": -0.26680633425712585, "wheel_velocity_rl": 0.8130224943161011, "wheel_velocity_rr": 0.19998133182525635}}, {"current_time": 1.650000086054206, "current_time_step": 99, "data": {"base_link_transform_matrix": [[0.999958423277913, 0.009007228060837619, 0.0014218151111912737, 0.0], [-0.009006658483293614, 0.9999593566064953, -0.0004064948822714016, 0.0], [-0.0014254187159104005, 0.00039367217841376566, 0.9999989066012523, 0.0], [-0.004122795071452856, -0.0009213567827828228, 0.021763622760772705, 1.0]], "wheel_velocity_fl": -0.14910605549812317, "wheel_velocity_fr": -0.28845468163490295, "wheel_velocity_rl": 0.8348073959350586, "wheel_velocity_rr": 0.2473108023405075}}, {"current_time": 1.666666753590107, "current_time_step": 100, "data": {"base_link_transform_matrix": [[0.9999581658642253, 0.009036030496043772, 0.0014200965914533759, 0.0], [-0.00903545932277983, 0.9999590961240769, -0.0004081097224508057, 0.0], [-0.0014237261958963978, 0.0003952614245467704, 0.9999989083854669, 0.0], [-0.004119520075619221, -0.0009110239334404469, 0.021763399243354797, 1.0]], "wheel_velocity_fl": -0.11363179236650467, "wheel_velocity_fr": -0.2441229224205017, "wheel_velocity_rl": 0.8532697558403015, "wheel_velocity_rr": 0.2628948986530304}}, {"current_time": 1.683333421126008, "current_time_step": 101, "data": {"base_link_transform_matrix": [[0.9999578879875279, 0.009067005754949313, 0.0014183293560665275, 0.0], [-0.009066433128963674, 0.9999588151434537, -0.0004096427933576008, 0.0], [-0.0014219851759403096, 0.0003967663542135546, 0.9999989102667161, 0.0], [-0.00411634985357523, -0.0009003549348562956, 0.02176302671432495, 1.0]], "wheel_velocity_fl": -0.1748741716146469, "wheel_velocity_fr": -0.1128472164273262, "wheel_velocity_rl": 0.8433688879013062, "wheel_velocity_rr": 0.2969014346599579}}, {"current_time": 1.700000088661909, "current_time_step": 102, "data": {"base_link_transform_matrix": [[0.9999576120204935, 0.009097681023607813, 0.0014164611766326871, 0.0], [-0.009097106853812681, 0.9999585358915611, -0.0004112718026625539, 0.0], [-0.001420144064007488, 0.00039836867100370623, 0.9999989122460281, 0.0], [-0.004113638773560524, -0.0008893573540262878, 0.021762892603874207, 1.0]], "wheel_velocity_fl": -0.16366638243198395, "wheel_velocity_fr": -0.11215560138225555, "wheel_velocity_rl": 0.8479253649711609, "wheel_velocity_rr": 0.2717968821525574}}, {"current_time": 1.7166667561978102, "current_time_step": 103, "data": {"base_link_transform_matrix": [[0.999957324948936, 0.009129468389029347, 0.0014145981414369784, 0.0], [-0.009128892755261011, 0.9999582455651012, -0.0004128479475596558, 0.0], [-0.0014183081579776952, 0.00039991661452744233, 0.9999989142337458, 0.0], [-0.004111469257622957, -0.0008779277559369802, 0.021762549877166748, 1.0]], "wheel_velocity_fl": -0.22214895486831665, "wheel_velocity_fr": -0.21564209461212158, "wheel_velocity_rl": 0.8425142168998718, "wheel_velocity_rr": 0.299389511346817}}, {"current_time": 1.7333334237337112, "current_time_step": 104, "data": {"base_link_transform_matrix": [[0.9999570334872409, 0.009161635660354593, 0.0014126611143862352, 0.0], [-0.009161058380686352, 0.9999579506832409, -0.00041457775977871657, 0.0], [-0.0014163999233395416, 0.00040161847587709366, 0.9999989162563413, 0.0], [-0.0041084387339651585, -0.0008657597936689854, 0.021762371063232422, 1.0]], "wheel_velocity_fl": -0.008450197987258434, "wheel_velocity_fr": -0.13475942611694336, "wheel_velocity_rl": 0.8734071254730225, "wheel_velocity_rr": 0.3163955509662628}}, {"current_time": 1.7500000912696123, "current_time_step": 105, "data": {"base_link_transform_matrix": [[0.9999567493152344, 0.009192851104985128, 0.0014110235544040712, 0.0], [-0.009192272214751182, 0.9999576635578594, -0.0004162011973790361, 0.0], [-0.0014147898923242233, 0.0004032126837787412, 0.9999989178939607, 0.0], [-0.004105808213353157, -0.000854365760460496, 0.02176208794116974, 1.0]], "wheel_velocity_fl": -0.18268144130706787, "wheel_velocity_fr": -0.18868301808834076, "wheel_velocity_rl": 0.8703242540359497, "wheel_velocity_rr": 0.33882835507392883}}, {"current_time": 1.7666667588055134, "current_time_step": 106, "data": {"base_link_transform_matrix": [[0.9999565048532381, 0.009219668900696584, 0.0014092931056125747, 0.0], [-0.009219088704077897, 0.9999574160847978, -0.00041763678107565666, 0.0], [-0.0014130835652367403, 0.0004046262177518828, 0.9999989197356473, 0.0], [-0.0041028535924851894, -0.0008448191219940782, 0.021761611104011536, 1.0]], "wheel_velocity_fl": -0.11013329029083252, "wheel_velocity_fr": -0.09197479486465454, "wheel_velocity_rl": 0.8846622705459595, "wheel_velocity_rr": 0.3639953136444092}}, {"current_time": 1.7833334263414145, "current_time_step": 107, "data": {"base_link_transform_matrix": [[0.9999562009760424, 0.00925286342528147, 0.0014073549636521821, 0.0], [-0.009252281514450365, 0.9999571087633683, -0.0004194286383815071, 0.0], [-0.0014111755163650071, 0.00040638902350205707, 0.9999989217152304, 0.0], [-0.004100392106920481, -0.0008330194395966828, 0.021761536598205566, 1.0]], "wheel_velocity_fl": -0.38792136311531067, "wheel_velocity_fr": -0.10429698973894119, "wheel_velocity_rl": 0.8790586590766907, "wheel_velocity_rr": 0.406157523393631}}, {"current_time": 1.8000000938773155, "current_time_step": 108, "data": {"base_link_transform_matrix": [[0.9999558897263777, 0.009286745524234934, 0.0014053323793278745, 0.0], [-0.009286162458386418, 0.9999567941012556, -0.0004208533421493828, 0.0], [-0.001409180018570956, 0.0004077846334108363, 0.9999989239611051, 0.0], [-0.004098036326467991, -0.0008202549652196467, 0.021761104464530945, 1.0]], "wheel_velocity_fl": -0.309674471616745, "wheel_velocity_fr": -0.21692201495170593, "wheel_velocity_rl": 0.854884147644043, "wheel_velocity_rr": 0.4766385555267334}}, {"current_time": 1.8166667614132166, "current_time_step": 109, "data": {"base_link_transform_matrix": [[0.9999555636027265, 0.009322103685767516, 0.0014032828742831657, 0.0], [-0.00932151848039327, 0.9999564642384877, -0.00042299040389812067, 0.0], [-0.0014071649416978395, 0.0004098908804826403, 0.9999989259375697, 0.0], [-0.004094943404197693, -0.0008068818715400994, 0.021760746836662292, 1.0]], "wheel_velocity_fl": -0.29649823904037476, "wheel_velocity_fr": -0.21741324663162231, "wheel_velocity_rl": 0.8862740397453308, "wheel_velocity_rr": 0.5110908150672913}}, {"current_time": 1.8333334289491177, "current_time_step": 110, "data": {"base_link_transform_matrix": [[0.9999552554864902, 0.009355406618038086, 0.0014012108903788578, 0.0], [-0.00935481927084817, 0.9999561523447092, -0.00042514041730624193, 0.0], [-0.0014051268120404093, 0.00041201331996525777, 0.9999989279312584, 0.0], [-0.004091721959412098, -0.0007945294491946697, 0.021760225296020508, 1.0]], "wheel_velocity_fl": -0.284415602684021, "wheel_velocity_fr": -0.3146078586578369, "wheel_velocity_rl": 0.9094465374946594, "wheel_velocity_rr": 0.563554584980011}}, {"current_time": 1.8500000964850187, "current_time_step": 111, "data": {"base_link_transform_matrix": [[0.9999549726584812, 0.009385854099738095, 0.0013994278811609111, 0.0], [-0.00938526433061039, 0.9999558660935484, -0.0004274091085429453, 0.0], [-0.0014033777184754015, 0.00041425586287072554, 0.9999989294609567, 0.0], [-0.004087842535227537, -0.0007839565514586866, 0.02176012098789215, 1.0]], "wheel_velocity_fl": -0.18234220147132874, "wheel_velocity_fr": -0.15102721750736237, "wheel_velocity_rl": 0.9296591877937317, "wheel_velocity_rr": 0.731951892375946}}, {"current_time": 1.8666667640209198, "current_time_step": 112, "data": {"base_link_transform_matrix": [[0.9999546751755831, 0.009417747783907486, 0.0013977199908081453, 0.0], [-0.009417155828363435, 0.9999555653682938, -0.0004294939817306423, 0.0], [-0.0014017027496297707, 0.0004163119680334732, 0.9999989309563021, 0.0], [-0.004084706772118807, -0.0007730868528597057, 0.02175988256931305, 1.0]], "wheel_velocity_fl": -0.32063761353492737, "wheel_velocity_fr": -0.005096228327602148, "wheel_velocity_rl": 0.9010347127914429, "wheel_velocity_rr": 0.7967844605445862}}, {"current_time": 1.8833334315568209, "current_time_step": 113, "data": {"base_link_transform_matrix": [[0.9999543156233242, 0.009456152489227097, 0.0013956526752172192, 0.0], [-0.009455558283854469, 0.9999552020053466, -0.0004317406479377118, 0.0], [-0.0013996727581788338, 0.00041852424892079135, 0.9999989328762422, 0.0], [-0.004083156585693359, -0.0007586732390336692, 0.02175937592983246, 1.0]], "wheel_velocity_fl": -0.64809250831604, "wheel_velocity_fr": -0.1720985770225525, "wheel_velocity_rl": 0.8711238503456116, "wheel_velocity_rr": 0.9254357814788818}}, {"current_time": 1.900000099092722, "current_time_step": 114, "data": {"base_link_transform_matrix": [[0.9999539516290903, 0.009494808705586062, 0.001393997493282059, 0.0], [-0.009494211735949477, 0.9999548346705532, -0.0004342378374382039, 0.0], [-0.00139805753812523, 0.00042098293413259986, 0.9999989341036766, 0.0], [-0.004079619888216257, -0.0007435572915710509, 0.02175891399383545, 1.0]], "wheel_velocity_fl": -0.405922532081604, "wheel_velocity_fr": -0.2351841777563095, "wheel_velocity_rl": 0.8877605199813843, "wheel_velocity_rr": 1.2174091339111328}}, {"current_time": 1.916666766628623, "current_time_step": 115, "data": {"base_link_transform_matrix": [[0.9999536067398574, 0.009531256626798911, 0.0013926647351920488, 0.0], [-0.009530658320430154, 0.9999544873580855, -0.0004356195675562184, 0.0], [-0.0013967533532306827, 0.0004223263459982698, 0.9999989353596971, 0.0], [-0.004075550474226475, -0.0007299978751689196, 0.02175849676132202, 1.0]], "wheel_velocity_fl": -0.1377767026424408, "wheel_velocity_fr": -0.44155189394950867, "wheel_velocity_rl": 0.8703324198722839, "wheel_velocity_rr": 1.5062189102172852}}, {"current_time": 1.933333434164524, "current_time_step": 116, "data": {"base_link_transform_matrix": [[0.9999532872010658, 0.009564944991694201, 0.0013911301479997364, 0.0], [-0.009564347361877338, 0.9999541656968151, -0.0004356203941733603, 0.0], [-0.0013952330716262915, 0.00042229479316442637, 0.9999989374953273, 0.0], [-0.004071695264428854, -0.0007179840467870235, 0.021758273243904114, 1.0]], "wheel_velocity_fl": 0.20284171402454376, "wheel_velocity_fr": -0.6730889678001404, "wheel_velocity_rl": 0.8414031267166138, "wheel_velocity_rr": 1.740559458732605}}, {"current_time": 1.9500001017004251, "current_time_step": 117, "data": {"base_link_transform_matrix": [[0.9999529787462996, 0.0095974575659226, 0.001388922126275387, 0.0], [-0.009596864136346656, 0.9999538551624146, -0.00043329501865501735, 0.0], [-0.0013930165652445185, 0.0004199453476381874, 0.9999989415748168, 0.0], [-0.004068517591804266, -0.0007061162032186985, 0.021758034825325012, 1.0]], "wheel_velocity_fl": 0.5381351709365845, "wheel_velocity_fr": -0.5840742588043213, "wheel_velocity_rl": 0.8560886383056641, "wheel_velocity_rr": 1.8210970163345337}}, {"current_time": 1.9666667692363262, "current_time_step": 118, "data": {"base_link_transform_matrix": [[0.9999526400294916, 0.009633536647871005, 0.0013829930238871517, 0.0], [-0.009632953107518754, 0.9999535104417389, -0.0004279832608377613, 0.0], [-0.0013870517215803487, 0.00041464068461601945, 0.9999989520797631, 0.0], [-0.004066862631589174, -0.0006918902508914471, 0.02175728976726532, 1.0]], "wheel_velocity_fl": 0.6786901354789734, "wheel_velocity_fr": -1.0077306032180786, "wheel_velocity_rl": 0.8601481914520264, "wheel_velocity_rr": 1.8104108572006226}}, {"current_time": 1.9833334367722273, "current_time_step": 119, "data": {"base_link_transform_matrix": [[0.9999522816854841, 0.009671894927710678, 0.001374336385906394, 0.0], [-0.00967132257338823, 0.999953142410519, -0.00042249616521748, 0.0], [-0.0013783583263335588, 0.00040918435390014106, 0.9999989663477101, 0.0], [-0.004066322930157185, -0.0006761242402717471, 0.021755442023277283, 1.0]], "wheel_velocity_fl": 0.002598696853965521, "wheel_velocity_fr": -0.5028970241546631, "wheel_velocity_rl": 0.888014554977417, "wheel_velocity_rr": 1.008171558380127}}, {"current_time": 2.0000001043081284, "current_time_step": 120, "data": {"base_link_transform_matrix": [[0.9999519827280734, 0.009703167344013509, 0.0013714159430804809, 0.0], [-0.009702593569390046, 0.9999528386619911, -0.00042441707444617515, 0.0], [-0.0013754694551666464, 0.0004110904035858095, 0.999998969543698, 0.0], [-0.0040635582990944386, -0.0006660454673692584, 0.021755069494247437, 1.0]], "wheel_velocity_fl": -1.3839190006256104, "wheel_velocity_fr": -0.32436418533325195, "wheel_velocity_rl": 0.9070807099342346, "wheel_velocity_rr": 0.6608774065971375}}, {"current_time": 2.0166667718440294, "current_time_step": 121, "data": {"base_link_transform_matrix": [[0.9999517878795717, 0.009722981582847854, 0.0013731516986531277, 0.0], [-0.009722408491567231, 0.9999526466252001, -0.0004234151399118484, 0.0], [-0.001377203532893346, 0.0004100443844349367, 0.999998967586483, 0.0], [-0.004062030464410782, -0.0006630074349232018, 0.02175593376159668, 1.0]], "wheel_velocity_fl": -1.1584728956222534, "wheel_velocity_fr": 0.16162917017936707, "wheel_velocity_rl": 0.9158315658569336, "wheel_velocity_rr": 0.34431031346321106}}, {"current_time": 2.0333334393799305, "current_time_step": 122, "data": {"base_link_transform_matrix": [[0.9999516988754948, 0.009731776053850387, 0.001375663785004853, 0.0], [-0.009731206492097771, 0.9999525624362603, -0.0004201158949014138, 0.0], [-0.0013796870006722109, 0.0004067087344756846, 0.9999989655253577, 0.0], [-0.004060719162225723, -0.0006629051640629768, 0.021757081151008606, 1.0]], "wheel_velocity_fl": -0.9310339689254761, "wheel_velocity_fr": 0.41977402567863464, "wheel_velocity_rl": 0.9610891342163086, "wheel_velocity_rr": -0.22806748747825623}}, {"current_time": 2.0500001069158316, "current_time_step": 123, "data": {"base_link_transform_matrix": [[0.9999516482867873, 0.009736761152899369, 0.0013771604077591414, 0.0], [-0.009736193875148116, 0.9999525147646809, -0.0004180246596216036, 0.0], [-0.0013811652192398645, 0.0004045961466860247, 0.9999989643417613, 0.0], [-0.004059863742440939, -0.0006618211045861244, 0.02175740897655487, 1.0]], "wheel_velocity_fl": -0.8837118744850159, "wheel_velocity_fr": 0.6156308650970459, "wheel_velocity_rl": 1.0150766372680664, "wheel_velocity_rr": -0.5170026421546936}}, {"current_time": 2.0666667744517326, "current_time_step": 124, "data": {"base_link_transform_matrix": [[0.9999516203299337, 0.00973956623184776, 0.0013776244610443666, 0.0], [-0.009738999717461954, 0.9999524877280339, -0.0004173380159331103, 0.0], [-0.0013816236982235545, 0.0004039011410207135, 0.9999989639893757, 0.0], [-0.004059604834765196, -0.0006601625354960561, 0.021757766604423523, 1.0]], "wheel_velocity_fl": -0.8709660768508911, "wheel_velocity_fr": 0.6534519791603088, "wheel_velocity_rl": 1.041611909866333, "wheel_velocity_rr": -0.5910100936889648}}, {"current_time": 2.0833334419876337, "current_time_step": 125, "data": {"base_link_transform_matrix": [[0.9999515975020485, 0.009741752657768736, 0.001378734294880362, 0.0], [-0.009741187890658922, 0.9999524670748692, -0.00041575156224132073, 0.0], [-0.001382718908492784, 0.0004023009290094563, 0.9999989631206537, 0.0], [-0.004059466067701578, -0.00065871502738446, 0.02175779640674591, 1.0]], "wheel_velocity_fl": -0.8586626052856445, "wheel_velocity_fr": 0.72270667552948, "wheel_velocity_rl": 1.0589420795440674, "wheel_velocity_rr": -0.790028989315033}}, {"current_time": 2.1000001095235348, "current_time_step": 126, "data": {"base_link_transform_matrix": [[0.9999515817118597, 0.009743289059758823, 0.0013793296371675445, 0.0], [-0.009742725517399667, 0.999952452533803, -0.0004146940135997844, 0.0], [-0.001383304537184101, 0.00040123550477260604, 0.9999989627387756, 0.0], [-0.00405978225171566, -0.0006578645552508533, 0.021758124232292175, 1.0]], "wheel_velocity_fl": -0.8334236145019531, "wheel_velocity_fr": 0.7460283041000366, "wheel_velocity_rl": 1.0643787384033203, "wheel_velocity_rr": -0.8189252018928528}}, {"current_time": 2.116666777059436, "current_time_step": 127, "data": {"base_link_transform_matrix": [[0.9999515721732429, 0.00974413597155719, 0.0013802617242856018, 0.0], [-0.009743574293311713, 0.9999524449326622, -0.00041307769464260876, 0.0], [-0.0013842211710697748, 0.0003996090075327841, 0.9999989621216567, 0.0], [-0.004060048609972, -0.0006570533150807023, 0.021758198738098145, 1.0]], "wheel_velocity_fl": -0.8223291635513306, "wheel_velocity_fr": 0.7867851853370667, "wheel_velocity_rl": 1.0679434537887573, "wheel_velocity_rr": -0.9518671035766602}}, {"current_time": 2.133333444595337, "current_time_step": 128, "data": {"base_link_transform_matrix": [[0.9999515683798049, 0.009744446189489823, 0.001380819766861384, 0.0], [-0.009743885490239763, 0.9999524422584124, -0.0004122098851813693, 0.0], [-0.0013847708552366584, 0.0003987353714978126, 0.999998961709352, 0.0], [-0.004060434643179178, -0.0006563717033714056, 0.021758198738098145, 1.0]], "wheel_velocity_fl": -0.8295325636863708, "wheel_velocity_fr": 0.8370633721351624, "wheel_velocity_rl": 1.083497166633606, "wheel_velocity_rr": -1.0258985757827759}}, {"current_time": 2.150000112131238, "current_time_step": 129, "data": {"base_link_transform_matrix": [[0.9999515667472508, 0.009744524053506742, 0.0013814523839039802, 0.0], [-0.009743964787615658, 0.999952441986504, -0.0004109932420319708, 0.0], [