{"Isaac Sim Data": [{"current_time": 1.416666740551591, "current_time_step": 85, "data": {"base_link_transform_matrix": [[0.9999880142229354, 0.004889464990400591, -0.0002540523133937957, 0.0], [-0.004889714204846754, 0.9999875554427088, -0.0009897750806973893, 0.0], [0.00024920968121978595, 0.0009910054606795038, 0.9999994779012196, 0.0], [-0.0005412398022599518, -0.0002684730861801654, 0.02233348786830902, 1.0]], "wheel_velocity_fl": -0.5103392601013184, "wheel_velocity_fr": -0.8559008836746216, "wheel_velocity_rl": -1.2513982057571411, "wheel_velocity_rr": 0.3995931148529053}}, {"current_time": 1.433333408087492, "current_time_step": 86, "data": {"base_link_transform_matrix": [[0.9999875915851968, 0.0049750886734003215, -0.0002552808836611734, 0.0], [-0.004975340420472512, 0.9999871277142492, -0.0009951851617745954, 0.0], [0.00025032646318641136, 0.0009964429224033557, 0.9999994722189428, 0.0], [-0.0005535634700208902, -0.00027824033168144524, 0.022332683205604553, 1.0]], "wheel_velocity_fl": -0.5264842510223389, "wheel_velocity_fr": -0.6585918664932251, "wheel_velocity_rl": -0.9546907544136047, "wheel_velocity_rr": 0.45694655179977417}}, {"current_time": 1.450000075623393, "current_time_step": 87, "data": {"base_link_transform_matrix": [[0.9999871569636724, 0.005062137171683031, -0.00024632289151236127, 0.0], [-0.005062377975760466, 0.9999866989973499, -0.0009869942319608949, 0.0], [0.0002413233149810825, 0.0009882285355390364, 0.9999994825835757, 0.0], [-0.0005637764115817845, -0.00028600337100215256, 0.022331029176712036, 1.0]], "wheel_velocity_fl": -0.44451937079429626, "wheel_velocity_fr": -0.8890149593353271, "wheel_velocity_rl": -0.9304561018943787, "wheel_velocity_rr": 0.3964938223361969}}, {"current_time": 1.4666667431592941, "current_time_step": 88, "data": {"base_link_transform_matrix": [[0.9999867217443136, 0.005147378224004405, -0.00024664241288030784, 0.0], [-0.005147620253681262, 0.9999862599447518, -0.0009909225152311435, 0.0], [0.00024153837102335184, 0.0009921789789885803, 0.9999994786199086, 0.0], [-0.0005755000747740269, -0.0002934650983661413, 0.02233022451400757, 1.0]], "wheel_velocity_fl": -0.5272921919822693, "wheel_velocity_fr": -0.6429259181022644, "wheel_velocity_rl": -0.7578660845756531, "wheel_velocity_rr": 0.20561890304088593}}, {"current_time": 1.4833334106951952, "current_time_step": 89, "data": {"base_link_transform_matrix": [[0.9999862740582467, 0.005233942639200741, -0.0002398740391870319, 0.0], [-0.00523417662464261, 0.9999858160595867, -0.000985431227635653, 0.0], [0.00023471294630763123, 0.0009866732447527922, 0.9999994856927382, 0.0], [-0.0005865126149728894, -0.00029965100111439824, 0.022328779101371765, 1.0]], "wheel_velocity_fl": -0.5117371082305908, "wheel_velocity_fr": -0.9236907958984375, "wheel_velocity_rl": -0.844210147857666, "wheel_velocity_rr": 0.2058594822883606}}, {"current_time": 1.5000000782310963, "current_time_step": 90, "data": {"base_link_transform_matrix": [[0.9999858139991505, 0.005321225064099715, -0.00023741161173350983, 0.0], [-0.005321456626549713, 0.999985355207153, -0.0009856320793290366, 0.0], [0.00023216336476513015, 0.000986881472746001, 0.9999994860824334, 0.0], [-0.0005975349922664464, -0.00030506530310958624, 0.022327587008476257, 1.0]], "wheel_velocity_fl": -0.5490936040878296, "wheel_velocity_fr": -0.8329010009765625, "wheel_velocity_rl": -0.7106367349624634, "wheel_velocity_rr": 0.9713141918182373}}, {"current_time": 1.5166667457669973, "current_time_step": 91, "data": {"base_link_transform_matrix": [[0.9999853702244638, 0.005404154164798804, -0.00023335553379774906, 0.0], [-0.005404381146354352, 0.999984912814121, -0.0009832642369064573, 0.0], [0.00022803830159845903, 0.0009845109942186324, 0.9999994893681873, 0.0], [-0.0006109763635322452, -0.00030635023722425103, 0.02232639491558075, 1.0]], "wheel_velocity_fl": -0.6320081353187561, "wheel_velocity_fr": -0.5686224699020386, "wheel_velocity_rl": -0.9088467359542847, "wheel_velocity_rr": 0.16100189089775085}}, {"current_time": 1.5333334133028984, "current_time_step": 92, "data": {"base_link_transform_matrix": [[0.9999848868466231, 0.00549298787094502, -0.00023057015405035522, 0.0], [-0.005493212008378853, 0.9999844290526853, -0.0009829923733717689, 0.0], [0.00022516699867047155, 0.000984244087996265, 0.9999994902815691, 0.0], [-0.0006235411856323481, -0.00031091831624507904, 0.022325336933135986, 1.0]], "wheel_velocity_fl": -0.6428084373474121, "wheel_velocity_fr": -0.7059794664382935, "wheel_velocity_rl": -0.8602327704429626, "wheel_velocity_rr": 0.4135049283504486}}, {"current_time": 1.5500000808387995, "current_time_step": 93, "data": {"base_link_transform_matrix": [[0.9999843677664145, 0.005586862717745965, -0.00022624715988116162, 0.0], [-0.005587082017341455, 0.9999839113920933, -0.0009805465321372352, 0.0], [0.00022076534101590368, 0.0009817952654432498, 0.9999994936702323, 0.0], [-0.000635503267403692, -0.00031833891989663243, 0.02232399582862854, 1.0]], "wheel_velocity_fl": -0.6170702576637268, "wheel_velocity_fr": -0.8734747171401978, "wheel_velocity_rl": -1.2626779079437256, "wheel_velocity_rr": 0.6750717759132385}}, {"current_time": 1.5666667483747005, "current_time_step": 94, "data": {"base_link_transform_matrix": [[0.9999838466360698, 0.005679551773480515, -0.00022171734639332265, 0.0], [-0.005679766234228189, 0.9999833908367207, -0.0009789311614268271, 0.0], [0.0002161537736397175, 0.0009801746510931014, 0.9999994962674729, 0.0], [-0.0006470878142863512, -0.00032673648092895746, 0.022322550415992737, 1.0]], "wheel_velocity_fl": -0.5684248208999634, "wheel_velocity_fr": -0.8002129197120667, "wheel_velocity_rl": -1.2905060052871704, "wheel_velocity_rr": 0.5217494368553162}}, {"current_time": 1.5833334159106016, "current_time_step": 95, "data": {"base_link_transform_matrix": [[0.9999833263454169, 0.005770579626397483, -0.00021781168702489955, 0.0], [-0.00577079001883203, 0.9999828706071946, -0.0009779952726459045, 0.0], [0.0002121643564479114, 0.0009792359114000127, 0.9999994980415319, 0.0], [-0.0006593349971808493, -0.0003359884722158313, 0.02232101559638977, 1.0]], "wheel_velocity_fl": -0.5559659600257874, "wheel_velocity_fr": -0.9605433940887451, "wheel_velocity_rl": -1.3004372119903564, "wheel_velocity_rr": 0.5096185207366943}}, {"current_time": 1.6000000834465027, "current_time_step": 96, "data": {"base_link_transform_matrix": [[0.9999827843255527, 0.005863945176398833, -0.0002126017014173984, 0.0], [-0.005864149906238522, 0.9999823299262037, -0.0009754902553227495, 0.0], [0.00020687772335232122, 0.0009767201898475202, 0.999999501609515, 0.0], [-0.0006714999908581376, -0.0003445384791120887, 0.02231939136981964, 1.0]], "wheel_velocity_fl": -0.5344886779785156, "wheel_velocity_fr": -1.0381032228469849, "wheel_velocity_rl": -1.1588730812072754, "wheel_velocity_rr": 1.2401134967803955}}, {"current_time": 1.6166667509824038, "current_time_step": 97, "data": {"base_link_transform_matrix": [[0.9999822330179946, 0.005957344339360661, -0.00020903771785811475, 0.0], [-0.005957545520261169, 0.9999817779912072, -0.0009753650177326132, 0.0], [0.00020322332350378216, 0.0009765930401594855, 0.9999995024830336, 0.0], [-0.0006853134837001562, -0.00035187043249607086, 0.022317886352539062, 1.0]], "wheel_velocity_fl": -0.5744051337242126, "wheel_velocity_fr": -0.8717775940895081, "wheel_velocity_rl": -1.1107263565063477, "wheel_velocity_rr": 0.5041746497154236}}, {"current_time": 1.6333334185183048, "current_time_step": 98, "data": {"base_link_transform_matrix": [[0.9999816231453139, 0.006058996086519125, -0.0002047879069731075, 0.0], [-0.006059192839694922, 0.9999811683780077, -0.0009742030004148498, 0.0], [0.00019888135831766602, 0.000975425947047464, 0.9999995044950908, 0.0], [-0.0006971571128815413, -0.00036269606789574027, 0.022316470742225647, 1.0]], "wheel_velocity_fl": -0.522987425327301, "wheel_velocity_fr": -0.9923250079154968, "wheel_velocity_rl": -1.2083356380462646, "wheel_velocity_rr": 0.7453790903091431}}, {"current_time": 1.650000086054206, "current_time_step": 99, "data": {"base_link_transform_matrix": [[0.9999809685460487, 0.00616627382986226, -0.00019902954957852175, 0.0], [-0.006166464413185349, 0.9999805151739889, -0.0009715909656981767, 0.0], [0.0001930345755772619, 0.0009727997835441018, 0.999999508198996, 0.0], [-0.0007126551936380565, -0.0003671920858323574, 0.022314652800559998, 1.0]], "wheel_velocity_fl": -0.8481143712997437, "wheel_velocity_fr": -1.0344009399414062, "wheel_velocity_rl": -1.4447122812271118, "wheel_velocity_rr": 0.5692771673202515}}, {"current_time": 1.666666753590107, "current_time_step": 100, "data": {"base_link_transform_matrix": [[0.999980351264721, 0.006265642917325867, -0.00019698557752671536, 0.0], [-0.006265831718024245, 0.9999798962023201, -0.0009729049689768322, 0.0], [0.00019088574224041807, 0.0009741201311043054, 0.9999995073261805, 0.0], [-0.0007279834244400263, -0.00037296576192602515, 0.02231311798095703, 1.0]], "wheel_velocity_fl": -0.8764457106590271, "wheel_velocity_fr": -1.0445654392242432, "wheel_velocity_rl": -1.6055222749710083, "wheel_velocity_rr": 0.4442687928676605}}, {"current_time": 1.683333421126008, "current_time_step": 101, "data": {"base_link_transform_matrix": [[0.9999797511462459, 0.006360828809188456, -0.00019275464273069617, 0.0], [-0.006361013152725854, 0.9999792967929763, -0.0009713377865651153, 0.0], [0.0001865721387151862, 0.0009725442329059883, 0.9999995096741559, 0.0], [-0.0007413098937831819, -0.00038192758802324533, 0.022311940789222717, 1.0]], "wheel_velocity_fl": -0.7831450700759888, "wheel_velocity_fr": -1.4175738096237183, "wheel_velocity_rl": -1.640211820602417, "wheel_velocity_rr": 0.3035125732421875}}, {"current_time": 1.700000088661909, "current_time_step": 102, "data": {"base_link_transform_matrix": [[0.9999791059273704, 0.006461617647384663, -0.0001876328221970222, 0.0], [-0.006461796601288341, 0.9999786525561397, -0.0009693382747121159, 0.0], [0.0001813653234137188, 0.0009705304664205642, 0.9999995125884978, 0.0], [-0.000753119180444628, -0.00039130187360569835, 0.02231009304523468, 1.0]], "wheel_velocity_fl": -0.7784892320632935, "wheel_velocity_fr": -1.4590407609939575, "wheel_velocity_rl": -1.697987675666809, "wheel_velocity_rr": 0.46748781204223633}}, {"current_time": 1.7166667561978102, "current_time_step": 103, "data": {"base_link_transform_matrix": [[0.9999784422794897, 0.006563606957364611, -0.00018449930737055527, 0.0], [-0.006563782914688836, 0.9999779878317536, -0.0009698483417533042, 0.0], [0.0001781295428172396, 0.0009710384474353061, 0.9999995126769811, 0.0], [-0.0007650705520063639, -0.00040169054409489036, 0.022308513522148132, 1.0]], "wheel_velocity_fl": -0.7692763209342957, "wheel_velocity_fr": -1.311619520187378, "wheel_velocity_rl": -1.8306198120117188, "wheel_velocity_rr": 0.7051455974578857}}, {"current_time": 1.7333334237337112, "current_time_step": 104, "data": {"base_link_transform_matrix": [[0.9999777774931319, 0.006664248249493643, -0.00017976419415741167, 0.0], [-0.006664419444526687, 0.9999773228600098, -0.0009691641734617167, 0.0], [0.00017330136697315136, 0.000970340660195188, 0.9999995142027017, 0.0], [-0.00077961286297068, -0.00041359919123351574, 0.02230691909790039, 1.0]], "wheel_velocity_fl": -0.7386891841888428, "wheel_velocity_fr": -1.667577862739563, "wheel_velocity_rl": -1.7212566137313843, "wheel_velocity_rr": 0.5805972218513489}}, {"current_time": 1.7500000912696123, "current_time_step": 105, "data": {"base_link_transform_matrix": [[0.9999771234918986, 0.0067618017388926714, -0.00017472868132713208, 0.0], [-0.006761967741639824, 0.9999766694916906, -0.0009676076514828002, 0.0], [0.00016818183371781822, 0.0009687670257051954, 0.9999995166025435, 0.0], [-0.0007920631323941052, -0.0004247337346896529, 0.02230517566204071, 1.0]], "wheel_velocity_fl": -0.4080362915992737, "wheel_velocity_fr": -1.7763489484786987, "wheel_velocity_rl": -1.7412892580032349, "wheel_velocity_rr": 0.5765383839607239}}, {"current_time": 1.7666667588055134, "current_time_step": 106, "data": {"base_link_transform_matrix": [[0.9999764505417581, 0.00686070052763492, -0.00017073422891836841, 0.0], [-0.006860862563332991, 0.9999759961712497, -0.0009672880666732474, 0.0], [0.0001640938568937755, 0.000968436671642779, 0.9999995176016933, 0.0], [-0.0008053633500821888, -0.0004344864282757044, 0.02230358123779297, 1.0]], "wheel_velocity_fl": -0.434538871049881, "wheel_velocity_fr": -1.6169891357421875, "wheel_velocity_rl": -2.0065228939056396, "wheel_velocity_rr": 0.5084359049797058}}, {"current_time": 1.7833334263414145, "current_time_step": 107, "data": {"base_link_transform_matrix": [[0.999975789509344, 0.006956449252672081, -0.00016795522977163587, 0.0], [-0.006956608654744402, 0.9999753340634318, -0.000967915674403708, 0.0], [0.00016121783072873673, 0.0009690606394953559, 0.9999995174650276, 0.0], [-0.0008198189898394048, -0.00044474011519923806, 0.022302180528640747, 1.0]], "wheel_velocity_fl": -0.4558047950267792, "wheel_velocity_fr": -1.8372942209243774, "wheel_velocity_rl": -2.167281150817871, "wheel_velocity_rr": 1.4377182722091675}}, {"current_time": 1.8000000938773155, "current_time_step": 108, "data": {"base_link_transform_matrix": [[0.9999751316599038, 0.007050475329691091, -0.00016388832629113986, 0.0], [-0.007050630635994638, 0.9999746762419139, -0.0009672034502159041, 0.0], [0.0001570649319582724, 0.0009683349135257921, 0.9999995188289355, 0.0], [-0.0008371216827072203, -0.00044835428707301617, 0.022300824522972107, 1.0]], "wheel_velocity_fl": -0.7116612792015076, "wheel_velocity_fr": -2.155197858810425, "wheel_velocity_rl": -2.0344583988189697, "wheel_velocity_rr": 0.5618806481361389}}, {"current_time": 1.8166667614132166, "current_time_step": 109, "data": {"base_link_transform_matrix": [[0.9999743702165665, 0.007157843529766877, -0.0001555184380706187, 0.0], [-0.007157989852784005, 0.9999739188932154, -0.0009616208256985894, 0.0], [0.0001486312505723127, 0.0009627093789667119, 0.9999995255495889, 0.0], [-0.000851136224810034, -0.00045261168270371854, 0.02229893207550049, 1.0]], "wheel_velocity_fl": -0.7227053046226501, "wheel_velocity_fr": -1.806046724319458, "wheel_velocity_rl": -2.0336978435516357, "wheel_velocity_rr": 0.6724582314491272}}, {"current_time": 1.8333334289491177, "current_time_step": 110, "data": {"base_link_transform_matrix": [[0.9999736231001741, 0.007261676852653476, -0.0001454413919867433, 0.0], [-0.007261812384602099, 0.9999731775386994, -0.0009540880712230507, 0.0], [0.00013850921162844202, 0.0009551190734391343, 0.9999995342812685, 0.0], [-0.0008648585644550622, -0.00045798206701874733, 0.022296711802482605, 1.0]], "wheel_velocity_fl": -0.7232971787452698, "wheel_velocity_fr": -2.08353328704834, "wheel_velocity_rl": -2.0155582427978516, "wheel_velocity_rr": 0.48552966117858887}}, {"current_time": 1.8500000964850187, "current_time_step": 111, "data": {"base_link_transform_matrix": [[0.9999727918429723, 0.00737544617338128, -0.00013552680607788856, 0.0], [-0.007375571270206236, 0.9999723517178658, -0.0009469679397662199, 0.0], [0.00012853874792685387, 0.0009479417621310654, 0.9999995424419983, 0.0], [-0.0008796672336757183, -0.00046672887401655316, 0.022294700145721436, 1.0]], "wheel_velocity_fl": -0.805849552154541, "wheel_velocity_fr": -2.0624072551727295, "wheel_velocity_rl": -2.120532274246216, "wheel_velocity_rr": 0.6492809057235718}}, {"current_time": 1.8666667640209198, "current_time_step": 112, "data": {"base_link_transform_matrix": [[0.9999719618955348, 0.007487348718934089, -0.0001226048783772722, 0.0], [-0.007487460487208091, 0.9999715285941849, -0.0009380492853197584, 0.0], [0.00011557788552928909, 0.000938940983378292, 0.999999552515691, 0.0], [-0.0008928103488869965, -0.00047627295134589076, 0.022292524576187134, 1.0]], "wheel_velocity_fl": -0.7472480535507202, "wheel_velocity_fr": -1.6714603900909424, "wheel_velocity_rl": -2.0775885581970215, "wheel_velocity_rr": 1.216301679611206}}, {"current_time": 1.8833334315568209, "current_time_step": 113, "data": {"base_link_transform_matrix": [[0.999971186910192, 0.007590373942959523, -0.0001075770789013059, 0.0], [-0.007590470347744707, 0.9999707631994443, -0.0009260163177973228, 0.0], [0.00010054512356234157, 0.0009268061970334919, 0.9999995654603813, 0.0], [-0.0009078119765035808, -0.0004824693314731121, 0.02229030430316925, 1.0]], "wheel_velocity_fl": -0.8685572147369385, "wheel_velocity_fr": -1.8944716453552246, "wheel_velocity_rl": -2.0021700859069824, "wheel_velocity_rr": 0.7579710483551025}}, {"current_time": 1.900000099092722, "current_time_step": 114, "data": {"base_link_transform_matrix": [[0.9999703478794113, 0.007700027979203918, -0.00011371476896149636, 0.0], [-0.007700131005073915, 0.9999699162356626, -0.0009352037996002133, 0.0], [0.00010651025257000576, 0.0009360516874425878, 0.9999995562313038, 0.0], [-0.0009256431949324906, -0.000493800500407815, 0.022287964820861816, 1.0]], "wheel_velocity_fl": -1.1512030363082886, "wheel_velocity_fr": -1.9193826913833618, "wheel_velocity_rl": -1.3151026964187622, "wheel_velocity_rr": 0.7167179584503174}}, {"current_time": 1.916666766628623, "current_time_step": 115, "data": {"base_link_transform_matrix": [[0.9999694357388954, 0.007817953596774382, -8.47914722364265e-05, 0.0], [-0.007818027542265446, 0.9999690247335977, -0.0009099553207886183, 0.0], [7.767485732492198e-05, 0.0009105904107418939, 0.999999582395773, 0.0], [-0.0009351503103971481, -0.0004976741038262844, 0.022285640239715576, 1.0]], "wheel_velocity_fl": -0.9280007481575012, "wheel_velocity_fr": -1.0757404565811157, "wheel_velocity_rl": -1.1471343040466309, "wheel_velocity_rr": 0.8276748657226562}}, {"current_time": 1.933333434164524, "current_time_step": 116, "data": {"base_link_transform_matrix": [[0.9999687274572038, 0.00790815777484752, -7.175115766973417e-05, 0.0], [-0.00790822005686123, 0.9999683120207306, -0.0009137887847148998, 0.0], [6.452249813812579e-05, 0.00091432763216021, 0.9999995799208259, 0.0], [-0.0009468993521295488, -0.0005057760281488299, 0.022275790572166443, 1.0]], "wheel_velocity_fl": -0.9096072316169739, "wheel_velocity_fr": -0.358612060546875, "wheel_velocity_rl": 0.1227758526802063, "wheel_velocity_rr": 0.36275866627693176}}, {"current_time": 1.9500001017004251, "current_time_step": 117, "data": {"base_link_transform_matrix": [[0.999968111016207, 0.007985680501954188, -7.65349553830568e-05, 0.0], [-0.007985746376062797, 0.9999677057319624, -0.0009029662079779818, 0.0], [6.932168410172013e-05, 0.0009035486020458023, 0.9999995893971296, 0.0], [-0.0009558270103298128, -0.0005146485636942089, 0.022274449467658997, 1.0]], "wheel_velocity_fl": -0.5346618890762329, "wheel_velocity_fr": -0.2392643839120865, "wheel_velocity_rl": 0.01092558167874813, "wheel_velocity_rr": 1.4466289281845093}}, {"current_time": 1.9666667692363262, "current_time_step": 118, "data": {"base_link_transform_matrix": [[0.999967575356021, 0.008052493793637816, -7.470143231060531e-05, 0.0], [-0.008052558065658647, 0.9999671688469507, -0.0009041774235149415, 0.0], [6.741809668524663e-05, 0.000904749643505159, 0.9999995884413567, 0.0], [-0.0009651356958784163, -0.0005196810234338045, 0.022274136543273926, 1.0]], "wheel_velocity_fl": -0.6625475883483887, "wheel_velocity_fr": -0.003873250912874937, "wheel_velocity_rl": 0.009303677827119827, "wheel_velocity_rr": 0.2843160629272461}}, {"current_time": 1.9833334367722273, "current_time_step": 119, "data": {"base_link_transform_matrix": [[0.9999669754400166, 0.008126665313132664, -7.307690289936257e-05, 0.0], [-0.008126728173433396, 0.9999665676026832, -0.0009055197974052545, 0.0], [6.571560343538196e-05, 0.0009060837691380083, 0.9999995873467462, 0.0], [-0.0009730265592224896, -0.0005269767134450376, 0.022273480892181396, 1.0]], "wheel_velocity_fl": -0.6193912625312805, "wheel_velocity_fr": -0.09409983456134796, "wheel_velocity_rl": -0.06975960731506348, "wheel_velocity_rr": 0.4047726094722748}}, {"current_time": 2.0000001043081284, "current_time_step": 120, "data": {"base_link_transform_matrix": [[0.9999663768716132, 0.008200002420329653, -7.132016136156891e-05, 0.0], [-0.008200063741947242, 0.9999659677382069, -0.0009068186253565817, 0.0], [6.388181925244235e-05, 0.0009073729651467686, 0.9999995862966221, 0.0], [-0.0009802102576941252, -0.0005343913217075169, 0.022272631525993347, 1.0]], "wheel_velocity_fl": -0.5780478119850159, "wheel_velocity_fr": 0.12186066061258316, "wheel_velocity_rl": -0.11222070455551147, "wheel_velocity_rr": 0.41172102093696594}}, {"current_time": 2.0166667718440294, "current_time_step": 121, "data": {"base_link_transform_matrix": [[0.999965800582189, 0.008269996054602853, -6.950740076519306e-05, 0.0], [-0.008270055801013176, 0.9999653898909253, -0.0009084037305963862, 0.0], [6.199249983845246e-05, 0.000908947493800574, 0.9999995849856056, 0.0], [-0.0009867380140349269, -0.0005431118188425899, 0.022272050380706787, 1.0]], "wheel_velocity_fl": -0.5084630250930786, "wheel_velocity_fr": -0.07635044306516647, "wheel_velocity_rl": -0.1622990071773529, "wheel_velocity_rr": 0.36899009346961975}}, {"current_time": 2.0333334393799305, "current_time_step": 122, "data": {"base_link_transform_matrix": [[0.9999652217553856, 0.00833970663570091, -6.762346372437488e-05, 0.0], [-0.008339764732912043, 0.9999648095537474, -0.0009099331498346614, 0.0], [6.003250849678892e-05, 0.0009104654677348796, 0.9999995837242783, 0.0], [-0.0009920865995809436, -0.0005519341211766005, 0.022271394729614258, 1.0]], "wheel_velocity_fl": -0.471779465675354, "wheel_velocity_fr": 0.0850033089518547, "wheel_velocity_rl": -0.2184220403432846, "wheel_velocity_rr": 0.3550512194633484}}, {"current_time": 2.0500001069158316, "current_time_step": 123, "data": {"base_link_transform_matrix": [[0.9999646619637603, 0.008406572857863092, -6.60036967942182e-05, 0.0], [-0.008406629523085072, 0.999964248564527, -0.0009111382125328976, 0.0], [5.834178730007034e-05, 0.0009116608833238269, 0.9999995827352478, 0.0], [-0.0009974247077479959, -0.0005608530482277274, 0.022270679473876953, 1.0]], "wheel_velocity_fl": -0.43320268392562866, "wheel_velocity_fr": -0.037896983325481415, "wheel_velocity_rl": -0.19126290082931519, "wheel_velocity_rr": 0.36641061305999756}}, {"current_time": 2.0666667744517326, "current_time_step": 124, "data": {"base_link_transform_matrix": [[0.9999640817783484, 0.008475318513339762, -6.425949038312181e-05, 0.0], [-0.008475373631967743, 0.9999636671140203, -0.0009124109159000299, 0.0], [5.6524182523083795e-05, 0.0009129227669129119, 0.9999995816884317, 0.0], [-0.0010018165921792388, -0.0005690574180334806, 0.022270023822784424, 1.0]], "wheel_velocity_fl": -0.4466571807861328, "wheel_velocity_fr": 0.21175292134284973, "wheel_velocity_rl": -0.29153159260749817, "wheel_velocity_rr": 0.9072871208190918}}, {"current_time": 2.0833334419876337, "current_time_step": 125, "data": {"base_link_transform_matrix": [[0.9999635307771133, 0.008540094403954307, -6.2476721027457e-05, 0.0], [-0.008540147934143734, 0.9999631149083458, -0.0009136170211490834, 0.0], [5.467204095820295e-05, 0.0009141172626863207, 0.9999995807002111, 0.0], [-0.0010078983614221215, -0.0005762187647633255, 0.0222693532705307, 1.0]], "wheel_velocity_fl": -0.4783419966697693, "wheel_velocity_fr": 0.03825750574469566, "wheel_velocity_rl": -0.3462882936000824, "wheel_velocity_rr": 0.3581443428993225}}, {"current_time": 2.1000001095235348, "current_time_step": 126, "data": {"base_link_transform_matrix": [[0.9999628956477701, 0.008614152161200494, -6.0911989534916524e-05, 0.0], [-0.008614204296861959, 0.9999624785418372, -0.0009148731046951191, 0.0], [5.3028847896215913e-05, 0.0009153638672431788, 0.9999995796483776, 0.0], [-0.0010108217829838395, -0.0005865097627975047, 0.02226869761943817, 1.0]], "wheel_velocity_fl": -0.40448302030563354, "wheel_velocity_fr": 0.3080217242240906, "wheel_velocity_rl": -0.44611865282058716, "wheel_velocity_rr": 0.5562734603881836}}, {"current_time": 2.116666777059436, "current_time_step": 127, "data": {"base_link_transform_matrix": [[0.9999623217058057, 0.008680535106018239, -5.8983115590362715e-05, 0.0], [-0.00868058552358783, 0.9999619031460123, -0.0009163468626849549, 0.0], [5.102648740839391e-05, 0.0009168243442776085, 0.9999995784146208, 0.0], [-0.0010139092337340117, -0.0005956310778856277, 0.02226792275905609, 1.0]], "wheel_velocity_fl": -0.3628738820552826, "wheel_velocity_fr": 0.139932319521904, "wheel_velocity_rl": -0.3541848659515381, "wheel_velocity_rr": 0.33509793877601624}}, {"current_time": 2.133333444595337, "current_time_step": 128, "data": {"base_link_transform_matrix": [[0.9999617560990801, 0.00874545951927266, -5.724544151295095e-05, 0.0], [-0.008745508375825977, 0.9999613363438657, -0.0009175514364050829, 0.0], [4.921881925095391e-05, 0.0009180169861470895, 0.9999995774110711, 0.0], [-0.001016748370602727, -0.0006033756071701646, 0.022267118096351624, 1.0]], "wheel_velocity_fl": -0.3583739101886749, "wheel_velocity_fr": 0.2950208783149719, "wheel_velocity_rl": -0.3432178795337677, "wheel_velocity_rr": 0.2593449652194977}}, {"current_time": 2.150000112131238, "current_time_step": 129, "data": {"base_link_transform_matrix": [[0.9999612095604533, 0.008807740752855934, -5.5472747634505385e-05, 0.0], [-0.008807788004071131, 0.9999607887830647, -0.0009185678126218146, 0.0], [4.7380065323073e-05, 0.0009190207731737776, 0.9999995765778843, 0.0], [-0.0010194327915087342, -0.0006114839925430715, 0.022266611456871033, 1.0]], "wheel_velocity_fl": -0.30193978548049927, "wheel_velocity_fr": 0.18479320406913757, "wheel_velocity_rl": -0.3140193521976471, "wheel_velocity_rr": 0.20162449777126312}}, {"current_time": 2.166666779667139, "current_time_step": 130, "data": {"base_link_transform_matrix": [[0.9999605468681939, 0.008882677385551367, -5.243593069310345e-05, 0.0], [-0.00888272179617659, 0.9999601263256528, -0.0009181569997673962, 0.0], [4.427814746165936e-05, 0.0009185865493827361, 0.9999995771190091, 0.0], [-0.001024929923005402, -0.000622530875261873, 0.022265255451202393, 1.0]], "wheel_velocity_fl": -0.5518073439598083, "wheel_velocity_fr": 0.42860856652259827, "wheel_velocity_rl": -0.1724054366350174, "wheel_velocity_rr": -0.1875816434621811}}, {"current_time": 2.18333344720304, "current_time_step": 131, "data": {"base_link_transform_matrix": [[0.9999598542717774, 0.00896032292298804, -4.957702737681909e-05, 0.0], [-0.008960364754408475, 0.9999594318335175, -0.0009200818749736054, 0.0], [4.133078541236695e-05, 0.0009204891658654458, 0.9999995754956408, 0.0], [-0.0010303962044417858, -0.0006313871126621962, 0.022264108061790466, 1.0]], "wheel_velocity_fl": -0.5535017251968384, "wheel_velocity_fr": 0.5392709374427795, "wheel_velocity_rl": -0.1306285560131073, "wheel_velocity_rr": -0.22444047033786774}}, {"current_time": 2.200000114738941, "current_time_step": 132, "data": {"base_link_transform_matrix": [[0.9999589765388385, 0.00905775540054364, -4.8026061262424e-05, 0.0], [-0.00905779590705141, 0.999958550688717, -0.0009237087348658422, 0.0], [3.965734283350062e-05, 0.0009241058513975675, 0.9999995722277438, 0.0], [-0.0010397050064057112, -0.0006393174408003688, 0.022262543439865112, 1.0]], "wheel_velocity_fl": -0.6788213849067688, "wheel_velocity_fr": 0.46863237023353577, "wheel_velocity_rl": -0.39745792746543884, "wheel_velocity_rr": 0.30350762605667114}}, {"current_time": 2.2166667822748423, "current_time_step": 133, "data": {"base_link_transform_matrix": [[0.9999581750450733, 0.009145823746796794, -4.548097423205686e-05, 0.0], [-0.009145861946293963, 0.999957747034512, -0.0009259346208938218, 0.0], [3.701061768227027e-05, 0.0009263118564315472, 0.9999995702881871, 0.0], [-0.0010503862285986543, -0.0006499075097963214, 0.022260889410972595, 1.0]], "wheel_velocity_fl": -0.5965020060539246, "wheel_velocity_fr": 0.27800336480140686, "wheel_velocity_rl": -0.4130086898803711, "wheel_velocity_rr": 0.21010342240333557}}, {"current_time": 2.2333334498107433, "current_time_step": 134, "data": {"base_link_transform_matrix": [[0.9999573558747913, 0.00923496409994674, -4.3243135827888426e-05, 0.0], [-0.009235000262491713, 0.9999569257986223, -0.0009280719370286565, 0.0], [3.46705621437199e-05, 0.0009284317105834927, 0.9999995684061623, 0.0], [-0.0010599172674119473, -0.0006596229504793882, 0.02225947380065918, 1.0]], "wheel_velocity_fl": -0.5715792179107666, "wheel_velocity_fr": 0.3167368173599243, "wheel_velocity_rl": -0.3861987590789795, "wheel_velocity_rr": 0.2030055820941925}}, {"current_time": 2.2500001173466444, "current_time_step": 135, "data": {"base_link_transform_matrix": [[0.9999565593452633, 0.009320823451176075, -4.0897125362230665e-05, 0.0], [-0.00932085746849454, 0.9999561271751001, -0.0009302370811049843, 0.0], [3.2224755489093826e-05, 0.0009305778672734932, 0.9999995664931051, 0.0], [-0.0010686861351132393, -0.0006693897885270417, 0.02225792407989502, 1.0]], "wheel_velocity_fl": -0.47490304708480835, "wheel_velocity_fr": 0.28736191987991333, "wheel_velocity_rl": -0.3376004099845886, "wheel_velocity_rr": 0.12305711954832077}}, {"current_time": 2.2666667848825455, "current_time_step": 136, "data": {"base_link_transform_matrix": [[0.9999557799874318, 0.009404072242868308, -3.866494245447569e-05, 0.0], [-0.00940410421651967, 0.9999553455793109, -0.0009325616579569066, 0.0], [2.9893338691513606e-05, 0.0009328840292170387, 0.9999995644167933, 0.0], [-0.001076999120414257, -0.0006791470223106444, 0.022256582975387573, 1.0]], "wheel_velocity_fl": -0.3790166974067688, "wheel_velocity_fr": 0.2650708556175232, "wheel_velocity_rl": -0.22657786309719086, "wheel_velocity_rr": 0.02311648242175579}}, {"current_time": 2.2833334524184465, "current_time_step": 137, "data": {"base_link_transform_matrix": [[0.9999550255007398, 0.009483967490776792, -3.6557470686769064e-05, 0.0], [-0.00948399751864498, 0.9999545891774947, -0.000934544773742843, 0.0], [2.769261832910399e-05, 0.0009348494540208889, 0.999999562644713, 0.0], [-0.0010845338692888618, -0.0006881145527586341, 0.022255077958106995, 1.0]], "wheel_velocity_fl": -0.3153057098388672, "wheel_velocity_fr": 0.25722160935401917, "wheel_velocity_rl": -0.14683789014816284, "wheel_velocity_rr": 0.5748562812805176}}, {"current_time": 2.3000001199543476, "current_time_step": 138, "data": {"base_link_transform_matrix": [[0.9999543134244497, 0.009558758891524443, -3.452956828825919e-05, 0.0], [-0.009558787035323318, 0.9999538754237314, -0.0009362774556955476, 0.0], [2.557832517198946e-05, 0.000936564741174521, 0.9999995610960211, 0.0], [-0.0010938635095953941, -0.0006944579654373229, 0.02225378155708313, 1.0]], "wheel_velocity_fl": -0.34487250447273254, "wheel_velocity_fr": 0.24241557717323303, "wheel_velocity_rl": -0.04266491159796715, "wheel_velocity_rr": 0.6080217957496643}}, {"current_time": 2.3166667874902487, "current_time_step": 139, "data": {"base_link_transform_matrix": [[0.999953572997392, 0.00963591213292969, -3.235917002236836e-05, 0.0], [-0.009635938252182388, 0.99995313325571, -0.000938075737059188, 0.0], [2.3318438077085898e-05, 0.0009383439959787245, 0.9999995594833008, 0.0], [-0.0011040441459044814, -0.0006993358256295323, 0.022252604365348816, 1.0]], "wheel_velocity_fl": -0.39181116223335266, "wheel_velocity_fr": 0.3103969395160675, "wheel_velocity_rl": -0.17298829555511475, "wheel_velocity_rr": -0.10541457682847977}}, {"current_time": 2.3333334550261497, "current_time_step": 140, "data": {"base_link_transform_matrix": [[0.9999527603607781, 0.009719882222795082, -3.060123218177905e-05, 0.0], [-0.009719906695968379, 0.9999523188109894, -0.0009399565665609625, 0.0], [2.1463505957128032e-05, 0.0009402096044734624, 0.999999557772511, 0.0], [-0.0011105936719104648, -0.0007057987968437374, 0.022250816226005554, 1.0]], "wheel_velocity_fl": -0.2509244382381439, "wheel_velocity_fr": 0.4479345381259918, "wheel_velocity_rl": -0.11921832710504532, "wheel_velocity_rr": -0.011025446467101574}}, {"current_time": 2.350000122562051, "current_time_step": 141, "data": {"base_link_transform_matrix": [[0.9999519937288349, 0.009798439767723583, -2.8563024304167644e-05, 0.0], [-0.00979846232144996, 0.9999515505999341, -0.0009415885101757193, 0.0], [1.9335542139838668e-05, 0.0009418231817398049, 0.9999995562975171, 0.0], [-0.0011166095500811934, -0.0007130922749638557, 0.022249579429626465, 1.0]], "wheel_velocity_fl": -0.16923171281814575, "wheel_velocity_fr": 0.39057260751724243, "wheel_velocity_rl": -0.09762375056743622, "wheel_velocity_rr": -0.12445306777954102}}, {"current_time": 2.366666790097952, "current_time_step": 142, "data": {"base_link_transform_matrix": [[0.999951243166037, 0.009874744335346084, -2.673964570023249e-05, 0.0], [-0.009874765166229317, 0.9999507984739748, -0.0009432095059138547, 0.0], [1.742437734329125e-05, 0.0009434275657265006, 0.9999995548203106, 0.0], [-0.0011220088927075267, -0.0007200255640782416, 0.022248148918151855, 1.0]], "wheel_velocity_fl": -0.1206219419836998, "wheel_velocity_fr": 0.38484370708465576, "wheel_velocity_rl": -0.02202099747955799, "wheel_velocity_rr": -0.3009776175022125}}, {"current_time": 2.383333457633853, "current_time_step": 143, "data": {"base_link_transform_matrix": [[0.9999504940424496, 0.009950319024586297, -2.481068251515425e-05, 0.0], [-0.009950338030726803, 0.9999500475597664, -0.000945070524027251, 0.0], [1.540568994621466e-05, 0.0009452706120838051, 0.9999995531129675, 0.0], [-0.00112711894325912, -0.0007281546713784337, 0.022246792912483215, 1.0]], "wheel_velocity_fl": -0.018503116443753242, "wheel_velocity_fr": 0.33633488416671753, "wheel_velocity_rl": 0.02887805923819542, "wheel_velocity_rr": 0.3091602921485901}}, {"current_time": 2.400000125169754, "current_time_step": 144, "data": {"base_link_transform_matrix": [[0.9999497601302527, 0.010023806402466279, -2.2817888136383036e-05, 0.0], [-0.010023823508338723, 0.9999493124647014, -0.0009462894084528128, 0.0], [1.3331309722837355e-05, 0.0009464705894797011, 0.9999995520077494, 0.0], [-0.0011331097921356559, -0.0007358775474131107, 0.02224552631378174, 1.0]], "wheel_velocity_fl": -0.024462509900331497, "wheel_velocity_fr": 0.3264143466949463, "wheel_velocity_rl": -0.08200322091579437, "wheel_velocity_rr": -0.20787905156612396}}, {"current_time": 2.416666792705655, "current_time_step": 145, "data": {"base_link_transform_matrix": [[0.999949002605684, 0.010099096780936278, -2.0787184592626984e-05, 0.0], [-0.010099111949493056, 0.9999485533629355, -0.0009479267925664971, 0.0], [1.1212910742514096e-05, 0.0009480883828743896, 0.9999995505012435, 0.0], [-0.0011374772293493152, -0.0007450161501765251, 0.02224406599998474, 1.0]], "wheel_velocity_fl": 0.061918627470731735, "wheel_velocity_fr": 0.33990395069122314, "wheel_velocity_rl": -0.014439006336033344, "wheel_velocity_rr": -0.2153259813785553}}, {"current_time": 2.433333460241556, "current_time_step": 146, "data": {"base_link_transform_matrix": [[0.999948266928918, 0.010171681946589569, -1.8767809992474164e-05, 0.0], [-0.010171695181162753, 0.9999478162958702, -0.000949369402455897, 0.0], [9.110147007025177e-06, 0.0009495111891035782, 0.9999995491726519, 0.0], [-0.0011409544385969639, -0.0007538669742643833, 0.022242844104766846, 1.0]], "wheel_velocity_fl": 0.12812194228172302, "wheel_velocity_fr": 0.35075998306274414, "wheel_velocity_rl": -0.02411782555282116, "wheel_velocity_rr": 0.23139582574367523}}, {"current_time": 2.4500001277774572, "current_time_step": 147, "data": {"base_link_transform_matrix": [[0.9999475581400048, 0.01024112736819599, -1.6735297916495894e-05, 0.0], [-0.01024113864935322, 0.9999471064383745, -0.0009504760317007163, 0.0], [7.000466625919702e-06, 0.0009505975754760341, 0.9999995481575193, 0.0], [-0.0011458328226581216, -0.0007605927530676126, 0.022241592407226562, 1.0]], "wheel_velocity_fl": 0.07764969766139984, "wheel_velocity_fr": 0.3349585235118866, "wheel_velocity_rl": -0.06395061314105988, "wheel_velocity_rr": -0.35905882716178894}}, {"current_time": 2.4666667953133583, "current_time_step": 148, "data": {"base_link_transform_matrix": [[0.9999468032615495, 0.010314573616891285, -1.4768537438051153e-05, 0.0], [-0.010314583002763809, 0.9999463501132297, -0.000951983565598787, 0.0], [4.948440538250498e-06, 0.0009520852544832729, 0.9999995467544879, 0.0], [-0.0011490853503346443, -0.0007693388033658266, 0.022240087389945984, 1.0]], "wheel_velocity_fl": 0.1832648366689682, "wheel_velocity_fr": 0.3453823924064636, "wheel_velocity_rl": 0.014392069540917873, "wheel_velocity_rr": -0.3611510694026947}}, {"current_time": 2.4833334628492594, "current_time_step": 149, "data": {"base_link_transform_matrix": [[0.9999460605333403, 0.010386330488288895, -1.2760928013696528e-05, 0.0], [-0.010386337933971448, 0.9999456061387768, -0.000953282788938989, 0.0], [2.8591238028309834e-06, 0.000953363908684479, 0.9999995455444383, 0.0], [-0.0011506503215059638, -0.0007794297416694462, 0.022238850593566895, 1.0]], "wheel_velocity_fl": 0.2890335023403168, "wheel_velocity_fr": 0.31963232159614563, "wheel_velocity_rl": 0.04909475892782211, "wheel_velocity_rr": -0.3261623978614807}}, {"current_time": 2.5000001303851604, "current_time_step": 150, "data": {"base_link_transform_matrix": [[0.9999453234378878, 0.010457056160441049, -1.054302011917354e-05, 0.0], [-0.010457061460193678, 0.9999448679349511, -0.0009544402396532584, 0.0], [5.618036728635798e-07, 0.0009544983031515748, 0.9999995444662331, 0.0], [-0.0011517596431076527, -0.0007902986835688353, 0.02223759889602661, 1.0]], "wheel_velocity_fl": 0.35545238852500916, "wheel_velocity_fr": 0.33916816115379333, "wheel_velocity_rl": 0.05350795015692711, "wheel_velocity_rr": -0.38061314821243286}}, {"current_time": 2.5166667979210615, "current_time_step": 151, "data": {"base_link_transform_matrix": [[0.9999446007597057, 0.010525936490858215, -8.514874801312458e-06, 0.0], [-0.010525939821160377, 0.9999441438715413, -0.0009558911504739279, 0.0], [-1.5472503486902119e-06, 0.000955927821890131, 0.9999995430996983, 0.0], [-0.0011524977162480354, -0.0008011136669665575, 0.022236019372940063, 1.0]], "wheel_velocity_fl": 0.418500691652298, "wheel_velocity_fr": 0.3014543950557709, "wheel_velocity_rl": 0.13338297605514526, "wheel_velocity_rr": -0.4434424638748169}}, {"current_time": 2.5333334654569626, "current_time_step": 152, "data": {"base_link_transform_matrix": [[0.999943872635106, 0.010594882567417616, -6.549013891787453e-06, 0.0], [-0.010594883985797839, 0.9999434154263127, -0.0009562316080301369, 0.0], [-3.5825182757038995e-06, 0.0009562473233121546, 0.9999995427890066, 0.0], [-0.0011535256635397673, -0.0008111540810205042, 0.022235095500946045, 1.0]], "wheel_velocity_fl": 0.38158851861953735, "wheel_velocity_fr": 0.30362969636917114, "wheel_velocity_rl": 0.05150727182626724, "wheel_velocity_rr": 0.12445180863142014}}, {"current_time": 2.5500001329928637, "current_time_step": 153, "data": {"base_link_transform_matrix": [[0.9999432064122395, 0.010657576032049292, -4.8094079683939755e-06, 0.0], [-0.010657575754897248, 0.9999427486091373, -0.0009568610307265937, 0.0], [-5.388686563975168e-06, 0.0009568579437854299, 0.999999542196814, 0.0], [-0.0011557000689208508, -0.0008184235775843263, 0.02223387360572815, 1.0]], "wheel_velocity_fl": 0.33420366048812866, "wheel_velocity_fr": 0.3314191401004791, "wheel_velocity_rl": -0.018860740587115288, "wheel_velocity_rr": -0.4571511745452881}}, {"current_time": 2.5666668005287647, "current_time_step": 154, "data": {"base_link_transform_matrix": [[0.9999424654071326, 0.010726875921691846, -2.9096578647739475e-06, 0.0], [-0.010726873789276526, 0.9999420068663336, -0.0009576444215659787, 0.0], [-7.363043762642142e-06, 0.0009576205354167577, 0.9999995414542427, 0.0], [-0.0011560814455151558, -0.0008297436870634556, 0.022232696413993835, 1.0]], "wheel_velocity_fl": 0.4158891439437866, "wheel_velocity_fr": 0.3136972486972809, "wheel_velocity_rl": -0.17961622774600983, "wheel_velocity_rr": -0.27032721042633057}}, {"current_time": 2.583333468064666, "current_time_step": 155, "data": {"base_link_transform_mat