{"Isaac Sim Data": [{"current_time": 0, "current_time_step": 0, "data": {"base_link_transform_matrix": [[1.0, 0.0, 0.0, 0.0], [0.0, 1.0, 0.0, 0.0], [0.0, 0.0, 1.0, 0.0], [0.0, 0.0, 0.025, 1.0]], "wheel_velocity_fl": 182.11851501464844, "wheel_velocity_fr": -174.3114776611328, "wheel_velocity_rl": 172.18678283691406, "wheel_velocity_rr": -182.5465087890625}}, {"current_time": 0.01666666753590107, "current_time_step": 1, "data": {"base_link_transform_matrix": [[1.0, 0.0, 0.0, 0.0], [0.0, 1.0, 0.0, 0.0], [0.0, 0.0, 1.0, 0.0], [1.9340001017553732e-05, -1.7228046999662183e-05, 0.022336020693182947, 1.0]], "wheel_velocity_fl": 0.309336394071579, "wheel_velocity_fr": 0.5007416605949402, "wheel_velocity_rl": 0.0023021672386676073, "wheel_velocity_rr": 0.0026477156206965446}}, {"current_time": 0.03333333507180214, "current_time_step": 2, "data": {"base_link_transform_matrix": [[0.999999705015602, 0.00013600200419355227, 0.0007559577792295834, 0.0], [-0.00013623122225409252, 0.9999999447638326, 0.0003031722048262766, 0.0], [-0.0007559165054459008, -0.0003032751004474432, 0.9999996683071701, 0.0], [4.36311966041103e-05, 4.5398337533697486e-07, 0.02232539653778076, 1.0]], "wheel_velocity_fl": -2.641221523284912, "wheel_velocity_fr": -1.4459948539733887, "wheel_velocity_rl": -2.3952016830444336, "wheel_velocity_rr": -1.7377651929855347}}, {"current_time": 0.05000000260770321, "current_time_step": 3, "data": {"base_link_transform_matrix": [[0.9999996411495581, 0.0001666999277213349, 0.0008306093481041272, 0.0], [-0.0001669930473758348, 0.9999999238085286, 0.0003528402741345843, 0.0], [-0.0008305504663705833, -0.00035297885350391484, 0.9999995927958429, 0.0], [-4.519187496043742e-05, -7.38568342057988e-05, 0.022346779704093933, 1.0]], "wheel_velocity_fl": -1.1336848735809326, "wheel_velocity_fr": -1.0019724369049072, "wheel_velocity_rl": -0.5894849300384521, "wheel_velocity_rr": -0.7559248208999634}}, {"current_time": 0.06666667014360428, "current_time_step": 4, "data": {"base_link_transform_matrix": [[0.9999996632923298, 0.00019471304687786607, 0.0007971838284267167, 0.0], [-0.00019492487936740113, 0.9999999457153359, 0.00026565695290556936, 0.0], [-0.0007971320582771358, -0.00026581225441842544, 0.9999996469621012, 0.0], [-0.00010628854215610772, -0.00012535764835774899, 0.02233557403087616, 1.0]], "wheel_velocity_fl": -0.7186028957366943, "wheel_velocity_fr": -0.47163426876068115, "wheel_velocity_rl": -0.9866598844528198, "wheel_velocity_rr": 0.06786462664604187}}, {"current_time": 0.08333333767950535, "current_time_step": 5, "data": {"base_link_transform_matrix": [[0.9999996413968498, 0.00025600593696739496, 0.0008072590241324547, 0.0], [-0.000256240482629052, 0.9999999249881509, 0.00029045568953956445, 0.0], [-0.0008071846051975145, -0.0002906624378231895, 0.9999996319841125, 0.0], [-0.00013392440450843424, -0.00012895127292722464, 0.02233484387397766, 1.0]], "wheel_velocity_fl": -1.3833132982254028, "wheel_velocity_fr": 1.226867437362671, "wheel_velocity_rl": -0.32544466853141785, "wheel_velocity_rr": 0.019716674461960793}}, {"current_time": 0.10000000521540642, "current_time_step": 6, "data": {"base_link_transform_matrix": [[0.9999996421393867, 0.00028603861459238015, 0.0007961802618993207, 0.0], [-0.00028623838557170555, 0.9999999275811866, 0.0002508091069501082, 0.0], [-0.0007961084631514118, -0.00025103691454819754, 0.9999996515958305, 0.0], [-0.00016994801990222186, -0.00017710811516735703, 0.022332578897476196, 1.0]], "wheel_velocity_fl": -0.0744422972202301, "wheel_velocity_fr": -0.7275130152702332, "wheel_velocity_rl": -1.1072556972503662, "wheel_velocity_rr": 0.36441516876220703}}, {"current_time": 0.11666667275130749, "current_time_step": 7, "data": {"base_link_transform_matrix": [[0.9999996152138778, 0.0003415832645809826, 0.0008080179265971966, 0.0], [-0.00034180759651833095, 0.9999999030777185, 0.0002775105776456365, 0.0], [-0.0008079230553131877, -0.0002777866575288513, 0.9999996350473882, 0.0], [-0.00019839404558297247, -0.00018287583952769637, 0.02233240008354187, 1.0]], "wheel_velocity_fl": -1.3989137411117554, "wheel_velocity_fr": 1.2020952701568604, "wheel_velocity_rl": -0.27696630358695984, "wheel_velocity_rr": -0.038384515792131424}}, {"current_time": 0.13333334028720856, "current_time_step": 8, "data": {"base_link_transform_matrix": [[0.9999996130276342, 0.00037472398948381166, 0.0007959437880061263, 0.0], [-0.00037491140448358266, 0.9999999020314442, 0.0002353264557225758, 0.0], [-0.0007958555275603434, -0.00023562477306119184, 0.9999996555474134, 0.0], [-0.0002364539250265807, -0.0002321304491488263, 0.02232992649078369, 1.0]], "wheel_velocity_fl": -0.15249080955982208, "wheel_velocity_fr": -0.7104530334472656, "wheel_velocity_rl": -1.2314682006835938, "wheel_velocity_rr": 0.417581707239151}}, {"current_time": 0.15000000782310963, "current_time_step": 9, "data": {"base_link_transform_matrix": [[0.9999995834453567, 0.0004269152571673421, 0.0008067542849359638, 0.0], [-0.0004271228084261797, 0.9999998757296966, 0.0002571122281098344, 0.0], [-0.0008066444195473798, -0.00025745670416443367, 0.9999996415203487, 0.0], [-0.0002669379464350641, -0.00024259249039459974, 0.0223294198513031, 1.0]], "wheel_velocity_fl": -1.227279782295227, "wheel_velocity_fr": 0.3744453489780426, "wheel_velocity_rl": -0.33498895168304443, "wheel_velocity_rr": -0.07512881606817245}}, {"current_time": 0.1666666753590107, "current_time_step": 10, "data": {"base_link_transform_matrix": [[0.9999995769152135, 0.00046246961908844416, 0.00079516743230335, 0.0], [-0.00046264313579852254, 0.9999998692090706, 0.00021804396482269514, 0.0], [-0.0007950664895933064, -0.0002184117513259765, 0.9999996600827342, 0.0], [-0.00030596513533964753, -0.00029095751233398914, 0.022327125072479248, 1.0]], "wheel_velocity_fl": -0.16609235107898712, "wheel_velocity_fr": -0.9717844724655151, "wheel_velocity_rl": -1.2699828147888184, "wheel_velocity_rr": 0.37023818492889404}}, {"current_time": 0.18333334289491177, "current_time_step": 11, "data": {"base_link_transform_matrix": [[0.9999995397872461, 0.0005187335991112724, 0.0008070568437701273, 0.0], [-0.0005189284345985327, 0.9999998362620797, 0.00024122415619156286, 0.0], [-0.0008069315805495844, -0.00024164284992169932, 0.9999996452350157, 0.0], [-0.00033674720907583833, -0.0003016512200701982, 0.022326350212097168, 1.0]], "wheel_velocity_fl": -1.2288885116577148, "wheel_velocity_fr": 0.3718789517879486, "wheel_velocity_rl": -0.48023685812950134, "wheel_velocity_rr": -0.0576375387609005}}, {"current_time": 0.20000001043081284, "current_time_step": 12, "data": {"base_link_transform_matrix": [[0.9999995283620573, 0.0005570697404509981, 0.0007955808991878878, 0.0], [-0.0005572298803973937, 0.9999998245309638, 0.00020107934252190546, 0.0], [-0.0007954687443709256, -0.00020152256913455894, 0.9999996633090088, 0.0], [-0.00037618482019752264, -0.0003530241665430367, 0.022323831915855408, 1.0]], "wheel_velocity_fl": -0.10769281536340714, "wheel_velocity_fr": -0.9920536279678345, "wheel_velocity_rl": -1.3176921606063843, "wheel_velocity_rr": 0.468092143535614}}, {"current_time": 0.2166666779667139, "current_time_step": 13, "data": {"base_link_transform_matrix": [[0.9999994857708612, 0.0006138524690395598, 0.0008072441758972718, 0.0], [-0.0006140334076460468, 0.9999997864125328, 0.00022391485650526076, 0.0], [-0.0008071065527925125, -0.00022441041625384552, 0.9999996491094272, 0.0], [-0.00040797339170239866, -0.0003640142676886171, 0.02232329547405243, 1.0]], "wheel_velocity_fl": -1.2774327993392944, "wheel_velocity_fr": 0.3790114223957062, "wheel_velocity_rl": -0.49805858731269836, "wheel_velocity_rr": -0.08298034220933914}}, {"current_time": 0.23333334550261497, "current_time_step": 14, "data": {"base_link_transform_matrix": [[0.9999994728188742, 0.0006491403724699358, 0.0007955996169426607, 0.0], [-0.0006492865888947524, 0.9999997723705378, 0.00018353691171526252, 0.0], [-0.000795480294621515, -0.00018405338711947747, 0.9999996666676703, 0.0], [-0.00044934923062101007, -0.0004136781208217144, 0.022320538759231567, 1.0]], "wheel_velocity_fl": -0.16877542436122894, "wheel_velocity_fr": -1.0018932819366455, "wheel_velocity_rl": -1.2221109867095947, "wheel_velocity_rr": 0.31826990842819214}}, {"current_time": 0.25000001303851604, "current_time_step": 15, "data": {"base_link_transform_matrix": [[0.9999994266818447, 0.0007037531940266428, 0.0008070733695322722, 0.0], [-0.0007039196064375825, 0.9999997310456132, 0.00020592690185578238, 0.0], [-0.0008069282307514321, -0.00020649489856279827, 0.9999996531132834, 0.0], [-0.00048272573621943593, -0.0004231734201312065, 0.022319942712783813, 1.0]], "wheel_velocity_fl": -1.329063892364502, "wheel_velocity_fr": -0.24701027572155, "wheel_velocity_rl": -0.41985172033309937, "wheel_velocity_rr": -0.1607944816350937}}, {"current_time": 0.2666666805744171, "current_time_step": 16, "data": {"base_link_transform_matrix": [[0.9999994029460565, 0.0007500657716090035, 0.0007946753229127688, 0.0], [-0.0007501965786284408, 0.999999705102126, 0.00016431906295322, 0.0], [-0.0007945518384599614, -0.00016491512755424507, 0.9999996707451342, 0.0], [-0.0005229072994552553, -0.0004729394568130374, 0.02231718599796295, 1.0]], "wheel_velocity_fl": -0.2956085503101349, "wheel_velocity_fr": -0.7713863253593445, "wheel_velocity_rl": -1.4623757600784302, "wheel_velocity_rr": 0.5442477464675903}}, {"current_time": 0.2833333481103182, "current_time_step": 17, "data": {"base_link_transform_matrix": [[0.9999993434043941, 0.000813588089412948, 0.0008070100379510676, 0.0], [-0.0008137390278612755, 0.9999996514815125, 0.00018672345356500066, 0.0], [-0.0008068578407153151, -0.00018738002652695813, 0.9999996569345164, 0.0], [-0.0005556417163461447, -0.000485594297060743, 0.022316336631774902, 1.0]], "wheel_velocity_fl": -1.3897781372070312, "wheel_velocity_fr": 0.6623008251190186, "wheel_velocity_rl": -0.469075083732605, "wheel_velocity_rr": 0.05767110362648964}}, {"current_time": 0.30000001564621925, "current_time_step": 18, "data": {"base_link_transform_matrix": [[0.9999993161594204, 0.0008572078646420677, 0.0007955346431682365, 0.0], [-0.0008573239613812231, 0.9999996218971945, 0.00014560595183867893, 0.0], [-0.0007954095278073012, -0.0001462878831791174, 0.9999996729617157, 0.0], [-0.0005994381499476731, -0.0005388872232288122, 0.022313401103019714, 1.0]], "wheel_velocity_fl": -0.271183043718338, "wheel_velocity_fr": -0.9072678089141846, "wheel_velocity_rl": -1.490236520767212, "wheel_velocity_rr": 0.3987412750720978}}, {"current_time": 0.3166666831821203, "current_time_step": 19, "data": {"base_link_transform_matrix": [[0.999999249814347, 0.0009210990363083858, 0.0008074325412786631, 0.0], [-0.0009212342201251222, 0.9999995617077413, 0.00016706836016904775, 0.0], [-0.0008072783008816815, -0.00016781206932422937, 0.9999996600703693, 0.0], [-0.0006352777127176523, -0.0005529505433514714, 0.022312626242637634, 1.0]], "wheel_velocity_fl": -1.4384398460388184, "wheel_velocity_fr": 0.6498715877532959, "wheel_velocity_rl": -0.6452879905700684, "wheel_velocity_rr": -0.07058563083410263}}, {"current_time": 0.3333333507180214, "current_time_step": 20, "data": {"base_link_transform_matrix": [[0.9999992176480941, 0.0009651189168229878, 0.0007957692354932534, 0.0], [-0.0009652181374249645, 0.9999995264503079, 0.00012431052757643488, 0.0], [-0.0007956488842152526, -0.0001250785212211596, 0.9999996756490557, 0.0], [-0.0006797258392907679, -0.0006072823889553547, 0.022309303283691406, 1.0]], "wheel_velocity_fl": -0.2278352826833725, "wheel_velocity_fr": -0.8858917951583862, "wheel_velocity_rl": -1.281671404838562, "wheel_velocity_rr": 0.4458872377872467}}, {"current_time": 0.35000001825392246, "current_time_step": 21, "data": {"base_link_transform_matrix": [[0.9999991472137638, 0.0010269060858092427, 0.0008068677934497802, 0.0], [-0.0010270229171968868, 0.9999994621868316, 0.0001443952047628006, 0.0], [-0.0008067190791911231, -0.00014522375333957842, 0.9999996640571379, 0.0], [-0.0007169154705479741, -0.0006217132904566824, 0.022308513522148132, 1.0]], "wheel_velocity_fl": -1.4094914197921753, "wheel_velocity_fr": 0.3558949828147888, "wheel_velocity_rl": -0.5760575532913208, "wheel_velocity_rr": -0.07961145788431168}}, {"current_time": 0.36666668578982353, "current_time_step": 22, "data": {"base_link_transform_matrix": [[0.9999991146790977, 0.0010670387538723048, 0.0007950278727383961, 0.0], [-0.0010671203047962895, 0.9999994254087269, 0.00010215904877621393, 0.0], [-0.0007949184082582156, -0.00010300734871855083, 0.9999996787470535, 0.0], [-0.0007634120993316174, -0.0006745125283487141, 0.022305205464363098, 1.0]], "wheel_velocity_fl": -0.28309714794158936, "wheel_velocity_fr": -0.9875730276107788, "wheel_velocity_rl": -1.3806394338607788, "wheel_velocity_rr": 0.2832617163658142}}, {"current_time": 0.3833333533257246, "current_time_step": 23, "data": {"base_link_transform_matrix": [[0.9999990401385184, 0.0011265968510008643, 0.0008065367798564515, 0.0], [-0.001126695904776376, 0.9999993577907683, 0.00012236988674836204, 0.0], [-0.0008063984003620178, -0.000123278490977137, 0.9999996672619614, 0.0], [-0.0008019001688808203, -0.0006876599509268999, 0.02230435609817505, 1.0]], "wheel_velocity_fl": -1.4482225179672241, "wheel_velocity_fr": -0.1540335714817047, "wheel_velocity_rl": -0.566059410572052, "wheel_velocity_rr": -0.19025196135044098}}, {"current_time": 0.40000002086162567, "current_time_step": 24, "data": {"base_link_transform_matrix": [[0.9999989958003039, 0.0011736501668652948, 0.0007943196268720122, 0.0], [-0.001173713456575583, 0.9999993080605004, 7.92164267031835e-05, 0.0], [-0.0007942261048784685, -8.014865078895366e-05, 0.9999996813904933, 0.0], [-0.0008477134397253394, -0.0007382255862466991, 0.02230110764503479, 1.0]], "wheel_velocity_fl": -0.36353716254234314, "wheel_velocity_fr": -0.7690489888191223, "wheel_velocity_rl": -1.3318322896957397, "wheel_velocity_rr": 0.3299065828323364}}, {"current_time": 0.41666668839752674, "current_time_step": 25, "data": {"base_link_transform_matrix": [[0.9999989089822501, 0.0012377395975849716, 0.0008062474794889707, 0.0], [-0.001237820920239915, 0.9999992288618733, 0.00010037443911620288, 0.0], [-0.0008061226203429202, -0.0001013723196029103, 0.9999996699449324, 0.0], [-0.0008863640250638127, -0.0007488030241802335, 0.022299915552139282, 1.0]], "wheel_velocity_fl": -1.5976753234863281, "wheel_velocity_fr": 0.8494935035705566, "wheel_velocity_rl": -0.5407083630561829, "wheel_velocity_rr": -0.17745442688465118}}, {"current_time": 0.4333333559334278, "current_time_step": 26, "data": {"base_link_transform_matrix": [[0.9999988643121358, 0.0012807588929515852, 0.0007943746576317124, 0.0], [-0.0012808044348826193, 0.9999991781551516, 5.682447400041546e-05, 0.0], [-0.000794301226328579, -5.784184805000301e-05, 0.9999996828698909, 0.0], [-0.0009358072420582175, -0.0008008293225429952, 0.022296860814094543, 1.0]], "wheel_velocity_fl": -0.4223913252353668, "wheel_velocity_fr": -0.8097671866416931, "wheel_velocity_rl": -1.4312341213226318, "wheel_velocity_rr": 0.2616497278213501}}, {"current_time": 0.4500000234693289, "current_time_step": 27, "data": {"base_link_transform_matrix": [[0.9999987719737746, 0.0013443268462134438, 0.0008055037388489002, 0.0], [-0.0013443884454074823, 0.9999990934262815, 7.593630942784785e-05, 0.0], [-0.0008054009253810142, -7.701912609530941e-05, 0.9999996726986482, 0.0], [-0.00097664725035429, -0.0008124994928948581, 0.022295355796813965, 1.0]], "wheel_velocity_fl": -1.6477216482162476, "wheel_velocity_fr": 0.8237260580062866, "wheel_velocity_rl": -0.4934869408607483, "wheel_velocity_rr": -0.1811894327402115}}, {"current_time": 0.46666669100522995, "current_time_step": 28, "data": {"base_link_transform_matrix": [[0.9999987258384068, 0.0013851081097067293, 0.0007935975600963755, 0.0], [-0.0013851342772156867, 0.999999040175379, 3.242460186385715e-05, 0.0], [-0.0007935518868029025, -3.3523799732479e-05, 0.9999996845757292, 0.0], [-0.0010278528789058328, -0.0008639257866889238, 0.0222921222448349, 1.0]], "wheel_velocity_fl": -0.433099627494812, "wheel_velocity_fr": -0.8266928195953369, "wheel_velocity_rl": -1.3649827241897583, "wheel_velocity_rr": 0.11959689110517502}}, {"current_time": 0.483333358541131, "current_time_step": 29, "data": {"base_link_transform_matrix": [[0.9999986306185473, 0.0014463691218356016, 0.0008042247158407304, 0.0], [-0.0014464097283317134, 0.999998952703289, 4.991215302187782e-05, 0.0], [-0.0008041516821818954, -5.1075323125858056e-05, 0.999999675365639, 0.0], [-0.001070966012775898, -0.0008758179028518498, 0.022290915250778198, 1.0]], "wheel_velocity_fl": -1.647726058959961, "wheel_velocity_fr": 0.5414593815803528, "wheel_velocity_rl": -0.45232638716697693, "wheel_velocity_rr": -0.2893962264060974}}, {"current_time": 0.5000000260770321, "current_time_step": 30, "data": {"base_link_transform_matrix": [[0.999997743802256, -0.0021184036474507207, 0.00015734161540403553, 0.0], [0.002118439631927652, 0.9999977299090086, -0.0002288893955814154, 0.0], [-0.00015685637809378938, 0.00022922219787550093, 0.9999999614266296, 0.0], [-0.0015393169596791267, -0.0011568593326956034, 0.022347688674926758, 1.0]], "wheel_velocity_fl": 180.6631317138672, "wheel_velocity_fr": -87.75643157958984, "wheel_velocity_rl": 125.63220977783203, "wheel_velocity_rr": -180.90444946289062}}, {"current_time": 0.5166666936129332, "current_time_step": 31, "data": {"base_link_transform_matrix": [[0.9999328332800523, -0.011585682519584051, -0.00031763041800817165, 0.0], [0.01158555961917167, 0.9999328106194426, -0.000386076433430248, 0.0], [0.00032208203560315574, 0.0003823705757978694, 0.9999998750279447, 0.0], [-0.0018759233644232154, -0.0015552678378298879, 0.02227085828781128, 1.0]], "wheel_velocity_fl": 122.65890502929688, "wheel_velocity_fr": -134.0994110107422, "wheel_velocity_rl": 152.90802001953125, "wheel_velocity_rr": -181.95921325683594}}, {"current_time": 0.5333333611488342, "current_time_step": 32, "data": {"base_link_transform_matrix": [[0.9997004620864947, -0.024472062135674304, -0.00032292240050183884, 0.0], [0.024472208322948438, 0.9997004063018429, 0.00045679287264078036, 0.0], [0.0003116469914232564, -0.000464558670114033, 0.9999998435306852, 0.0], [-0.0018079921137541533, -0.0020577486138790846, 0.022267282009124756, 1.0]], "wheel_velocity_fl": 182.2280731201172, "wheel_velocity_fr": -162.29074096679688, "wheel_velocity_rl": 154.02952575683594, "wheel_velocity_rr": -181.46957397460938}}, {"current_time": 0.5500000286847353, "current_time_step": 33, "data": {"base_link_transform_matrix": [[0.9992276415864558, -0.03929314474457217, -0.0004111759372532961, 0.0], [0.03929360504256384, 0.9992270129018042, 0.001178681507707267, 0.0], [0.0003645440004686185, -0.0011939277280093375, 0.9999992208218225, 0.0], [-0.0018103922484442592, -0.0026095975190401077, 0.022254586219787598, 1.0]], "wheel_velocity_fl": 179.26466369628906, "wheel_velocity_fr": -172.00779724121094, "wheel_velocity_rl": 389.88909912109375, "wheel_velocity_rr": -110.17207336425781}}, {"current_time": 0.5666666962206364, "current_time_step": 34, "data": {"base_link_transform_matrix": [[0.9984582835422545, -0.0555028296056522, -0.0007013783721390748, 0.0], [0.05550443900217461, 0.9984552276582992, 0.0025329060124121986, 0.0], [0.000559711451414681, -0.002567930602600778, 0.9999965462217913, 0.0], [-0.002095302566885948, -0.0024878543335944414, 0.022600293159484863, 1.0]], "wheel_velocity_fl": 182.71095275878906, "wheel_velocity_fr": -171.08828735351562, "wheel_velocity_rl": 187.1063690185547, "wheel_velocity_rr": -179.7828826904297}}, {"current_time": 0.5833333637565374, "current_time_step": 35, "data": {"base_link_transform_matrix": [[0.9973727562329685, -0.07243573572810656, -0.0008058000865393782, 0.0], [0.07243698318815282, 0.9973716348324139, 0.0016448399063228988, 0.0], [0.000684536960890431, -0.0016988882382529124, 0.9999983225925447, 0.0], [-0.0023778898175805807, -0.002699716482311487, 0.0224592387676239, 1.0]], "wheel_velocity_fl": 182.27908325195312, "wheel_velocity_fr": -186.32504272460938, "wheel_velocity_rl": 182.2985076904297, "wheel_velocity_rr": -174.06854248046875}}, {"current_time": 0.6000000312924385, "current_time_step": 36, "data": {"base_link_transform_matrix": [[0.9960248036008031, -0.08907080816315194, -0.000990830532692356, 0.0], [0.08907226363235582, 0.9960239801902345, 0.0015371198429026346, 0.0], [0.0008499784642152958, -0.0016192650080609553, 0.9999983277573238, 0.0], [-0.0026640095748007298, -0.0027209490071982145, 0.022109434008598328, 1.0]], "wheel_velocity_fl": 134.6775360107422, "wheel_velocity_fr": -182.93141174316406, "wheel_velocity_rl": 168.572265625, "wheel_velocity_rr": -221.447265625}}, {"current_time": 0.6166666988283396, "current_time_step": 37, "data": {"base_link_transform_matrix": [[0.9945737304289036, -0.1040264064303068, -0.0012655061956492611, 0.0], [0.10402924390801574, 0.9945712633623242, 0.0024327979359253286, 0.0], [0.0010055608689543546, -0.002551246571207293, 0.999996239987067, 0.0], [-0.0028036562725901604, -0.0027369167655706406, 0.022641539573669434, 1.0]], "wheel_velocity_fl": 185.99293518066406, "wheel_velocity_fr": -182.1285400390625, "wheel_velocity_rl": 182.3503875732422, "wheel_velocity_rr": -184.2765350341797}}, {"current_time": 0.6333333663642406, "current_time_step": 38, "data": {"base_link_transform_matrix": [[0.9929761423517405, -0.1183097954259225, -0.0010830634941656249, 0.0], [0.11831113717266474, 0.9929757583140062, 0.0012720934066250587, 0.0], [0.0009249546837208531, -0.0013912968772465696, 0.9999986043749424, 0.0], [-0.0029236963018774986, -0.003172308439388871, 0.02250048518180847, 1.0]], "wheel_velocity_fl": 182.06129455566406, "wheel_velocity_fr": -177.9737548828125, "wheel_velocity_rl": 182.16455078125, "wheel_velocity_rr": -165.37828063964844}}, {"current_time": 0.6500000339001417, "current_time_step": 39, "data": {"base_link_transform_matrix": [[0.9910804801660784, -0.13326430265049335, -0.00032783052491452123, 0.0], [0.13326435703952907, 0.9910805157259203, 0.00014997094654836183, 0.0], [0.00030492067209338103, -0.00019232140183677673, 0.9999999350179289, 0.0], [-0.003040662966668606, -0.003405813593417406, 0.022232383489608765, 1.0]], "wheel_velocity_fl": 171.79525756835938, "wheel_velocity_fr": -174.5404052734375, "wheel_velocity_rl": 182.19210815429688, "wheel_velocity_rr": -174.78628540039062}}, {"current_time": 0.6666667014360428, "current_time_step": 40, "data": {"base_link_transform_matrix": [[0.9889406961390789, -0.1483111443208987, 0.0003224750838004885, 0.0], [0.14831131337868025, 0.9889405499213476, -0.00058570056634804, 0.0], [-0.0002320427654851115, 0.0006270498290236339, 0.9999997764823084, 0.0], [-0.0032017561607062817, -0.00349764758720994, 0.02228856086730957, 1.0]], "wheel_velocity_fl": 173.65887451171875, "wheel_velocity_fr": -182.3332061767578, "wheel_velocity_rl": 182.24476623535156, "wheel_velocity_rr": -175.7538299560547}}, {"current_time": 0.6833333689719439, "current_time_step": 41, "data": {"base_link_transform_matrix": [[0.9865326090011025, -0.16356468850721823, -6.364758069495604e-05, 0.0], [0.16356467865085522, 0.9865326030935228, -0.0001375912797987061, 0.0], [8.529548828518491e-05, 0.00012532778815234333, 0.9999999885088126, 0.0], [-0.003436130238696933, -0.0032629279885441065, 0.022110283374786377, 1.0]], "wheel_velocity_fl": 181.90676879882812, "wheel_velocity_fr": -194.55520629882812, "wheel_velocity_rl": 167.03773498535156, "wheel_velocity_rr": -171.63467407226562}}, {"current_time": 0.7000000365078449, "current_time_step": 42, "data": {"base_link_transform_matrix": [[0.9838513080863526, -0.17898756674888247, 0.00023350821668239002, 0.0], [0.178987691035129, 0.9838510468906188, -0.0007238716368528102, 0.0], [-0.00010017328052171568, 0.0007539771533459581, 0.9999997107418412, 0.0], [-0.0032766324002295732, -0.0031653293408453465, 0.022127702832221985, 1.0]], "wheel_velocity_fl": 177.7717742919922, "wheel_velocity_fr": -169.45187377929688, "wheel_velocity_rl": 177.6292266845703, "wheel_velocity_rr": -182.32716369628906}}, {"current_time": 0.716666704043746, "current_time_step": 43, "data": {"base_link_transform_matrix": [[0.9808896058665215, -0.19456312280545346, 0.0008788328680682277, 0.0], [0.19456411095318582, 0.980889032609341, -0.0012298112487747188, 0.0], [-0.0006227616047618527, 0.0013772984067529817, 0.9999988576078886, 0.0], [-0.0029646335169672966, -0.0029971105977892876, 0.022014930844306946, 1.0]], "wheel_velocity_fl": 177.86776733398438, "wheel_velocity_fr": -174.30360412597656, "wheel_velocity_rl": 186.16798400878906, "wheel_velocity_rr": -171.39678955078125}}, {"current_time": 0.7333333715796471, "current_time_step": 44, "data": {"base_link_transform_matrix": [[0.9777154331173509, -0.20993342806266477, 0.0006983022332455031, 0.0], [0.2099342762402129, 0.9777143113685888, -0.0015247965583338485, 0.0], [-0.00036263431851559695, 0.0016374147013805437, 0.9999985936837346, 0.0], [-0.0029529668390750885, -0.0026455114129930735, 0.022055506706237793, 1.0]], "wheel_velocity_fl": 182.86929321289062, "wheel_velocity_fr": -185.17393493652344, "wheel_velocity_rl": 199.436767578125, "wheel_velocity_rr": -180.90086364746094}}, {"current_time": 0.7500000391155481, "current_time_step": 45, "data": {"base_link_transform_matrix": [[0.9744333721861798, -0.2246761636275898, -0.0004739909900296953, 0.0], [0.22467537729773956, 0.9744327636935577, -0.0013281101812666002, 0.0], [0.0007602670507822042, 0.0011876607780457607, 0.9999990057274496, 0.0], [-0.003285293700173497, -0.0021169602405279875, 0.022127404808998108, 1.0]], "wheel_velocity_fl": 182.41748046875, "wheel_velocity_fr": -184.1818084716797, "wheel_velocity_rl": 174.78982543945312, "wheel_velocity_rr": -182.32403564453125}}, {"current_time": 0.7666667066514492, "current_time_step": 46, "data": {"base_link_transform_matrix": [[0.9708372095903582, -0.2397395548427086, -0.0002414924984800772, 0.0], [0.2397392463580313, 0.9708368833783919, -0.0009163120723162727, 0.0], [0.0004541260728977622, 0.0008316946258147569, 0.9999995510266788, 0.0], [-0.0031787222251296043, -0.0016495538875460625, 0.022234782576560974, 1.0]], "wheel_velocity_fl": 182.31451416015625, "wheel_velocity_fr": -171.85098266601562, "wheel_velocity_rl": 183.2144012451172, "wheel_velocity_rr": -182.3058624267578}}, {"current_time": 0.7833333741873503, "current_time_step": 47, "data": {"base_link_transform_matrix": [[0.9669026769314332, -0.25514536595826176, 0.00023573895144598416, 0.0], [0.25514543318245486, 0.9669026343903917, -0.00032176864033721294, 0.0], [-0.00014583883568882025, 0.00037126667657930206, 0.9999999204460412, 0.0], [-0.0032328879460692406, -0.0013424111530184746, 0.02208825945854187, 1.0]], "wheel_velocity_fl": 158.4006805419922, "wheel_velocity_fr": -234.6177978515625, "wheel_velocity_rl": 194.078125, "wheel_velocity_rr": -131.06495666503906}}, {"current_time": 0.8000000417232513, "current_time_step": 48, "data": {"base_link_transform_matrix": [[0.9628368675197059, -0.2700789319645739, 0.0015928131451835028, 0.0], [0.2700795162709825, 0.9628380078382314, -0.00015985286373072267, 0.0], [-0.0014904481448591593, 0.0005840984343397661, 0.9999987186958523, 0.0], [-0.0030544446781277657, -0.0013692229986190796, 0.02280065417289734, 1.0]], "wheel_velocity_fl": 182.5513153076172, "wheel_velocity_fr": -176.83966064453125, "wheel_velocity_rl": 181.36524963378906, "wheel_velocity_rr": -182.3754119873047}}, {"current_time": 0.8166667092591524, "current_time_step": 49, "data": {"base_link_transform_matrix": [[0.9585729006331549, -0.28484729377878504, 0.00011575250466529565, 0.0], [0.2848472746086782, 0.9585729003058927, 0.00015794669143716792, 0.0], [-0.0001559479017318739, -0.00011843163267329817, 0.9999999808271, 0.0], [-0.0036550743971019983, -0.0012870528735220432, 0.02230192720890045, 1.0]], "wheel_velocity_fl": 182.56385803222656, "wheel_velocity_fr": -181.93777465820312, "wheel_velocity_rl": 160.34848022460938, "wheel_velocity_rr": -171.84262084960938}}, {"current_time": 0.8333333767950535, "current_time_step": 50, "data": {"base_link_transform_matrix": [[0.9539007978040059, -0.3001214699963273, -0.000609258668068344, 0.0], [0.30012153897517124, 0.9539009703921226, 2.29813308552488e-05, 0.0], [0.0005742752438914563, -0.00020477355893205407, 0.9999998141378497, 0.0], [-0.003952136263251305, -0.0014151384821161628, 0.02244703471660614, 1.0]], "wheel_velocity_fl": 172.143798828125, "wheel_velocity_fr": -179.9859619140625, "wheel_velocity_rl": 178.35659790039062, "wheel_velocity_rr": -182.312744140625}}, {"current_time": 0.8500000443309546, "current_time_step": 51, "data": {"base_link_transform_matrix": [[0.9489295570410254, -0.31548698013617243, -0.0008131042254815575, 0.0], [0.31548775375225274, 0.9489289786398383, 0.0011272665662314322, 0.0], [0.0004159402374251239, -0.0013262209890247928, 0.9999990340653371, 0.0], [-0.00405174819752574, -0.0014475950738415122, 0.02242681384086609, 1.0]], "wheel_velocity_fl": 175.34100341796875, "wheel_velocity_fr": -181.83131408691406, "wheel_velocity_rl": 182.3417205810547, "wheel_velocity_rr": -178.19972229003906}}, {"current_time": 0.8666667118668556, "current_time_step": 52, "data": {"base_link_transform_matrix": [[0.9436648158758717, -0.3309028651352977, -9.55154865397531e-05, 0.0], [0.3309028784501304, 0.9436647598285951, 0.0003257162233021534, 0.0], [-1.764583284628346e-05, -0.0003389732893227799, 0.9999999423928652, 0.0], [-0.004009304568171501, -0.0018407116876915097, 0.022176414728164673, 1.0]], "wheel_velocity_fl": 181.7079620361328, "wheel_velocity_fr": -187.047607421875, "wheel_velocity_rl": 182.13514709472656, "wheel_velocity_rr": -168.98399353027344}}, {"current_time": 0.8833333794027567, "current_time_step": 53, "data": {"base_link_transform_matrix": [[0.9380142189995047, -0.34659665582304894, 0.00028831758243610316, 0.0], [0.3465966903042171, 0.938014247313835, -7.814359992476568e-05, 0.0], [-0.00024336168966824782, 0.00017322972768210547, 0.9999999553832737, 0.0], [-0.0040638078935444355, -0.0020162956789135933, 0.022395342588424683, 1.0]], "wheel_velocity_fl": 164.16697692871094, "wheel_velocity_fr": -181.37510681152344, "wheel_velocity_rl": 184.72726440429688, "wheel_velocity_rr": -297.00286865234375}}, {"current_time": 0.9000000469386578, "current_time_step": 54, "data": {"base_link_transform_matrix": [[0.9314807224995368, -0.36374740552723167, -0.005611468965304374, 0.0], [0.3637501615106848, 0.9314963816918695, -0.0005575804027269954, 0.0], [0.005429881462022017, -0.001521797346057937, 0.9999841001336701, 0.0], [-0.005641407333314419, -0.0008720813784748316, 0.02399285137653351, 1.0]], "wheel_velocity_fl": 168.12220764160156, "wheel_velocity_fr": -181.32803344726562, "wheel_velocity_rl": 182.37521362304688, "wheel_velocity_rr": -166.7498016357422}}, {"current_time": 0.9166667144745588, "current_time_step": 55, "data": {"base_link_transform_matrix": [[0.9245505470919426, -0.38095443031704995, -0.008944713176027137, 0.0], [0.380990161263207, 0.9245753290500583, 0.0026377893418339437, 0.0], [0.007265183591968947, -0.00584661729449358, 0.9999565161413704, 0.0], [-0.006019643507897854, 0.0012421350693330169, 0.02455344796180725, 1.0]], "wheel_velocity_fl": 184.4822998046875, "wheel_velocity_fr": -189.01699829101562, "wheel_velocity_rl": 182.27015686035156, "wheel_velocity_rr": -182.276611328125}}, {"current_time": 0.9333333820104599, "current_time_step": 56, "data": {"base_link_transform_matrix": [[0.9172611534477934, -0.3981775779547899, -0.0093055246859523, 0.0], [0.39820730575040875, 0.917294196009236, 0.0015164480768603164, 0.0], [0.007932088162906274, -0.0050965068259115655, 0.9999555528099983, 0.0], [-0.005734439939260483, 0.002044748980551958, 0.024922296404838562, 1.0]], "wheel_velocity_fl": 177.07357788085938, "wheel_velocity_fr": -183.77769470214844, "wheel_velocity_rl": 182.27337646484375, "wheel_velocity_rr": -182.27305603027344}}, {"current_time": 0.950000049546361, "current_time_step": 57, "data": {"base_link_transform_matrix": [[0.9099177208135415, -0.41471674147540566, -0.007730827220386372, 0.0], [0.4147322972055428, 0.9099433576065759, 0.000455633937032446, 0.0], [0.006845655856322981, -0.0036208131259198454, 0.9999700129044891, 0.0], [-0.004898400511592627, 0.002873315941542387, 0.024360433220863342, 1.0]], "wheel_velocity_fl": 190.4960479736328, "wheel_velocity_fr": -160.3290557861328, "wheel_velocity_rl": 182.27230834960938, "wheel_velocity_rr": -182.2740020751953}}, {"current_time": 0.966666717082262, "current_time_step": 58, "data": {"base_link_transform_matrix": [[0.9023469709679345, -0.4309895552575816, -0.004236418754751518, 0.0], [0.4309962954006307, 0.9023533537998207, 0.0007862805782735648, 0.0], [0.0034838679547126946, -0.0025353786871997242, 0.9999907172164083, 0.0], [-0.003784665372222662, 0.004013336729258299, 0.023284465074539185, 1.0]], "wheel_velocity_fl": 185.7506561279297, "wheel_velocity_fr": -159.1067657470703, "wheel_velocity_rl": 182.2676239013672, "wheel_velocity_rr": -182.27951049804688}}, {"current_time": 0.9833333846181631, "current_time_step": 59, "data": {"base_link_transform_matrix": [[0.8946004250607873, -0.44686688981135586, 0.0002495423494145799, 0.0], [0.446866950424142, 0.8946003798977019, -0.0002981702781855476, 0.0], [-8.999825573988584e-05, 0.00037825548628985314, 0.9999999244115477, 0.0], [-0.002910219132900238, 0.004755022469907999, 0.02221524715423584, 1.0]], "wheel_velocity_fl": 165.67098999023438, "wheel_velocity_fr": -184.5394744873047, "wheel_velocity_rl": 231.79481506347656, "wheel_velocity_rr": -181.75714111328125}}, {"current_time": 1.0000000521540642, "current_time_step": 60, "data": {"base_link_transform_matrix": [[0.886836508981943, -0.4620831679711123, 0.0003901467685234729, 0.0], [0.46208331516204065, 0.8868363917278577, -0.00047345112947612205, 0.0], [-0.00012722255465381265, 0.0006001540590372457, 0.9999998118147458, 0.0], [-0.0032405643723905087, 0.005913116503506899, 0.022092103958129883, 1.0]], "wheel_velocity_fl": 134.26742553710938, "wheel_velocity_fr": -192.5244903564453, "wheel_velocity_rl": 182.29840087890625, "wheel_velocity_rr": -208.9483184814453}}, {"current_time": 1.0166667196899652, "current_time_step": 61, "data": {"base_link_transform_matrix": [[0.8791273045231027, -0.4765858027228129, 0.001074748805924808, 0.0], [0.476586891362498, 0.8791264633334637, -0.0012635063223508376, 0.0], [-0.00034267094184161647, 0.001622994099827451, 0.9999986242324425, 0.0], [-0.0031094078440219164, 0.0062647489830851555, 0.021985158324241638, 1.0]], "wheel_velocity_fl": 177.09970092773438, "wheel_velocity_fr": -187.74072265625, "wheel_velocity_rl": 174.1278839111328, "wheel_velocity_rr": -180.1844940185547}}, {"current_time": 1.0333333872258663, "current_time_step": 62, "data": {"base_link_transform_matrix": [[0.8716459645897223, -0.4901356878276633, 0.0005656254556059342, 0.0], [0.4901360141936431, 0.8716453893408531, -0.0010014146002305907, 0.0], [-2.1957865880470047e-06, 0.0011501124015093802, 0.9999993386181025, 0.0], [-0.003109718905761838, 0.0068886736407876015, 0.02216242253780365, 1.0]], "wheel_velocity_fl": 182.30494689941406, "wheel_velocity_fr": -182.59701538085938, "wheel_velocity_rl": 178.43943786621094, "wheel_velocity_rr": -175.12709045410156}}, {"current_time": 1.0500000547617674, "current_time_step": 63, "data": {"base_link_transform_matrix": [[0.8640797071288437, -0.5033548980889435, -0.0003260337419808393, 0.0], [0.5033546381507004, 0.8640796789854286, -0.000645458454225628, 0.0], [0.0006066138055566097, 0.0003936169558714327, 0.9999997385426573, 0.0], [-0.003189883893355727, 0.007597535848617554, 0.02212606370449066, 1.0]], "wheel_velocity_fl": 182.36312866210938, "wheel_velocity_fr": -184.76278686523438, "wheel_velocity_rl": 176.5911407470703, "wheel_velocity_rr": -182.29010009765625}}, {"current_time": 1.0666667222976685, "current_time_step": 64, "data": {"base_link_transform_matrix": [[0.856199778669999, -0.5166448844333079, -4.893198016442949e-05, 0.0], [0.5166445332672692, 0.8561992998174424, -0.0010886859818306888, 0.0], [0.0006043595704225443, 0.0009068522566306713, 0.9999994061840708, 0.0], [-0.0030406066216528416, 0.008020993322134018, 0.022255003452301025, 1.0]], "wheel_velocity_fl": 181.9884490966797, "wheel_velocity_fr": -165.4910888671875, "wheel_velocity_rl": 179.4677734375, "wheel_velocity_rr": -182.31809997558594}}, {"current_time": 1.0833333898335695, "current_time_step": 65, "data": {"base_link_transform_matrix": [[0.8478444698855763, -0.5302448978546568, -0.0003212219649408938, 0.0], [0.5302447074388721, 0.8478444853461311, -0.0005281109912393843, 0.0], [0.0005523744301528339, 0.00027742973658507824, 0.9999998089575969, 0.0], [-0.0032932255417108536, 0.008584335446357727, 0.022235125303268433, 1.0]], "wheel_velocity_fl": 181.7228240966797, "wheel_velocity_fr": -172.484375, "wheel_velocity_rl": 171.26947021484375, "wheel_velocity_rr": -179.62643432617188}}, {"current_time": 1.1000000573694706, "current_time_step": 66, "data": {"base_link_transform_matrix": [[0.8391342267959558, -0.5439239599604957, -0.0006893478414369041, 0.0], [0.5439237835285038, 0.8391345099135943, -0.0004381599127818586, 0.0], [0.0008167812379404046, -7.277706456379647e-06, 0.9999996664076666, 0.0], [-0.0038917993661016226, 0.009010662324726582, 0.022276371717453003, 1.0]], "wheel_velocity_fl": 80.74333190917969, "wheel_velocity_fr": -177.2469482421875, "wheel_velocity_rl": 172.23785400390625, "wheel_velocity_rr": -175.5310516357422}}, {"current_time": 1.1166667249053717, "current_time_step": 67, "data": {"base_link_transform_matrix": [[0.8301234041566576, -0.5575793930406943, -0.0005952543434335423, 0.0], [0.5575794131862795, 0.830123591036001, -0.000146956926882394, 0.0], [0.0005760748272450401, -0.00020990918310024461, 0.9999998120379465, 0.0], [-0.004373626317828894, 0.009359244257211685, 0.022251009941101074, 1.0]], "wheel_velocity_fl": 180.72909545898438, "wheel_velocity_fr": -188.9852294921875, "wheel_velocity_rl": 195.4254913330078, "wheel_velocity_rr": -174.80291748046875}}, {"current_time": 1.1333333924412727, "current_time_step": 68, "data": {"base_link_transform_matrix": [[0.8210017427082174, -0.570925388752006, -0.0005821927866798641, 0.0], [0.5709256835244687, 0.8210012260611497, 0.0009223330240652924, 0.0], [-4.86023486551646e-05, -0.0010896258347931618, 0.999999405176499, 0.0], [-0.0048918877728283405, 0.0097088273614645, 0.02228163182735443, 1.0]], "wheel_velocity_fl": 161.80992126464844, "wheel_velocity_fr": -182.23892211914062, "wheel_velocity_rl": 173.4305877685547, "wheel_velocity_rr": -182.21482849121094}}, {"current_time": 1.1500000599771738, "current_time_step": 69, "data": {"base_link_transform_matrix": [[0.8116609618254987, -0.584128112018562, -0.0009120296797083582, 0.0], [0.5841288236783175, 0.8116600252511605, 0.0012331899571449883, 0.0], [1.9917111434540678e-05, -0.0015336749706976027, 0.9999988237215046, 0.0], [-0.005567451473325491, 0.009872479364275932, 0.02249719202518463, 1.0]], "wheel_velocity_fl": 160.75306701660156, "wheel_velocity_fr": -175.6466064453125, "wheel_velocity_rl": 182.3386688232422, "wheel_velocity_rr": -176.92050170898438}}, {"current_time": 1.1666667275130749, "current_time_step": 70, "data": {"base_link_transform_matrix": [[0.801973230558137, -0.5973599638068091, -0.00010539863830649483, 0.0], [0.5973599136546478, 0.8019730595430056, 0.0005876442313331074, 0.0], [-0.000266508268326099, -0.0005342358640991506, 0.9999998217826763, 0.0], [-0.006045815069228411, 0.009590474888682365, 0.022173210978507996, 1.0]], "wheel_velocity_fl": 182.00608825683594, "wheel_velocity_fr": -191.54212951660156, "wheel_velocity_rl": 182.19924926757812, "wheel_velocity_rr": -169.91082763671875}}, {"current_time": 1.183333395048976, "current_time_step": 71, "data": {"base_link_transform_matrix": [[0.7919281945064708, -0.6106140992490537, -0.0003956564016456239, 0.0], [0.6106141760456892, 0.791927695770