{"Isaac Sim Data": [{"current_time": 0, "current_time_step": 0, "data": {"base_link_transform_matrix": [[1.0, 0.0, 0.0, 0.0], [0.0, 1.0, 0.0, 0.0], [0.0, 0.0, 1.0, 0.0], [0.0, 0.0, 0.025, 1.0]], "wheel_velocity_fl": -92.611083984375, "wheel_velocity_fr": -247.77532958984375, "wheel_velocity_rl": -75.77249145507812, "wheel_velocity_rr": -248.4012451171875}}, {"current_time": 0.01666666753590107, "current_time_step": 1, "data": {"base_link_transform_matrix": [[1.0, 0.0, 0.0, 0.0], [0.0, 1.0, 0.0, 0.0], [0.0, 0.0, 1.0, 0.0], [1.5225348761305213e-05, -2.8168737117084675e-05, 0.022362574562430383, 1.0]], "wheel_velocity_fl": -0.8863129019737244, "wheel_velocity_fr": -0.09667428582906723, "wheel_velocity_rl": -0.03525060787796974, "wheel_velocity_rr": 3.4366328716278076}}, {"current_time": 0.03333333507180214, "current_time_step": 2, "data": {"base_link_transform_matrix": [[0.9999994430781044, -0.00019659542527192305, -0.001036915483431264, 0.0], [0.000197417947133061, 0.9999996659327857, 0.000793196363627448, 0.0], [0.0010367591982553656, -0.0007934006276051151, 0.9999991478225414, 0.0], [-6.105877400841564e-05, 2.3561486159451306e-05, 0.02239227294921875, 1.0]], "wheel_velocity_fl": 7.953821182250977, "wheel_velocity_fr": 2.956193447113037, "wheel_velocity_rl": 2.3464601039886475, "wheel_velocity_rr": 2.591254949569702}}, {"current_time": 0.05000000260770321, "current_time_step": 3, "data": {"base_link_transform_matrix": [[0.999999430542758, -0.0003716604499142952, -0.001000391258353584, 0.0], [0.00037236222569938653, 0.9999996846875985, 0.0007014064987222919, 0.0], [0.001000130257862926, -0.0007017786072168123, 0.9999992536228484, 0.0], [7.142742106225342e-05, -0.00012078398140147328, 0.022369325160980225, 1.0]], "wheel_velocity_fl": 2.5324301719665527, "wheel_velocity_fr": -0.4348456561565399, "wheel_velocity_rl": 0.917576789855957, "wheel_velocity_rr": 1.494320034980774}}, {"current_time": 0.06666667014360428, "current_time_step": 4, "data": {"base_link_transform_matrix": [[0.9999993716092227, -0.0005128924351713123, -0.0009968563134904044, 0.0], [0.0005135672957292165, 0.9999996390607712, 0.0006768507665758834, 0.0], [0.0009965088020479388, -0.0006773622940502539, 0.9999992740750016, 0.0], [0.00011363101657480001, -0.00015478997374884784, 0.02236407995223999, 1.0]], "wheel_velocity_fl": 0.8778163194656372, "wheel_velocity_fr": -0.17733727395534515, "wheel_velocity_rl": 1.7460072040557861, "wheel_velocity_rr": -0.5027574300765991}}, {"current_time": 0.08333333767950535, "current_time_step": 5, "data": {"base_link_transform_matrix": [[0.9999992762460228, -0.0006327511813303181, -0.001023295349861706, 0.0], [0.0006334431751187858, 0.9999995708476558, 0.0006760578734151083, 0.0], [0.0010228671342940566, -0.0006767055835710343, 0.9999992479059066, 0.0], [0.00011032169277314097, -0.00016601555398665369, 0.022362038493156433, 1.0]], "wheel_velocity_fl": -1.1584699153900146, "wheel_velocity_fr": -0.15078432857990265, "wheel_velocity_rl": 1.0114442110061646, "wheel_velocity_rr": -1.9836549758911133}}, {"current_time": 0.10000000521540642, "current_time_step": 6, "data": {"base_link_transform_matrix": [[0.9999992564519042, -0.0006941965992427466, -0.00100259000606661, 0.0], [0.0006948594465356274, 0.9999995401655402, 0.0006609380135160778, 0.0], [0.0010021307241198831, -0.000661634181213594, 0.999999278986851, 0.0], [0.00011940290278289467, -0.0001759819861035794, 0.022358059883117676, 1.0]], "wheel_velocity_fl": -0.22699682414531708, "wheel_velocity_fr": 0.2299562245607376, "wheel_velocity_rl": 0.5634433627128601, "wheel_velocity_rr": -0.9116173386573792}}, {"current_time": 0.11666667275130749, "current_time_step": 7, "data": {"base_link_transform_matrix": [[0.9999992219368917, -0.0007370975359156096, -0.0010063860261462657, 0.0], [0.0007377700958646088, 0.9999995046789961, 0.000668084611400392, 0.0], [0.0010058930841412826, -0.0006688265731033895, 0.9999992704247931, 0.0], [9.779674292076379e-05, -0.00016526477702427655, 0.022357821464538574, 1.0]], "wheel_velocity_fl": -0.48173099756240845, "wheel_velocity_fr": 0.4494889974594116, "wheel_velocity_rl": 0.291944682598114, "wheel_velocity_rr": -0.9917856454849243}}, {"current_time": 0.13333334028720856, "current_time_step": 8, "data": {"base_link_transform_matrix": [[0.9999991862763736, -0.0007823734565947412, -0.001007639997674422, 0.0], [0.0007830507560506116, 0.9999994676605075, 0.0006719450982703648, 0.0], [0.0010071137492586816, -0.0006727335847547686, 0.999999266575441, 0.0], [7.397688750643283e-05, -0.00015449634520336986, 0.02235737442970276, 1.0]], "wheel_velocity_fl": -0.6354719996452332, "wheel_velocity_fr": 0.4250628650188446, "wheel_velocity_rl": 0.2872788608074188, "wheel_velocity_rr": -1.131793737411499}}, {"current_time": 0.15000000782310963, "current_time_step": 9, "data": {"base_link_transform_matrix": [[0.9999991462882958, -0.0008317162643520054, -0.0010078049092828592, 0.0], [0.0008323962257076213, 0.9999994261073104, 0.0006744639154250175, 0.0], [0.001007243368302812, -0.0006753022326300154, 0.9999992647135755, 0.0], [5.150162905920297e-05, -0.00014491243928205222, 0.0223567932844162, 1.0]], "wheel_velocity_fl": -0.6286507844924927, "wheel_velocity_fr": 0.38497549295425415, "wheel_velocity_rl": 0.34435710310935974, "wheel_velocity_rr": -1.1651074886322021}}, {"current_time": 0.1666666753590107, "current_time_step": 10, "data": {"base_link_transform_matrix": [[0.9999991011374356, -0.0008836345747487825, -0.0010084216673398262, 0.0], [0.0008843185014436364, 0.9999993791680266, 0.000677970758460753, 0.0], [0.001007821962876568, -0.0006788619149959038, 0.9999992617204232, 0.0], [2.992387453559786e-05, -0.00013576408673543483, 0.022356241941452026, 1.0]], "wheel_velocity_fl": -0.5875658392906189, "wheel_velocity_fr": 0.3809187412261963, "wheel_velocity_rl": 0.33541420102119446, "wheel_velocity_rr": -1.1195993423461914}}, {"current_time": 0.18333334289491177, "current_time_step": 11, "data": {"base_link_transform_matrix": [[0.9999990532151456, -0.000936221091328838, -0.001008493371600056, 0.0], [0.0009369077373936087, 0.9999993294893755, 0.0006806061202113043, 0.0], [0.0010078554975899061, -0.0006815503410667, 0.9999992598579404, 0.0], [8.737653843127191e-06, -0.0001273506786674261, 0.02235567569732666, 1.0]], "wheel_velocity_fl": -0.5763871073722839, "wheel_velocity_fr": 0.32283055782318115, "wheel_velocity_rl": 0.30602574348449707, "wheel_velocity_rr": -0.8610944747924805}}, {"current_time": 0.20000001043081284, "current_time_step": 12, "data": {"base_link_transform_matrix": [[0.9999990015812125, -0.000989279894834601, -0.0010090400725506993, 0.0], [0.0009899702090770124, 0.9999992761471254, 0.0006838597885482096, 0.0], [0.0010083628134144455, -0.0006848580253813387, 0.9999992570866848, 0.0], [-1.2247342965565622e-05, -0.00011948031897190958, 0.022355124354362488, 1.0]], "wheel_velocity_fl": -0.5834470391273499, "wheel_velocity_fr": 0.3129221796989441, "wheel_velocity_rl": 0.308746337890625, "wheel_velocity_rr": -0.843499481678009}}, {"current_time": 0.2166666779667139, "current_time_step": 13, "data": {"base_link_transform_matrix": [[0.9999989464760255, -0.0010425457350844458, -0.0010100223905129234, 0.0], [0.0010432404220937748, 0.9999992194886196, 0.0006875111441751942, 0.0], [0.00100930484036777, -0.000688564116050724, 0.9999992535913201, 0.0], [-3.336639201734215e-05, -0.00011190591612830758, 0.02235458791255951, 1.0]], "wheel_velocity_fl": -0.5717294216156006, "wheel_velocity_fr": 0.300815224647522, "wheel_velocity_rl": 0.2869548201560974, "wheel_velocity_rr": -0.8458932042121887}}, {"current_time": 0.23333334550261497, "current_time_step": 14, "data": {"base_link_transform_matrix": [[0.9999988884667563, -0.0010959738493100616, -0.001010893947628421, 0.0], [0.0010966729266916444, 0.9999991597413957, 0.0006912488656831968, 0.0], [0.0010101355075359294, -0.0006923567173612235, 0.999999250133935, 0.0], [-5.4580814321525395e-05, -0.00010478697367943823, 0.022354066371917725, 1.0]], "wheel_velocity_fl": -0.572840690612793, "wheel_velocity_fr": 0.2933967113494873, "wheel_velocity_rl": 0.28052836656570435, "wheel_velocity_rr": -0.8486520648002625}}, {"current_time": 0.25000001303851604, "current_time_step": 15, "data": {"base_link_transform_matrix": [[0.9999988290209864, -0.001148352192013039, -0.0010115551883740459, 0.0], [0.0011490550705698752, 0.9999990986411428, 0.000694542544941839, 0.0], [0.0010107566971458868, -0.0006957040642654573, 0.9999992471830937, 0.0], [-7.587135769426823e-05, -9.795938967727125e-05, 0.02235330641269684, 1.0]], "wheel_velocity_fl": -0.5282683372497559, "wheel_velocity_fr": 0.35286271572113037, "wheel_velocity_rl": 0.15242819488048553, "wheel_velocity_rr": -1.1178712844848633}}, {"current_time": 0.2666666805744171, "current_time_step": 16, "data": {"base_link_transform_matrix": [[0.9999987651176209, -0.0012016014539822705, -0.0010128756977119955, 0.0], [0.0012023099635961744, 0.9999990327953504, 0.0006991846073794189, 0.0], [0.001012034576813082, -0.0007004015345119111, 0.999999242611566, 0.0], [-9.692848834674805e-05, -9.228193084709346e-05, 0.022352799773216248, 1.0]], "wheel_velocity_fl": -0.42835748195648193, "wheel_velocity_fr": 0.33046022057533264, "wheel_velocity_rl": 0.3283664584159851, "wheel_velocity_rr": -1.0324804782867432}}, {"current_time": 0.2833333481103182, "current_time_step": 17, "data": {"base_link_transform_matrix": [[0.9999986940458542, -0.001258538225163954, -0.0010138974907910416, 0.0], [0.0012592515579279038, 0.9999989598800658, 0.0007032242177630234, 0.0], [0.0010130114016571345, -0.0007045000513792987, 0.999999238743499, 0.0], [-0.00011926412116736174, -8.490287291351706e-05, 0.022352367639541626, 1.0]], "wheel_velocity_fl": -0.5829272270202637, "wheel_velocity_fr": 0.3507274389266968, "wheel_velocity_rl": 0.37239670753479004, "wheel_velocity_rr": -1.163163185119629}}, {"current_time": 0.30000001564621925, "current_time_step": 18, "data": {"base_link_transform_matrix": [[0.9999986169777705, -0.0013177144285906185, -0.0010147271706629484, 0.0], [0.0013184324488891399, 0.9999988807619038, 0.000707255835926794, 0.0], [0.001013794073721936, -0.0007085927070048225, 0.9999992350586833, 0.0], [-0.0001417191670043394, -7.660908158868551e-05, 0.022351637482643127, 1.0]], "wheel_velocity_fl": -0.6005412936210632, "wheel_velocity_fr": 0.3337760269641876, "wheel_velocity_rl": 0.3741908669471741, "wheel_velocity_rr": -1.1937806606292725}}, {"current_time": 0.3166666831821203, "current_time_step": 19, "data": {"base_link_transform_matrix": [[0.9999985372587827, -0.0013765081460851713, -0.001015236730359372, 0.0], [0.0013772305113875334, 0.9999987987370649, 0.0007111684370281893, 0.0], [0.0010142565816463095, -0.0007125656117741364, 0.9999992317666226, 0.0], [-0.00016427921946160495, -6.860794383101165e-05, 0.02235087752342224, 1.0]], "wheel_velocity_fl": -0.5625835061073303, "wheel_velocity_fr": 0.32212305068969727, "wheel_velocity_rl": 0.3673252761363983, "wheel_velocity_rr": -1.1825809478759766}}, {"current_time": 0.3333333507180214, "current_time_step": 20, "data": {"base_link_transform_matrix": [[0.9999984539756451, -0.0014355901052522495, -0.0010154444195888627, 0.0], [0.001436316122075052, 0.9999987131656453, 0.0007146069206400859, 0.0], [0.0010144172302556827, -0.000716064315031309, 0.9999992291044927, 0.0], [-0.0001872106658993289, -6.036607373971492e-05, 0.0223502516746521, 1.0]], "wheel_velocity_fl": -0.5993258953094482, "wheel_velocity_fr": 0.341860830783844, "wheel_velocity_rl": 0.3426840007305145, "wheel_velocity_rr": -1.1710494756698608}}, {"current_time": 0.35000001825392246, "current_time_step": 21, "data": {"base_link_transform_matrix": [[0.9999983659415904, -0.00149486876024184, -0.0010166029405472828, 0.0], [0.0014956002601009628, 0.9999986229833497, 0.0007191740166709919, 0.0], [0.0010155264698974078, -0.0007206932731209438, 0.9999992246532969, 0.0], [-0.00021001284767407924, -5.264523497316986e-05, 0.022349610924720764, 1.0]], "wheel_velocity_fl": -0.5663211345672607, "wheel_velocity_fr": 0.33770468831062317, "wheel_velocity_rl": 0.3418453633785248, "wheel_velocity_rr": -1.176060676574707}}, {"current_time": 0.36666668578982353, "current_time_step": 22, "data": {"base_link_transform_matrix": [[0.9999982737986258, -0.00155478905016457, -0.0010173646239643383, 0.0], [0.001555525350269663, 0.9999985285574101, 0.0007233421730893856, 0.0], [0.0010162384824804597, -0.0007249234609181764, 0.9999992208723577, 0.0], [-0.00023335505102295429, -4.5127118937671185e-05, 0.02234897017478943, 1.0]], "wheel_velocity_fl": -0.5780444741249084, "wheel_velocity_fr": 0.306071013212204, "wheel_velocity_rl": 0.32522478699684143, "wheel_velocity_rr": -1.1745421886444092}}, {"current_time": 0.3833333533257246, "current_time_step": 23, "data": {"base_link_transform_matrix": [[0.999998178891762, -0.0016141994948551078, -0.0010181223651493053, 0.0], [0.0016149408989895575, 0.9999984311308904, 0.000727806052949621, 0.0], [0.001016945943685553, -0.000729448934983678, 0.9999992168622928, 0.0], [-0.00025708842440508306, -3.774018841795623e-05, 0.02234816551208496, 1.0]], "wheel_velocity_fl": -0.6174580454826355, "wheel_velocity_fr": 0.3199981153011322, "wheel_velocity_rl": 0.3170146942138672, "wheel_velocity_rr": -1.1779199838638306}}, {"current_time": 0.40000002086162567, "current_time_step": 24, "data": {"base_link_transform_matrix": [[0.9999821957318152, -0.005967132857959919, -3.9304364776236576e-05, 0.0], [0.005967142615701038, 0.999982164439075, 0.0002530074047543871, 0.0], [3.7793934962626914e-05, -0.00025323743489273946, 0.9999999672212095, 0.0], [-1.0641786502674222e-05, -0.0005048122256994247, 0.022280007600784302, 1.0]], "wheel_velocity_fl": 111.64086151123047, "wheel_velocity_fr": -315.7254333496094, "wheel_velocity_rl": 180.97752380371094, "wheel_velocity_rr": -169.94027709960938}}, {"current_time": 0.41666668839752674, "current_time_step": 25, "data": {"base_link_transform_matrix": [[0.9998655532485994, -0.01639726494743225, 7.161784630782298e-05, 0.0], [0.01639727981151858, 0.9998655330649192, -0.00021214049060486675, 0.0], [-6.812969224500662e-05, 0.00021328630687047213, 0.9999999749336479, 0.0], [0.00030218344181776047, -0.0006236487533897161, 0.022251978516578674, 1.0]], "wheel_velocity_fl": 145.43563842773438, "wheel_velocity_fr": -182.82774353027344, "wheel_velocity_rl": 180.8986358642578, "wheel_velocity_rr": -157.978515625}}, {"current_time": 0.4333333559334278, "current_time_step": 26, "data": {"base_link_transform_matrix": [[0.999537869962903, -0.03039744042839507, 0.00020524479285844187, 0.0], [0.030397627204044157, 0.9995374066907162, -0.0009782056847896408, 0.0], [-0.00017541489896038967, 0.0009839925812591226, 0.9999995004939819, 0.0], [0.0005227531073614955, -0.0006374347140081227, 0.022099316120147705, 1.0]], "wheel_velocity_fl": 172.54638671875, "wheel_velocity_fr": -179.1754608154297, "wheel_velocity_rl": 42.10429000854492, "wheel_velocity_rr": -239.15792846679688}}, {"current_time": 0.4500000234693289, "current_time_step": 27, "data": {"base_link_transform_matrix": [[0.9989621216604209, -0.0455468232544207, 0.00040789599305094093, 0.0], [0.045547296042580766, 0.9989614181963247, -0.0012364377854300907, 0.0], [-0.0003511565464166944, 0.0012537330729844292, 0.9999991524208716, 0.0], [0.0008199580479413271, -0.0003317274968139827, 0.02221880853176117, 1.0]], "wheel_velocity_fl": 175.63711547851562, "wheel_velocity_fr": -169.6435546875, "wheel_velocity_rl": 171.02279663085938, "wheel_velocity_rr": -185.18667602539062}}, {"current_time": 0.46666669100522995, "current_time_step": 28, "data": {"base_link_transform_matrix": [[0.998132208304622, -0.06108974778075894, 0.0003707573627153568, 0.0], [0.06109005273893914, 0.9981318740319871, -0.0008760694876327734, 0.0], [-0.00031654587722033137, 0.00089708275916083, 0.999999547520513, 0.0], [0.0010839099995791912, 9.660373325459659e-05, 0.02212497591972351, 1.0]], "wheel_velocity_fl": 182.2604217529297, "wheel_velocity_fr": -180.4361572265625, "wheel_velocity_rl": 177.1885223388672, "wheel_velocity_rr": -183.44786071777344}}, {"current_time": 0.483333358541131, "current_time_step": 29, "data": {"base_link_transform_matrix": [[0.9970270520471796, -0.0770511990006351, 0.0004125756599232275, 0.0], [0.0770516880940696, 0.9970261969330768, -0.0013416374397589774, 0.0], [-0.0003079739678028383, 0.0013694384725426282, 0.9999990148946674, 0.0], [0.0012838204856961966, 0.0003865109756588936, 0.021815717220306396, 1.0]], "wheel_velocity_fl": 181.98074340820312, "wheel_velocity_fr": -204.90057373046875, "wheel_velocity_rl": 174.13536071777344, "wheel_velocity_rr": -183.26858520507812}}, {"current_time": 0.5000000260770321, "current_time_step": 30, "data": {"base_link_transform_matrix": [[0.9956620367791184, -0.09304338839794464, -0.00019076762486516262, 0.0], [0.09304319129508044, 0.9956616987296388, -0.0008638497769009465, 0.0], [0.00027031552774553887, 0.0008423527997271459, 0.9999996086855616, 0.0], [0.00109010748565197, 0.0007451348938047886, 0.021855220198631287, 1.0]], "wheel_velocity_fl": 159.2238311767578, "wheel_velocity_fr": -208.3072967529297, "wheel_velocity_rl": 177.92738342285156, "wheel_velocity_rr": -175.11985778808594}}, {"current_time": 0.5166666936129332, "current_time_step": 31, "data": {"base_link_transform_matrix": [[0.9940760829276789, -0.10868492282360283, 0.0005734997733629785, 0.0], [0.10868550524646407, 0.9940755682058944, -0.0011070887268611596, 0.0], [-0.00044977826023396867, 0.0011628615376782206, 0.9999992227259783, 0.0], [0.0011449307203292847, 0.0007853179704397917, 0.022450879216194153, 1.0]], "wheel_velocity_fl": 182.6407928466797, "wheel_velocity_fr": -177.0649871826172, "wheel_velocity_rl": 175.33413696289062, "wheel_velocity_rr": -182.23353576660156}}, {"current_time": 0.5333333611488342, "current_time_step": 32, "data": {"base_link_transform_matrix": [[0.9921726034123276, -0.12487400435933814, -8.985136675135039e-05, 0.0], [0.12487402710550279, 0.9921725522997505, 0.00032220715845756524, 0.0], [4.8912761767468314e-05, -0.00033090521725210546, 0.9999999440546379, 0.0], [0.0008684122003614902, 0.0010695867240428925, 0.022041305899620056, 1.0]], "wheel_velocity_fl": 171.63739013671875, "wheel_velocity_fr": -178.40269470214844, "wheel_velocity_rl": 191.77757263183594, "wheel_velocity_rr": -195.6273956298828}}, {"current_time": 0.5500000286847353, "current_time_step": 33, "data": {"base_link_transform_matrix": [[0.9899806094220487, -0.14120176843498872, 0.0006734680251125816, 0.0], [0.14120155125043737, 0.9899808039994478, 0.00036005149213657727, 0.0], [-0.0007175603243862149, -0.00026134926574522175, 0.9999997084018286, 0.0], [0.001014519832096994, 0.0008326604729518294, 0.02216947078704834, 1.0]], "wheel_velocity_fl": 166.6436309814453, "wheel_velocity_fr": -167.1086883544922, "wheel_velocity_rl": 205.7743377685547, "wheel_velocity_rr": -190.98434448242188}}, {"current_time": 0.5666666962206364, "current_time_step": 34, "data": {"base_link_transform_matrix": [[0.987513536543015, -0.1575329651777608, -0.0006164629833607633, 0.0], [0.157533452962658, 0.9875132901833313, 0.0008443393592600737, 0.0], [0.0004757541060942896, -0.0009309100890978613, 0.999999453532069, 0.0], [0.0005759918713010848, 0.0006507689831778407, 0.022395849227905273, 1.0]], "wheel_velocity_fl": 168.37135314941406, "wheel_velocity_fr": -168.98497009277344, "wheel_velocity_rl": 182.5277099609375, "wheel_velocity_rr": -169.5396270751953}}, {"current_time": 0.5833333637565374, "current_time_step": 35, "data": {"base_link_transform_matrix": [[0.9847654797434798, -0.17388771545090878, -0.00011099935974118633, 0.0], [0.17388775077028604, 0.9847652559723578, 0.0006638988986726887, 0.0], [-6.1355498722710425e-06, -0.000673086146454915, 0.9999997734586715, 0.0], [0.000654765812214464, 0.0002448672312311828, 0.022182852029800415, 1.0]], "wheel_velocity_fl": 181.5032501220703, "wheel_velocity_fr": -191.7276153564453, "wheel_velocity_rl": 182.07717895507812, "wheel_velocity_rr": -149.48008728027344}}, {"current_time": 0.6000000312924385, "current_time_step": 36, "data": {"base_link_transform_matrix": [[0.9817753466279817, -0.19004481575194007, 0.00036980983981417694, 0.0], [0.19004428725999292, 0.9817748484962373, 0.0011470571178428073, 0.0], [-0.000581062258073369, -0.0010558721520429984, 0.9999992737500617, 0.0], [0.0006329625612124801, 0.00013696876703761518, 0.02231590449810028, 1.0]], "wheel_velocity_fl": 162.9461212158203, "wheel_velocity_fr": -182.19081115722656, "wheel_velocity_rl": 203.02926635742188, "wheel_velocity_rr": -172.5123291015625}}, {"current_time": 0.6166666988283396, "current_time_step": 37, "data": {"base_link_transform_matrix": [[0.9786096566291271, -0.20572410619609988, -0.0008556179273644889, 0.0], [0.20572525463825525, 0.9786084916573381, 0.0015936311287994228, 0.0], [0.0005094666297545973, -0.001735565027728007, 0.9999983641275558, 0.0], [0.0001963331742445007, -8.763506775721908e-05, 0.022231921553611755, 1.0]], "wheel_velocity_fl": 172.29617309570312, "wheel_velocity_fr": -190.6010284423828, "wheel_velocity_rl": 182.22792053222656, "wheel_velocity_rr": -167.55799865722656}}, {"current_time": 0.6333333663642406, "current_time_step": 38, "data": {"base_link_transform_matrix": [[0.975225200004699, -0.22121095068441282, -0.001234736041822771, 0.0], [0.22121295988956646, 0.9752237914855512, 0.0018392654629461331, 0.0], [0.0007972783025709442, -0.002066837643457321, 0.9999975462617215, 0.0], [8.006300777196884e-05, -0.0003149450640194118, 0.022131547331809998, 1.0]], "wheel_velocity_fl": 259.0134582519531, "wheel_velocity_fr": -202.30105590820312, "wheel_velocity_rl": 182.74685668945312, "wheel_velocity_rr": -158.02796936035156}}, {"current_time": 0.6500000339001417, "current_time_step": 39, "data": {"base_link_transform_matrix": [[0.9710269697429796, -0.2388247354714407, 0.00832885098694906, 0.0], [0.23879768420017747, 0.971060608351957, 0.0041183646948219285, 0.0], [-0.00907138646507532, -0.00201013286217761, 0.9999568337250752, 0.0], [0.003367957891896367, -0.002111575100570917, 0.026266232132911682, 1.0]], "wheel_velocity_fl": 153.21051025390625, "wheel_velocity_fr": -182.01284790039062, "wheel_velocity_rl": 183.25852966308594, "wheel_velocity_rr": -182.3883514404297}}, {"current_time": 0.6666667014360428, "current_time_step": 40, "data": {"base_link_transform_matrix": [[0.9657056565824964, -0.2591019839430604, 0.016695710866555052, 0.0], [0.25907541944567425, 0.9658497275416411, 0.003772379459397952, 0.0], [-0.01710297879369227, 0.0006824401129802286, 0.9998535004648804, 0.0], [0.006152044981718063, -0.004928098060190678, 0.02792075276374817, 1.0]], "wheel_velocity_fl": 182.30503845214844, "wheel_velocity_fr": -182.2415008544922, "wheel_velocity_rl": 182.3046875, "wheel_velocity_rr": -159.75173950195312}}, {"current_time": 0.6833333689719439, "current_time_step": 41, "data": {"base_link_transform_matrix": [[0.9594993430816267, -0.28088036412850165, 0.02161554239354671, 0.0], [0.2809251473916076, 0.9597291621340389, 0.0009984550561355334, 0.0], [-0.021025512810164675, 0.005114332462398079, 0.9997658582960981, 0.0], [0.007400439120829105, -0.007844822481274605, 0.028948917984962463, 1.0]], "wheel_velocity_fl": 182.25927734375, "wheel_velocity_fr": -182.2872772216797, "wheel_velocity_rl": 182.1268768310547, "wheel_velocity_rr": -170.4129180908203}}, {"current_time": 0.7000000365078449, "current_time_step": 42, "data": {"base_link_transform_matrix": [[0.9528441680699324, -0.30251623694798285, 0.023914802067970364, 0.0], [0.3026193095893401, 0.9531112331888639, -0.0007284455190604503, 0.0], [-0.022573099893223036, 0.007931175955368339, 0.9997137348307142, 0.0], [0.007726268842816353, -0.010460338555276394, 0.029178619384765625, 1.0]], "wheel_velocity_fl": 182.25791931152344, "wheel_velocity_fr": -182.28810119628906, "wheel_velocity_rl": 196.68797302246094, "wheel_velocity_rr": -172.62478637695312}}, {"current_time": 0.716666704043746, "current_time_step": 43, "data": {"base_link_transform_matrix": [[0.9460761173175307, -0.32307648960068436, 0.023697301717383747, 0.0], [0.3231891628341028, 0.9463338715040958, -0.0009842106793862362, 0.0], [-0.02210758394708881, 0.00858984932164458, 0.9997186950440878, 0.0], [0.007356941234320402, -0.012861400842666626, 0.028766587376594543, 1.0]], "wheel_velocity_fl": 182.61109924316406, "wheel_velocity_fr": -181.9351348876953, "wheel_velocity_rl": 171.9026336669922, "wheel_velocity_rr": -177.63644409179688}}, {"current_time": 0.7333333715796471, "current_time_step": 44, "data": {"base_link_transform_matrix": [[0.9389612808302717, -0.3433815029356274, 0.020996584085162435, 0.0], [0.3434712456976584, 0.939162920510795, -0.0007156231781062002, 0.0], [-0.01947348146773795, 0.007883665347032798, 0.9997792913139488, 0.0], [0.006566328927874565, -0.015118850395083427, 0.027881324291229248, 1.0]], "wheel_velocity_fl": 182.58160400390625, "wheel_velocity_fr": -181.9647674560547, "wheel_velocity_rl": 189.9311065673828, "wheel_velocity_rr": -181.42994689941406}}, {"current_time": 0.7500000391155481, "current_time_step": 45, "data": {"base_link_transform_matrix": [[0.9315928487438642, -0.36316119874537045, 0.015770475424579124, 0.0], [0.3632077876986498, 0.9317081590259085, -9.674505108885675e-05, 0.0], [-0.014658346576071837, 0.005818086487663047, 0.9998756336391431, 0.0], [0.00522941118106246, -0.01719498820602894, 0.02650374174118042, 1.0]], "wheel_velocity_fl": 182.26698303222656, "wheel_velocity_fr": -182.279296875, "wheel_velocity_rl": 182.29644775390625, "wheel_velocity_rr": -189.54391479492188}}, {"current_time": 0.7666667066514492, "current_time_step": 46, "data": {"base_link_transform_matrix": [[0.9237313685984064, -0.382944593235076, 0.008590528466693986, 0.0], [0.38296298247967453, 0.923763529488832, -0.0005437247541245501, 0.0], [-0.007727400441767454, 0.003792110013949977, 0.9999629529057837, 0.0], [0.00372491218149662, -0.019496683031320572, 0.024369925260543823, 1.0]], "wheel_velocity_fl": 182.3941650390625, "wheel_velocity_fr": -182.15211486816406, "wheel_velocity_rl": 159.0094757080078, "wheel_velocity_rr": -183.73890686035156}}, {"current_time": 0.7833333741873503, "current_time_step": 47, "data": {"base_link_transform_matrix": [[0.9153685741107547, -0.4026167589834779, 0.0003448421143275831, 0.0], [0.40261671538762195, 0.9153669685993804, -0.0017587744777329663, 0.0], [0.0003924549991702652, 0.0017487660852627072, 0.9999983938968365, 0.0], [0.0024172819685190916, -0.02172907441854477, 0.02177339792251587, 1.0]], "wheel_velocity_fl": 240.4239501953125, "wheel_velocity_fr": -329.1612548828125, "wheel_velocity_rl": 133.10980224609375, "wheel_velocity_rr": -156.9608612060547}}, {"current_time": 0.8000000417232513, "current_time_step": 48, "data": {"base_link_transform_matrix": [[0.9078695042112643, -0.41925094600286683, -0.0012679112328844366, 0.0], [0.41925015357429385, 0.907870357900544, -0.0008496902194863967, 0.0], [0.0015073324531139688, 0.00023983585919290295, 0.9999988352131398, 0.0], [0.003339560702443123, -0.023391999304294586, 0.022167563438415527, 1.0]], "wheel_velocity_fl": 261.2661437988281, "wheel_velocity_fr": -182.55838012695312, "wheel_velocity_rl": 181.09878540039062, "wheel_velocity_rr": -182.2776641845703}}, {"current_time": 0.8166667092591524, "current_time_step": 49, "data": {"base_link_transform_matrix": [[0.9006591091113676, -0.4345261815384886, 0.00040832866440322586, 0.0], [0.43452631036895034, 0.9006590869353178, -0.0003077628733940749, 0.0], [-0.0002340338958556866, 0.0004546189833296772, 0.9999998692748493, 0.0], [0.004570565186440945, -0.024904949590563774, 0.02226017415523529, 1.0]], "wheel_velocity_fl": 181.9959259033203, "wheel_velocity_fr": -168.76739501953125, "wheel_velocity_rl": 201.4253692626953, "wheel_velocity_rr": -182.2204132080078}}, {"current_time": 0.8333333767950535, "current_time_step": 50, "data": {"base_link_transform_matrix": [[0.8931082188628645, -0.4498418670483971, -6.363971994513093e-05, 0.0], [0.44984186909069623, 0.8931082198359184, 2.178315206765479e-05, 0.0], [4.70381831947393e-05, -4.808252271288825e-05, 0.9999999977377402, 0.0], [0.00471088383346796, -0.025945989415049553, 0.022036060690879822, 1.0]], "wheel_velocity_fl": 200.8121337890625, "wheel_velocity_fr": -179.80006408691406, "wheel_velocity_rl": 178.71128845214844, "wheel_velocity_rr": -158.3289031982422}}, {"current_time": 0.8500000443309546, "current_time_step": 51, "data": {"base_link_transform_matrix": [[0.8854094976856567, -0.46481168342757667, -0.00034692543210362083, 0.0], [0.4648117782880386, 0.8854094731609246, 0.000274957460827169, 0.0], [0.00017936762382694463, -0.00040470497430533745, 0.9999999020205649, 0.0], [0.004664757754653692, -0.026411157101392746, 0.022096574306488037, 1.0]], "wheel_velocity_fl": 172.7618865966797, "wheel_velocity_fr": -174.91709899902344, "wheel_velocity_rl": 185.90591430664062, "wheel_velocity_rr": -182.21917724609375}}, {"current_time": 0.8666667118668556, "current_time_step": 52, "data": {"base_link_transform_matrix": [[0.8775575296231128, -0.4794710716032479, -0.0005231609815467262, 0.0], [0.4794713568203905, 0.8775569754569434, 0.0009863141868955668, 0.0], [-1.3805551485072704e-05, -0.001116388146941999, 0.9999993767432618, 0.0], [0.004441218450665474, -0.026743441820144653, 0.022148624062538147, 1.0]], "wheel_velocity_fl": 187.1463623046875, "wheel_velocity_fr": -186.54933166503906, "wheel_velocity_rl": 170.5970916748047, "wheel_velocity_rr": -177.95172119140625}}, {"current_time": 0.8833333794027567, "current_time_step": 53, "data": {"base_link_transform_matrix": [[0.8694511246052866, -0.4940188322149952, -0.0003678852194852598, 0.0], [0.49401895812764607, 0.8694510216698861, 0.0004358069140170271, 0.0], [0.00010456135720479689, -0.0005606550843435321, 0.9999998373663863, 0.0], [0.004243218805640936, -0.027169229462742805, 0.022092878818511963, 1.0]], "wheel_velocity_fl": 160.42086791992188, "wheel_velocity_fr": -175.95758056640625, "wheel_velocity_rl": 203.3699493408203, "wheel_velocity_rr": -182.25283813476562}}, {"current_time": 0.9000000469386578, "current_time_step": 54, "data": {"base_link_transform_matrix": [[0.8612292744477156, -0.5082165621960176, 0.00025048737030274255, 0.0], [0.5082148636730209, 0.8612274841210529, 0.0022074728388956607, 0.0], [-0.0013376008650545657, -0.0017738388266549268, 0.9999975321568263, 0.0], [0.004400084260851145, -0.02722100540995598, 0.02269144356250763, 1.0]], "wheel_velocity_fl": 164.88186645507812, "wheel_velocity_fr": -181.5183563232422, "wheel_velocity_rl": 178.0239715576172, "wheel_velocity_rr": -177.172607421875}}, {"current_time": 0.9166667144745588, "current_time_step": 55, "data": {"base_link_transform_matrix": [[0.8525436251246812, -0.5226548053574337, -0.0011496504035149353, 0.0], [0.5226560407240811, 0.8525407820615027, 0.002208623233829712, 0.0], [-0.00017422369227522878, -0.002483819386421737, 0.9999969001388758, 0.0], [0.003934727516025305, -0.027526039630174637, 0.022150933742523193, 1.0]], "wheel_velocity_fl": 182.86477661132812, "wheel_velocity_fr": -179.4599151611328, "wheel_velocity_rl": 182.24981689453125, "wheel_velocity_rr": -174.55288696289062}}, {"current_time": 0.9333333820104599, "current_time_step": 56, "data": {"base_link_transform_matrix": [[0.8439180157545784, -0.536471666419719, -0.0007306255572812892, 0.0], [0.5364721639326494, 0.8439172412305588, 0.0011433631196659962, 0.0], [3.205586543299655e-06, -0.0013568650089746833, 0.9999990794531121, 0.0], [0.003948829136788845, -0.02816174551844597, 0.022155702114105225, 1.0]], "wheel_velocity_fl": 179.08193969726562, "wheel_velocity_fr": -180.30422973632812, "wheel_velocity_rl": 182.26747131347656, "wheel_velocity_rr": -181.95858764648438}}, {"current_time": 0.950000049546361, "current_time_step": 57, "data": {"base_link_transform_matrix": [[0.8352741208455392, -0.549833707939631, -0.00019146557931697345, 0.0], [0.5498335793525181, 0.8352735569706791, 0.0010583203427694916, 0.0], [-0.0004219740627793508, -0.0009892617986783918, 0.9999994216493248, 0.0], [0.004204531200230122, -0.02808227576315403, 0.02231389284133911, 1.0]], "wheel_velocity_fl": 190.85977172851562, "wheel_velocity_fr": -77.66404724121094, "wheel_velocity_rl": 177.07492065429688, "wheel_velocity_rr": -180.1604461669922}}, {"current_time": 0.966666717082262, "current_time_step": 58, "data": {"base_link_transform_matrix": [[0.8268178863756342, -0.5624696571078682, -0.00026000439578450346, 0.0], [0.5624697112696719, 0.8268177221813503, 0.0005274382004400496, 0.0], [-8.169174146742438e-05, -0.0005823399355073652, 0.9999998271033145, 0.0], [0.004037000238895416, -0.027950232848525047, 0.022500276565551758, 1.0]], "wheel_velocity_fl": 176.0408172607422, "wheel_velocity_fr": -167.99012756347656, "wheel_velocity_rl": 182.53297424316406, "wheel_velocity_rr": -195.1631317138672}}, {"current_time": 0.9833333846181631, "current_time_step": 59, "data": {"base_link_transform_matrix": [[0.8183281375573772, -0.5747511184115714, -0.0004595285867865104, 0.0], [0.5747511475939626, 0.8183282422709038, -7.900149356752408e-05, 0.0], [0.0004214514174823566, -0.00019946543751241558, 0.9999998912961151, 0.0], [0.003830371890217066, -0.02802136540412903, 0.022386521100997925, 1.0]], "wheel_velocity_fl": 178.29200744628906, "wheel_velocity_fr": -182.4432830810547, "wheel_velocity_rl": 182.2268829345703, "wheel_velocity_rr": -178.6825714111328}}, {"current_time": 1.0000000521540642, "current_time_step": 60, "data": {"base_link_transform_matrix": [[0.8096106621380298, -0.5869672415221259, -0.00018202287569627645, 0.0], [0.586967269599421, 0.809610629925084, 0.00022876037533204197, 0.0], [1.3092808575022763e-05, -0.0002920483092955969, 0.9999999572681808, 0.0], [0.003866464365273714, -0.027954809367656708, 0.0223151296377182, 1.0]], "wheel_velocity_fl": 177.77438354492188, "wheel_velocity_fr": -182.5327911376953, "wheel_velocity_rl": 182.4116973876953, "wheel_velocity_rr": -174.54660034179688}}, {"current_time": 1.0166667196899652, "current_time_step": 61, "data": {"base_link_transform_matrix": [[0.8005194062026163, -0.5993068319221103, 3.878780847670413e-05, 0.0], [0.5993066742137924, 0.8005191450522194, -0.0007801587447319815, 0.0], [0.0004365040824214337, 0.0006477780075748394, 0.999999694923873, 0.0], [0.0037831685040146112, -0.02807745523750782, 0.022169753909111023, 1.0]], "wheel_velocity_fl": 173.74346923828125, "wheel_velocity_fr": -173.71131896972656, "wheel_velocity_rl": 182.22064208984375, "wheel_velocity_rr": -177.53587341308594}}, {"current_time": 1.0333333872258663, "current_time_step": 62, "data": {"base_link_transform_matrix": [[0.7912150858360361, -0.6115379647032296, 7.531338344467041e-05, 0.0], [0.611537724380636, 0.7912146526735409, -0.0009924988873563868, 0.0], [0.0005473616970203005, 0.0008313370674790139, 0.9999995046368038, 0.0], [0.0039293174631893635, -0.02799222804605961, 0.02226993441581726, 1.0]], "wheel_velocity_fl": 171.07008361816406, "wheel_velocity_fr": -176.3805694580078, "wheel_velocity_rl": 176.52615356445312, "wheel_velocity_rr": -168.13372802734375}}, {"current_time": 1.0500000547617674, "current_time_step": 63, "data": {"base_link_transform_matrix": [[0.7815075290361878, -0.6238957466834091, 0.0002816560019890853, 0.0], [0.6238956163537609, 0.781506850579718, -0.001141223699010764, 0.0], [0.0004918885167657578, 0.001067598858052157, 0.9999993091389441, 0.0], [0.004279256332665682, -0.02785920910537243, 0.022181689739227295, 1.0]], "wheel_velocity_fl": 176.42129516601562, "wheel_velocity_fr": -180.5951385498047, "wheel_velocity_rl": 179.8594970703125, "wheel_velocity_rr": -182.36428833007812}}, {"current_time": 1.0666667222976685, "current_time_step": 64, "data": {"base_link_transform_matrix": [[0.7714439081265619, -0.6362972872275088, 0.00024265475427052535, 0.0], [0.6362970867443816, 0.7714432170209976, -0.0011748671869816875, 0.0], [0.0005603704396691684, 0.0010607446474818222, 0.9999992804026226, 0.0], [0.004689731169492006, -0.02769225463271141, 0.02183288335800171, 1.0]], "wheel_velocity_fl": 168.49423217773438, "wheel_velocity_fr": -47.06245040893555, "wheel_velocity_rl": 172.7619171142578, "wheel_velocity_rr": -175.82656860351562}}, {"current_time": 1.0833333898335695, "current_time_step": 65, "data": {"base_link_transform_matrix": [[0.7611890474751645, -0.6485297363253508, -0.0006442869103509911, 0.0], [0.6485296693820422, 0.7611893029243857, -0.0003362212173509803, 0.0], [0.0007084737616089967, -0.0001619112687807727, 0.9999997359248002, 0.0], [0.005050175823271275, -0.027322039008140564, 0.021625086665153503, 1.0]], "wheel_velocity_fl": 177.6000518798828, "wheel_velocity_fr": -180.76304626464844, "wheel_velocity_rl": 227.42164611816406, "wheel_velocity_rr": -176.63766479492188}}, {"current_time": 1.1000000573694706, "current_time_step": 66, "data": {"base_link_transform_matrix": [[0.7510445422265934, -0.6602506903019015, 0.0010590314014793864, 0.0], [0.6602505232901458, 0.7510452343575735, 0.0005499489668432075, 0.0], [-0.0011584846721051606, 0.00028618986695671666, 0.9999992880040588, 0.0], [0.005485266447067261, -0.0273616723716259, 0.022284716367721558, 1.0]], "wheel_velocity_fl": 182.45408630371094, "wheel_velocity_fr": -174.98941040039062, "wheel_velocity_rl": 176.615478515625, "wheel_velocity_rr": -182.13259887695312}}, {"current_time": 1.1166667249053717, "current_time_step": 67, "data": {"base_link_transform_matrix": [[0.7401413550922386, -0.6724513120299559, 8.620565992319322e-05, 0.0], [0.6724512178186318, 0.7401413090550161, 0.0004497605652849365, 0.0], [-0.00036624645220869397, -0.00027491729325883395, 0.9999998951420036, 0.0], [0.004835502710193396, -0.027272244915366173, 0.022038534283638, 1.0]], "wheel_velocity_fl": 182.06448364257812, "wheel_velocity_fr": -182.1199951171875, "wheel_velocity_rl": 184.8581085205078, "wheel_velocity_rr": -188.04971313476562}}, {"current_time": 1.1333333924412727, "current_time_step": 68, "data": {"base_link_transform_matrix": [[0.7290057454845118, -0.6845075439770075, 0.00021281244415724562, 0.0], [0.6845074100954293, 0.7290053152879101, -0.0009250980610502382, 0.0], [0.0004780951987573466, 0.0008200734966283596, 0.999999549452119, 0.0], [0.004490075167268515, -0.027619216591119766, 0.022093385457992554, 1.0]], "wheel_velocity_fl": 125.39579772949219, "wheel_velocity_fr": -180.02310180664062, "wheel_velocity_rl": 195.0455322265625, "wheel_velocity_rr": -182.23963928222656}}, {"current_time": 1.1500000599771738, "current_time_step": 69, "data": {"base_link_transform_matrix": [[0.7179050238071256, -0.6961405382935392, -0.0008530749510669355, 0.0], [0.6961406914175677, 0.7179053663608644, -0.00015067496067952603, 0.0], [0.000717318033513788, -0.0004856898750329714, 0.9999996247800217, 0.0], [0.00423845462501049, -0.027384627610445023, 0.022175908088684082, 1.0]], "wheel_velocity_fl": 175.65530395507812, "wheel_velocity_fr": -219.9698944091797, "wheel_velocity_rl": 190.0097198486328, "wheel_velocity_rr": -182.45005798339844}}, {"current_time": 1.1666667275130749, "current_time_step": 70, "data": {"base_link_transform_matrix": [[0.7065897280468023, -0.7076233705994469, 0.0003487122363686265, 0.0], [0.7076232818713745, 0.7065898140846604, 0.00035438029075785736, 0.0], [-0.0004971642900848409, -3.644576143867228e-06, 0.9999998764071852, 0.0], [0.0042900932021439075, -0.02754451148211956, 0.02236279845237732, 1.0]], "wheel_velocity_fl": 174.0400848388672, "wheel_velocity_fr": -205.05897521972656, "wheel_velocity_rl": 171.39369201660156, "wheel_velocity_rr": -178.2855682373047}}, {"current_time": 1.183333395048976, "current_time_step": 71, "data": {"base_link_transform_matrix": [[0.6950636388763816, -0.7189480398599377, 0.0005038784341282392, 0.0], [0.7189471406246883, 0.6950636405454345, 0.0012428110523554979, 0.0], [-0.0012437441488247587, -0.0005015708130470546, 0.9999991007632015, 0.0], [0.0044580185785889626, -0.027544492855668068, 0.022434622049331665, 1.0]], "wheel_velocity_fl": 184.02272033691406, "wheel_velocity_fr"