{"Isaac Sim Data": [{"current_time": 0, "current_time_step": 0, "data": {"base_link_transform_matrix": [[1.0, 0.0, 0.0, 0.0], [0.0, 1.0, 0.0, 0.0], [0.0, 0.0, 1.0, 0.0], [0.0, 0.0, 0.025, 1.0]], "wheel_velocity_fl": 75.6101303100586, "wheel_velocity_fr": 247.0460662841797, "wheel_velocity_rl": 78.39956665039062, "wheel_velocity_rr": 253.3649139404297}}, {"current_time": 0.01666666753590107, "current_time_step": 1, "data": {"base_link_transform_matrix": [[1.0, 0.0, 0.0, 0.0], [0.0, 1.0, 0.0, 0.0], [0.0, 0.0, 1.0, 0.0], [-1.992033503483981e-05, 2.9564769647549838e-05, 0.022366404160857202, 1.0]], "wheel_velocity_fl": -0.2925480902194977, "wheel_velocity_fr": 1.4878480434417725, "wheel_velocity_rl": -5.32780647277832, "wheel_velocity_rr": -0.002082910854369402}}, {"current_time": 0.03333333507180214, "current_time_step": 2, "data": {"base_link_transform_matrix": [[0.9999998744561197, 0.0001741897405144303, 0.00046983580012718477, 0.0], [-0.00017460243809710316, 0.9999995988855453, 0.0008784888940270202, 0.0], [-0.00046968258791675865, -0.0008785708182143232, 0.9999995037556688, 0.0], [1.5894656826276332e-05, 8.047338633332402e-05, 0.02235420048236847, 1.0]], "wheel_velocity_fl": 3.737471342086792, "wheel_velocity_fr": -6.053572654724121, "wheel_velocity_rl": -3.39739990234375, "wheel_velocity_rr": 1.33338463306427}}, {"current_time": 0.05000000260770321, "current_time_step": 3, "data": {"base_link_transform_matrix": [[0.9999998870041337, 0.0002969774363205157, 0.0003712090008425781, 0.0], [-0.0002972545497555038, 0.9999996770514504, 0.0007466838203166477, 0.0], [-0.0003709871327144701, -0.0007467940795088731, 0.9999996523335146, 0.0], [7.535185432061553e-06, 4.3539126636460423e-05, 0.022348418831825256, 1.0]], "wheel_velocity_fl": 0.003837600816041231, "wheel_velocity_fr": 1.1103157997131348, "wheel_velocity_rl": -0.4260545074939728, "wheel_velocity_rr": 1.4152960777282715}}, {"current_time": 0.06666667014360428, "current_time_step": 4, "data": {"base_link_transform_matrix": [[0.9999998482869732, 0.00046571503225172094, 0.00029416923584442623, 0.0], [-0.00046590562664609707, 0.9999996814028398, 0.0006481714016173655, 0.0], [-0.0002938672789577342, -0.0006483083583834864, 0.9999997466691153, 0.0], [2.4839086108841002e-05, 6.0237936850171536e-05, 0.022346585988998413, 1.0]], "wheel_velocity_fl": -1.9719072580337524, "wheel_velocity_fr": 4.381933689117432, "wheel_velocity_rl": 0.20767779648303986, "wheel_velocity_rr": 1.5849413871765137}}, {"current_time": 0.08333333767950535, "current_time_step": 5, "data": {"base_link_transform_matrix": [[0.9999997713940008, 0.0006282210517666178, 0.00025010049235628476, 0.0], [-0.0006283734986282627, 0.9999996165652651, 0.0006099312001690343, 0.0], [-0.0002497172248389933, -0.0006100882172564933, 0.9999997827168138, 0.0], [3.540668694768101e-05, 6.760044925613329e-05, 0.022340834140777588, 1.0]], "wheel_velocity_fl": -0.6917562484741211, "wheel_velocity_fr": 0.30911967158317566, "wheel_velocity_rl": -1.4143106937408447, "wheel_velocity_rr": 1.758947491645813}}, {"current_time": 0.10000000521540642, "current_time_step": 6, "data": {"base_link_transform_matrix": [[0.9999996731608467, 0.0007796023795645877, 0.00021423895409206268, 0.0], [-0.0007797259557099108, 0.9999995293542181, 0.0005773376622741199, 0.0], [-0.00021378875944608145, -0.000577504521250797, 0.9999998103914292, 0.0], [5.3234307415550575e-05, 7.0656904426869e-05, 0.022337689995765686, 1.0]], "wheel_velocity_fl": 0.7909632325172424, "wheel_velocity_fr": -0.4674840271472931, "wheel_velocity_rl": -1.946367859840393, "wheel_velocity_rr": 1.9551297426223755}}, {"current_time": 0.11666667275130749, "current_time_step": 7, "data": {"base_link_transform_matrix": [[0.9999995449435585, 0.0009372782692630208, 0.00017782610025045024, 0.0], [-0.0009373746631416877, 0.9999994133691886, 0.0005427614757556071, 0.0], [-0.00017731727739556192, -0.0005429279184493215, 0.9999998368939159, 0.0], [7.002426718827337e-05, 7.722675218246877e-05, 0.022334024310112, 1.0]], "wheel_velocity_fl": 0.908225953578949, "wheel_velocity_fr": -1.1113029718399048, "wheel_velocity_rl": -2.398513078689575, "wheel_velocity_rr": 1.8728872537612915}}, {"current_time": 0.13333334028720856, "current_time_step": 8, "data": {"base_link_transform_matrix": [[0.9999993923684237, 0.0010939855216966015, 0.00013586192139529137, 0.0], [-0.001094053928356266, 0.9999992742869032, 0.0005044518498530215, 0.0], [-0.00013530995977838336, -0.0005046001836009654, 0.9999998635349254, 0.0], [8.607996278442442e-05, 8.351147698704153e-05, 0.022331029176712036, 1.0]], "wheel_velocity_fl": 0.8437833189964294, "wheel_velocity_fr": -2.134727716445923, "wheel_velocity_rl": -2.723985433578491, "wheel_velocity_rr": 1.9144864082336426}}, {"current_time": 0.15000000782310963, "current_time_step": 9, "data": {"base_link_transform_matrix": [[0.9999992018938265, 0.0012582187728561618, 0.000114443128107571, 0.0], [-0.0012582744438116428, 0.9999990894531622, 0.000487686652116766, 0.0], [-0.00011382940740077789, -0.0004878302637544058, 0.999999874532242, 0.0], [0.00012157161836512387, 0.00010228090104646981, 0.022329553961753845, 1.0]], "wheel_velocity_fl": 0.023135825991630554, "wheel_velocity_fr": 1.1646531820297241, "wheel_velocity_rl": -0.41480156779289246, "wheel_velocity_rr": 1.7728267908096313}}, {"current_time": 0.1666666753590107, "current_time_step": 10, "data": {"base_link_transform_matrix": [[0.9999989875403698, 0.0014140210420365816, 0.00015957044862975313, 0.0], [-0.0014141102428860952, 0.9999988431859744, 0.0005602846900633433, 0.0], [-0.0001587780096951396, -0.0005605097730035823, 0.9999998303091546, 0.0], [0.0001507784181740135, 0.00012101768516004086, 0.022322773933410645, 1.0]], "wheel_velocity_fl": 0.20624762773513794, "wheel_velocity_fr": -0.9133179783821106, "wheel_velocity_rl": -1.6990206241607666, "wheel_velocity_rr": 1.6507256031036377}}, {"current_time": 0.18333334289491177, "current_time_step": 11, "data": {"base_link_transform_matrix": [[0.9999987460126277, 0.0015776194799336798, 0.00013816638017039652, 0.0], [-0.001577694453698084, 0.9999986073533436, 0.0005442164865509028, 0.0], [-0.00013730762122296535, -0.0005444337884419833, 0.9999998423692211, 0.0], [0.0001622047129785642, 0.0001262109581148252, 0.022318914532661438, 1.0]], "wheel_velocity_fl": -0.7225511074066162, "wheel_velocity_fr": -0.5247350931167603, "wheel_velocity_rl": -1.3941447734832764, "wheel_velocity_rr": 1.6395916938781738}}, {"current_time": 0.20000001043081284, "current_time_step": 12, "data": {"base_link_transform_matrix": [[0.9999985601725752, 0.0016924877282000885, 0.00012303685020015377, 0.0], [-0.001692557589159519, 0.9999984052096029, 0.0005699360123199793, 0.0], [-0.00012207204427545576, -0.0005701434386650309, 0.9999998300174232, 0.0], [0.00016769635840319097, 0.00013018671597819775, 0.02230772376060486, 1.0]], "wheel_velocity_fl": -1.162233591079712, "wheel_velocity_fr": -0.5066583156585693, "wheel_velocity_rl": -0.8916260600090027, "wheel_velocity_rr": 1.4867528676986694}}, {"current_time": 0.2166666779667139, "current_time_step": 13, "data": {"base_link_transform_matrix": [[0.9999983414414491, 0.0018118165987590692, 0.00018556660141761457, 0.0], [-0.0018119356588939084, 0.9999981514241243, 0.0006434574594882419, 0.0], [-0.00018440043147797573, -0.0006437926270185787, 0.999999775763742, 0.0], [0.00018578482558950782, 0.00013085099635645747, 0.022304803133010864, 1.0]], "wheel_velocity_fl": -0.22028714418411255, "wheel_velocity_fr": -2.017301321029663, "wheel_velocity_rl": -1.7393065690994263, "wheel_velocity_rr": 1.4119973182678223}}, {"current_time": 0.23333334550261497, "current_time_step": 14, "data": {"base_link_transform_matrix": [[0.9999981393584916, 0.0019218904298954425, 0.00016618282178629279, 0.0], [-0.0019219919498074008, 0.999997965144168, 0.0006129065736902026, 0.0], [-0.0001650045443498135, -0.0006132248353364605, 0.9999997983643805, 0.0], [0.0001778525474946946, 0.0001149926392827183, 0.02230362594127655, 1.0]], "wheel_velocity_fl": -0.5299235582351685, "wheel_velocity_fr": -1.5591624975204468, "wheel_velocity_rl": -1.4946889877319336, "wheel_velocity_rr": 1.1351288557052612}}, {"current_time": 0.25000001303851604, "current_time_step": 15, "data": {"base_link_transform_matrix": [[0.999976974167382, 0.006765349811485053, 0.0005302612330942457, 0.0], [-0.0067656158326242655, 0.9999769872045223, 0.0005015015174472081, 0.0], [-0.0005268561971044179, -0.0005050775137512589, 0.9999997336595908, 0.0], [0.00017537904204800725, -5.89762203162536e-05, 0.02225741744041443, 1.0]], "wheel_velocity_fl": -179.18197631835938, "wheel_velocity_fr": 92.2656478881836, "wheel_velocity_rl": -593.8494873046875, "wheel_velocity_rr": 27.975656509399414}}, {"current_time": 0.2666666805744171, "current_time_step": 16, "data": {"base_link_transform_matrix": [[0.9998521413368309, 0.017188967439433496, 0.00048462616534421666, 0.0], [-0.01718885115049725, 0.9998522312293062, -0.00024310883146411597, 0.0], [-0.0004887333425197931, 0.00023474271869755307, 0.9999998530177772, 0.0], [0.0006041227607056499, -0.00016359449364244938, 0.022193267941474915, 1.0]], "wheel_velocity_fl": -208.67745971679688, "wheel_velocity_fr": 182.2253875732422, "wheel_velocity_rl": -181.8746337890625, "wheel_velocity_rr": 139.74343872070312}}, {"current_time": 0.2833333481103182, "current_time_step": 17, "data": {"base_link_transform_matrix": [[0.9995435622091045, 0.030210190007708648, -0.00010800940830902384, 0.0], [-0.030210142378685263, 0.9995434819482009, 0.0004183208413088528, 0.0], [0.0001205976521644916, -0.0004148669242649071, 0.9999999066708164, 0.0], [0.000636888260487467, 0.00021145404025446624, 0.022347360849380493, 1.0]], "wheel_velocity_fl": -151.64137268066406, "wheel_velocity_fr": 181.96066284179688, "wheel_velocity_rl": -181.8446807861328, "wheel_velocity_rr": 162.64321899414062}}, {"current_time": 0.30000001564621925, "current_time_step": 18, "data": {"base_link_transform_matrix": [[0.9989808962641645, 0.04513200179828815, -0.000520877073566698, 0.0], [-0.04513165155431027, 0.9989808261124331, 0.0006656483313470404, 0.0], [0.0005503882509420687, -0.000641461924058971, 0.9999996427996228, 0.0], [0.0006332299672067165, 0.0005010631284676492, 0.022309869527816772, 1.0]], "wheel_velocity_fl": -157.027587890625, "wheel_velocity_fr": 185.9910430908203, "wheel_velocity_rl": -181.87525939941406, "wheel_velocity_rr": 177.52606201171875}}, {"current_time": 0.3166666831821203, "current_time_step": 19, "data": {"base_link_transform_matrix": [[0.9981594711820889, 0.06063730527765327, -0.0008872982346461531, 0.0], [-0.060637551019824064, 0.9981598186406075, -0.00025270074731091076, 0.0], [0.0008703423526159526, 0.00030603923627633327, 0.9999995744219969, 0.0], [0.00041609746403992176, 0.000667401822283864, 0.022258102893829346, 1.0]], "wheel_velocity_fl": -168.13719177246094, "wheel_velocity_fr": 182.47299194335938, "wheel_velocity_rl": -182.2400665283203, "wheel_velocity_rr": 177.16468811035156}}, {"current_time": 0.3333333507180214, "current_time_step": 20, "data": {"base_link_transform_matrix": [[0.9970835957286108, 0.07631316675988746, -0.0007769864747012537, 0.0], [-0.07631320141340604, 0.9970838957002616, -1.5007556357406709e-05, 0.0], [0.0007735754269505776, 7.425811359531194e-05, 0.9999996980333501, 0.0], [0.0002595671685412526, 0.0011888842564076185, 0.022334367036819458, 1.0]], "wheel_velocity_fl": -174.40098571777344, "wheel_velocity_fr": 183.8607177734375, "wheel_velocity_rl": -182.24172973632812, "wheel_velocity_rr": 178.64129638671875}}, {"current_time": 0.35000001825392246, "current_time_step": 21, "data": {"base_link_transform_matrix": [[0.9957446107112937, 0.09215272300004837, -0.000738839015233844, 0.0], [-0.09215267172788932, 0.9957448842150307, 0.00010321340455184472, 0.0], [0.0007452065659571295, -3.468820210506245e-05, 0.9999997217319126, 0.0], [0.00011372938752174377, 0.0017514550127089024, 0.022042378783226013, 1.0]], "wheel_velocity_fl": -176.03802490234375, "wheel_velocity_fr": 82.35909271240234, "wheel_velocity_rl": -182.25326538085938, "wheel_velocity_rr": 181.86077880859375}}, {"current_time": 0.36666668578982353, "current_time_step": 22, "data": {"base_link_transform_matrix": [[0.9941474676335184, 0.10802894535008539, -0.000748040380546691, 0.0], [-0.10802893238947744, 0.9941477487892366, 5.782804301158394e-05, 0.0], [0.0007499097628221376, 2.3320401176509107e-05, 0.9999997185457137, 0.0], [4.1261373553425074e-05, 0.0022492059506475925, 0.02216954529285431, 1.0]], "wheel_velocity_fl": -178.35716247558594, "wheel_velocity_fr": 178.52078247070312, "wheel_velocity_rl": -182.15541076660156, "wheel_velocity_rr": 162.6422576904297}}, {"current_time": 0.3833333533257246, "current_time_step": 23, "data": {"base_link_transform_matrix": [[0.9922523179562127, 0.12423845678037465, -0.0003786388172275447, 0.0], [-0.12423851561199412, 0.9922523735212762, -0.00013594087748677286, 0.0], [0.0003588161802689933, 0.0001819291753966832, 0.9999999190763587, 0.0], [0.0002603568136692047, 0.002549160970374942, 0.022091329097747803, 1.0]], "wheel_velocity_fl": -175.6364288330078, "wheel_velocity_fr": 170.2419891357422, "wheel_velocity_rl": -182.25770568847656, "wheel_velocity_rr": 160.52569580078125}}, {"current_time": 0.40000002086162567, "current_time_step": 24, "data": {"base_link_transform_matrix": [[0.9900219121310404, 0.1409131365087761, -0.00031852732608578433, 0.0], [-0.14091332936863202, 0.9900216901099583, -0.0006976518251199084, 0.0], [0.00021704065484893554, 0.0007355753399205578, 0.9999997059110934, 0.0], [0.0005387218552641571, 0.002642658306285739, 0.02201208472251892, 1.0]], "wheel_velocity_fl": -185.14532470703125, "wheel_velocity_fr": 194.4903564453125, "wheel_velocity_rl": 18.876060485839844, "wheel_velocity_rr": 209.63856506347656}}, {"current_time": 0.41666668839752674, "current_time_step": 25, "data": {"base_link_transform_matrix": [[0.9875791191214446, 0.1571221484946681, -0.0003375318223086721, 0.0], [-0.1571224417859684, 0.9875743881572725, -0.0030604154952847086, 0.0], [-0.00014752127500541114, 0.0030754362630804983, 0.9999952599533986, 0.0], [0.0007460285560227931, 0.0024124959018081427, 0.02195321023464203, 1.0]], "wheel_velocity_fl": -137.65672302246094, "wheel_velocity_fr": 182.88450622558594, "wheel_velocity_rl": -180.82403564453125, "wheel_velocity_rr": 188.4413604736328}}, {"current_time": 0.4333333559334278, "current_time_step": 26, "data": {"base_link_transform_matrix": [[0.9848856984441144, 0.17320550745947366, 0.00011483011362365096, 0.0], [-0.1732053591700829, 0.9848853948681433, -0.0008139595714800914, 0.0], [-0.0002540767824286882, 0.0007817679499887161, 0.9999996621418734, 0.0], [0.0009469203650951385, 0.0032367126550525427, 0.022377237677574158, 1.0]], "wheel_velocity_fl": -181.9901885986328, "wheel_velocity_fr": 181.18746948242188, "wheel_velocity_rl": -132.59210205078125, "wheel_velocity_rr": 182.02500915527344}}, {"current_time": 0.4500000234693289, "current_time_step": 27, "data": {"base_link_transform_matrix": [[0.9818766435408365, 0.18951676987207308, 0.0012848370468282275, 0.0], [-0.18951820040225095, 0.9818765907785199, 0.0011009983848377521, 0.0], [-0.0010528937617168212, -0.0013245446035734026, 0.9999985684971352, 0.0], [0.0012257545022293925, 0.003747008042410016, 0.022429317235946655, 1.0]], "wheel_velocity_fl": -182.3231658935547, "wheel_velocity_fr": 189.54124450683594, "wheel_velocity_rl": -180.21437072753906, "wheel_velocity_rr": 175.25173950195312}}, {"current_time": 0.46666669100522995, "current_time_step": 28, "data": {"base_link_transform_matrix": [[0.9786810260191389, 0.20538607928957742, 8.800102838858613e-05, 0.0], [-0.20538609553744486, 0.9786808555318572, 0.0005785977147784523, 0.0], [3.271099437323076e-05, -0.0005843367927757164, 0.9999998287402371, 0.0], [0.0010378080187365413, 0.0034260358661413193, 0.02209651470184326, 1.0]], "wheel_velocity_fl": -182.1974639892578, "wheel_velocity_fr": 182.55184936523438, "wheel_velocity_rl": -182.3611297607422, "wheel_velocity_rr": 179.09661865234375}}, {"current_time": 0.483333358541131, "current_time_step": 29, "data": {"base_link_transform_matrix": [[0.9751397254283053, 0.22159052743887, -0.00039248053814966037, 0.0], [-0.22159061488371232, 0.9751397650678971, -0.0001948814629702412, 0.0], [0.0003395394935973473, 0.000277006660070341, 0.9999999039901166, 0.0], [0.0011919743847101927, 0.0032020900398492813, 0.02226857841014862, 1.0]], "wheel_velocity_fl": -192.9558868408203, "wheel_velocity_fr": 275.66668701171875, "wheel_velocity_rl": -163.42213439941406, "wheel_velocity_rr": 182.40155029296875}}, {"current_time": 0.5000000260770321, "current_time_step": 30, "data": {"base_link_transform_matrix": [[0.9713134967690884, 0.23779541381445463, 0.0018526097857686533, 0.0], [-0.2377985035367446, 0.9713130614912544, 0.0016757959814528095, 0.0], [-0.0014009674838854366, -0.0020682710893098295, 0.9999968797675372, 0.0], [0.001954656559973955, 0.0038787578232586384, 0.022479742765426636, 1.0]], "wheel_velocity_fl": -178.55245971679688, "wheel_velocity_fr": 198.06057739257812, "wheel_velocity_rl": -165.11221313476562, "wheel_velocity_rr": 173.95179748535156}}, {"current_time": 0.5166666936129332, "current_time_step": 31, "data": {"base_link_transform_matrix": [[0.9674067003349538, 0.2532232190894864, 0.0015091259042177012, 0.0], [-0.25322635877426414, 0.967403847731859, 0.0024913079942045094, 0.0], [-0.0008290771764161873, -0.0027922585038484445, 0.9999957579527441, 0.0], [0.002100269543007016, 0.004321742802858353, 0.02261720597743988, 1.0]], "wheel_velocity_fl": -181.8970184326172, "wheel_velocity_fr": 197.6585693359375, "wheel_velocity_rl": -181.85592651367188, "wheel_velocity_rr": 192.4543914794922}}, {"current_time": 0.5333333611488342, "current_time_step": 32, "data": {"base_link_transform_matrix": [[0.9634255803835277, 0.2679758599467649, 0.0002992464783409955, 0.0], [-0.2679759984595305, 0.9634253926248124, 0.0006140808934832376, 0.0], [-0.00012374280037921764, -0.00067181211502545, 0.9999997666780736, 0.0], [0.00222838600166142, 0.004154318477958441, 0.02229948341846466, 1.0]], "wheel_velocity_fl": -181.5338897705078, "wheel_velocity_fr": 173.2759246826172, "wheel_velocity_rl": -178.15948486328125, "wheel_velocity_rr": 182.3871612548828}}, {"current_time": 0.5500000286847353, "current_time_step": 33, "data": {"base_link_transform_matrix": [[0.9592712830352419, 0.28248645378618176, -9.471656774232113e-05, 0.0], [-0.2824864593168581, 0.9592712847289152, -5.09623539776178e-05, 0.0], [7.646270897155636e-05, 7.564287054677923e-05, 0.9999999942158051, 0.0], [0.0024416488595306873, 0.004192973952740431, 0.022333502769470215, 1.0]], "wheel_velocity_fl": -176.3415069580078, "wheel_velocity_fr": 172.92721557617188, "wheel_velocity_rl": -179.85874938964844, "wheel_velocity_rr": 182.4973907470703}}, {"current_time": 0.5666666962206364, "current_time_step": 34, "data": {"base_link_transform_matrix": [[0.9548096214351812, 0.2972180290772421, -0.0001732231092388484, 0.0], [-0.29721803983990375, 0.9548096329804867, -3.951447320098378e-05, 0.0], [0.00015365067951126168, 8.921383218118598e-05, 0.9999999842161803, 0.0], [0.002605622634291649, 0.004335928708314896, 0.022247061133384705, 1.0]], "wheel_velocity_fl": -198.03041076660156, "wheel_velocity_fr": 188.49937438964844, "wheel_velocity_rl": -184.9950408935547, "wheel_velocity_rr": 182.21253967285156}}, {"current_time": 0.5833333637565374, "current_time_step": 35, "data": {"base_link_transform_matrix": [[0.950085737483655, 0.31198879070177415, -0.00029309824951756833, 0.0], [-0.31198888480766424, 0.9500856820369838, -0.00036406701187113584, 0.0], [0.00016488362352866083, 0.0004373382714731234, 0.9999998907743075, 0.0], [0.0025373855605721474, 0.004295365419238806, 0.022097408771514893, 1.0]], "wheel_velocity_fl": -196.0023193359375, "wheel_velocity_fr": 182.31849670410156, "wheel_velocity_rl": -182.57281494140625, "wheel_velocity_rr": 178.48443603515625}}, {"current_time": 0.6000000312924385, "current_time_step": 36, "data": {"base_link_transform_matrix": [[0.9451121314620984, 0.3267457020486565, 0.0005524091779279921, 0.0], [-0.32674579277262206, 0.9451122581246469, 8.029895029225356e-05, 0.0], [-0.000495851348673292, -0.0002563888868418351, 0.9999998441980772, 0.0], [0.0025665496941655874, 0.004506396129727364, 0.02246139943599701, 1.0]], "wheel_velocity_fl": -174.47122192382812, "wheel_velocity_fr": 174.43576049804688, "wheel_velocity_rl": -182.1741180419922, "wheel_velocity_rr": 174.85269165039062}}, {"current_time": 0.6166666988283396, "current_time_step": 37, "data": {"base_link_transform_matrix": [[0.9398855745264606, 0.34148904285700304, -0.0005834429474663293, 0.0], [-0.34148950212210644, 0.9398849130843023, -0.0011269857626629303, 0.0], [0.0001635159345638065, 0.0012584773026705206, 0.9999991947483847, 0.0], [0.002011602744460106, 0.004368117079138756, 0.02224801480770111, 1.0]], "wheel_velocity_fl": -496.4185791015625, "wheel_velocity_fr": 182.24545288085938, "wheel_velocity_rl": -182.67843627929688, "wheel_velocity_rr": 173.03858947753906}}, {"current_time": 0.6333333663642406, "current_time_step": 38, "data": {"base_link_transform_matrix": [[0.9349151175483604, 0.3547623885244833, 0.00879605979623336, 0.0], [-0.3548110230748861, 0.9349260914809852, 0.004726666123297419, 0.0], [-0.006546822442066735, -0.007539970589603893, 0.9999501427368367, 0.0], [0.00446596834808588, 0.0059812432155013084, 0.027794986963272095, 1.0]], "wheel_velocity_fl": -243.11727905273438, "wheel_velocity_fr": 181.52273559570312, "wheel_velocity_rl": -182.19003295898438, "wheel_velocity_rr": 182.5753173828125}}, {"current_time": 0.6500000339001417, "current_time_step": 39, "data": {"base_link_transform_matrix": [[0.9309463796753005, 0.3646993550774333, 0.018254275541787435, 0.0], [-0.36484965522000795, 0.9310495871026655, 0.005603163552625568, 0.0], [-0.014952165572003552, -0.011876310961757536, 0.9998176763703706, 0.0], [0.008319426327943802, 0.005450563970953226, 0.0302249938249588, 1.0]], "wheel_velocity_fl": -182.27322387695312, "wheel_velocity_fr": 182.2731475830078, "wheel_velocity_rl": -182.27308654785156, "wheel_velocity_rr": 182.27317810058594}}, {"current_time": 0.6666667014360428, "current_time_step": 40, "data": {"base_link_transform_matrix": [[0.9270209834807288, 0.3740507390265762, 0.026798149564746437, 0.0], [-0.37431901870939316, 0.9272829345520087, 0.005624190701959277, 0.0], [-0.02274573408046745, -0.015244799844116898, 0.9996250435332508, 0.0], [0.011886026710271835, 0.004822784103453159, 0.03057558834552765, 1.0]], "wheel_velocity_fl": -181.6389617919922, "wheel_velocity_fr": 182.90673828125, "wheel_velocity_rl": -181.64036560058594, "wheel_velocity_rr": 131.0840301513672}}, {"current_time": 0.6833333689719439, "current_time_step": 41, "data": {"base_link_transform_matrix": [[0.9238863987065348, 0.3814159641140465, 0.03091576626936917, 0.0], [-0.3817039283049772, 0.9242768862150241, 0.0037879711203023976, 0.0], [-0.027129935525517707, -0.01530032442831726, 0.99951481563345, 0.0], [0.014036615379154682, 0.0038554775528609753, 0.03148616850376129, 1.0]], "wheel_velocity_fl": -182.338134765625, "wheel_velocity_fr": 182.20814514160156, "wheel_velocity_rl": -182.27708435058594, "wheel_velocity_rr": 166.90440368652344}}, {"current_time": 0.7000000365078449, "current_time_step": 42, "data": {"base_link_transform_matrix": [[0.9207378603239471, 0.38880121852615496, 0.03279336882140717, 0.0], [-0.38902716775309504, 0.9212261147676095, 0.0005551758102984696, 0.0], [-0.029994254717945895, -0.013268682781352507, 0.9994619986478539, 0.0], [0.015895221382379532, 0.0023452546447515488, 0.031602635979652405, 1.0]], "wheel_velocity_fl": -182.21607971191406, "wheel_velocity_fr": 182.3302001953125, "wheel_velocity_rl": -181.86126708984375, "wheel_velocity_rr": 166.19076538085938}}, {"current_time": 0.716666704043746, "current_time_step": 43, "data": {"base_link_transform_matrix": [[0.9172125366089402, 0.3971277108396928, 0.031792199839251196, 0.0], [-0.3973039208318063, 0.9176867058203442, -0.0008393165546318011, 0.0], [-0.029508595003275292, -0.011861333981911113, 0.99949414784535, 0.0], [0.016884084790945053, 0.0006724749691784382, 0.03132617473602295, 1.0]], "wheel_velocity_fl": -182.2843017578125, "wheel_velocity_fr": 182.26170349121094, "wheel_velocity_rl": -153.0621795654297, "wheel_velocity_rr": 182.11129760742188}}, {"current_time": 0.7333333715796471, "current_time_step": 44, "data": {"base_link_transform_matrix": [[0.9132245724687618, 0.40647914301744925, 0.02820614349831268, 0.0], [-0.4066428072921193, 0.913587227358332, 7.270006764608424e-05, 0.0], [-0.025739221371900628, -0.011536216863232772, 0.9996021249395445, 0.0], [0.016822149977087975, -0.0010515751782804728, 0.030203551054000854, 1.0]], "wheel_velocity_fl": -182.30535888671875, "wheel_velocity_fr": 182.2408905029297, "wheel_velocity_rl": -169.47421264648438, "wheel_velocity_rr": 182.30543518066406}}, {"current_time": 0.7500000391155481, "current_time_step": 45, "data": {"base_link_transform_matrix": [[0.9089227821441297, 0.4163650188327026, 0.022350552382840665, 0.0], [-0.4164919500975296, 0.9091386893235791, 0.0011397714514487668, 0.0], [-0.019845190937146318, -0.010344789386345562, 0.9997495455008821, 0.0], [0.016427017748355865, -0.0029909648001194, 0.028428196907043457, 1.0]], "wheel_velocity_fl": -182.30262756347656, "wheel_velocity_fr": 182.2437286376953, "wheel_velocity_rl": -187.59527587890625, "wheel_velocity_rr": 196.42860412597656}}, {"current_time": 0.7666667066514492, "current_time_step": 46, "data": {"base_link_transform_matrix": [[0.9042424323905262, 0.4267720125318001, 0.014535225626796943, 0.0], [-0.4268191523013637, 0.9043369874048657, 0.00015633373613967378, 0.0], [-0.013078023291388605, -0.006345276278370168, 0.9998943458064662, 0.0], [0.016369296237826347, -0.005571810062974691, 0.02615697681903839, 1.0]], "wheel_velocity_fl": -182.12994384765625, "wheel_velocity_fr": 182.41659545898438, "wheel_velocity_rl": -177.53488159179688, "wheel_velocity_rr": 167.48602294921875}}, {"current_time": 0.7833333741873503, "current_time_step": 47, "data": {"base_link_transform_matrix": [[0.8993969207371876, 0.4371094127421239, 0.004532136438898693, 0.0], [-0.43711615805384707, 0.8994048801251494, 0.0005709424750043426, 0.0], [-0.003826661300579818, -0.0024945739718842154, 0.9999895668275692, 0.0], [0.015781309455633163, -0.00797350611537695, 0.023245736956596375, 1.0]], "wheel_velocity_fl": -181.38018798828125, "wheel_velocity_fr": 183.16627502441406, "wheel_velocity_rl": -223.2245330810547, "wheel_velocity_rr": 150.80738830566406}}, {"current_time": 0.8000000417232513, "current_time_step": 48, "data": {"base_link_transform_matrix": [[0.8938266121371238, 0.448411280085182, -0.001145132236950038, 0.0], [-0.4484119140650829, 0.8938269548764011, -0.0003606395275863097, 0.0], [0.0008618352280695613, 0.0008358401453736005, 0.9999992793053858, 0.0], [0.016435375437140465, -0.008983966894447803, 0.02271825075149536, 1.0]], "wheel_velocity_fl": -158.943603515625, "wheel_velocity_fr": 180.96722412109375, "wheel_velocity_rl": -172.8856964111328, "wheel_velocity_rr": 180.98793029785156}}, {"current_time": 0.8166667092591524, "current_time_step": 49, "data": {"base_link_transform_matrix": [[0.886863721717219, 0.4620287760882785, -0.0014660041782529668, 0.0], [-0.46202871562670045, 0.8868648746987621, 0.00039995236037659334, 0.0], [0.0014849371114125946, 0.0003226327887484227, 0.9999988454342629, 0.0], [0.017548540607094765, -0.00889210868626833, 0.022894397377967834, 1.0]], "wheel_velocity_fl": -161.7191619873047, "wheel_velocity_fr": 190.2466583251953, "wheel_velocity_rl": -182.26907348632812, "wheel_velocity_rr": 182.27224731445312}}, {"current_time": 0.8333333767950535, "current_time_step": 50, "data": {"base_link_transform_matrix": [[0.879506408827557, 0.475887022159389, -0.00013773715304282226, 0.0], [-0.4758869395146073, 0.8795063724473525, 0.0004020247745398354, 0.0], [0.00031245907661398047, -0.00028803605349623514, 0.9999999097022746, 0.0], [0.0187369454652071, -0.009102375246584415, 0.022457271814346313, 1.0]], "wheel_velocity_fl": -156.4522247314453, "wheel_velocity_fr": 183.54165649414062, "wheel_velocity_rl": -182.25900268554688, "wheel_velocity_rr": 181.73182678222656}}, {"current_time": 0.8500000443309546, "current_time_step": 51, "data": {"base_link_transform_matrix": [[0.8720208915467872, 0.48946854756848523, 0.00032503406572941977, 0.0], [-0.4894686553761648, 0.87202068483748, 0.0006005162959092777, 0.0], [1.0497410557041697e-05, -0.0006827567428512097, 0.9999997668664901, 0.0], [0.019286710768938065, -0.00940650887787342, 0.022212445735931396, 1.0]], "wheel_velocity_fl": -182.10848999023438, "wheel_velocity_fr": 173.6956329345703, "wheel_velocity_rl": -178.48123168945312, "wheel_velocity_rr": 186.2891845703125}}, {"current_time": 0.8666667118668556, "current_time_step": 52, "data": {"base_link_transform_matrix": [[0.8643977092648326, 0.5028087019737412, -9.714520832921375e-05, 0.0], [-0.5028084123158246, 0.864397389752887, 0.00092363024807626, 0.0], [0.0005483813906456815, -0.0007495384426807262, 0.9999995687348937, 0.0], [0.01936355046927929, -0.009491993114352226, 0.022342219948768616, 1.0]], "wheel_velocity_fl": -164.82594299316406, "wheel_velocity_fr": 183.3525848388672, "wheel_velocity_rl": -170.74391174316406, "wheel_velocity_rr": 173.42364501953125}}, {"current_time": 0.8833333794027567, "current_time_step": 53, "data": {"base_link_transform_matrix": [[0.8564178960804447, 0.5162829356265712, -0.0005636079792728103, 0.0], [-0.5162827772179661, 0.8564180794991774, 0.0004087236776681814, 0.0], [0.0006937011233658495, -5.9057179305673364e-05, 0.9999997576454711, 0.0], [0.019232701510190964, -0.009668291546404362, 0.022280395030975342, 1.0]], "wheel_velocity_fl": -164.1151580810547, "wheel_velocity_fr": 168.4053192138672, "wheel_velocity_rl": -182.34817504882812, "wheel_velocity_rr": 183.98402404785156}}, {"current_time": 0.9000000469386578, "current_time_step": 54, "data": {"base_link_transform_matrix": [[0.8479429565829942, 0.530087359687466, -0.00036535032708366236, 0.0], [-0.5300874453284128, 0.8479429594088019, -0.00019466442890157237, 0.0], [0.0002066070844267915, 0.000358731952918018, 0.9999999143124456, 0.0], [0.019036583602428436, -0.009709946811199188, 0.022164568305015564, 1.0]], "wheel_velocity_fl": -170.01779174804688, "wheel_velocity_fr": 183.57557678222656, "wheel_velocity_rl": -182.01385498046875, "wheel_velocity_rr": 179.63148498535156}}, {"current_time": 0.9166667144745588, "current_time_step": 55, "data": {"base_link_transform_matrix": [[0.8391867555135412, 0.5438432511950316, -0.00032787234370594716, 0.0], [-0.5438433477525727, 0.8391866546539986, -0.00041443443967179353, 0.0], [4.975872218986036e-05, 0.0005260990858377692, 0.999999860371901, 0.0], [0.018553176894783974, -0.009594332426786423, 0.022183313965797424, 1.0]], "wheel_velocity_fl": -181.83071899414062, "wheel_velocity_fr": 182.28155517578125, "wheel_velocity_rl": -182.6907958984375, "wheel_velocity_rr": 185.418212890625}}, {"current_time": 0.9333333820104599, "current_time_step": 56, "data": {"base_link_transform_matrix": [[0.8302996683947003, 0.5573170207690817, -0.0004461218730410896, 0.0], [-0.5573171952722139, 0.8302992998024141, -0.0007852397937562065, 0.0], [-6.721282363297902e-05, 0.0009006157313989479, 0.9999995921867872, 0.0], [0.018024342134594917, -0.009462549351155758, 0.02216804027557373, 1.0]], "wheel_velocity_fl": -179.10040283203125, "wheel_velocity_fr": 182.372314453125, "wheel_velocity_rl": -182.28857421875, "wheel_velocity_rr": 180.63568115234375}}, {"current_time": 0.950000049546361, "current_time_step": 57, "data": {"base_link_transform_matrix": [[0.8211345233116129, 0.5707346883264977, -0.0001008298860395032, 0.0], [-0.5707346662820385, 0.8211344077846601, -0.0004744007437896461, 0.0], [-0.00018796207188860012, 0.0004470939399703975, 0.9999998823886272, 0.0], [0.017495421692728996, -0.009140248410403728, 0.022007539868354797, 1.0]], "wheel_velocity_fl": -205.66038513183594, "wheel_velocity_fr": 188.67245483398438, "wheel_velocity_rl": -175.6531982421875, "wheel_velocity_rr": 124.1215591430664}}, {"current_time": 0.966666717082262, "current_time_step": 58, "data": {"base_link_transform_matrix": [[0.8114944029904474, 0.5843601918589797, 9.258177509356266e-06, 0.0], [-0.5843601706887588, 0.8114943691158883, 0.00028249922323532017, 0.0], [0.0001575683413726865, -0.0002346566486942455, 0.9999999600542367, 0.0], [0.017175644636154175, -0.008958089165389538, 0.02197478711605072, 1.0]], "wheel_velocity_fl": -182.278076171875, "wheel_velocity_fr": 180.85067749023438, "wheel_velocity_rl": -175.00599670410156, "wheel_velocity_rr": 182.18463134765625}}, {"current_time": 0.9833333846181631, "current_time_step": 59, "data": {"base_link_transform_matrix": [[0.8017198435874502, 0.5976989494672308, -0.0011216968766125295, 0.0], [-0.5976992404574427, 0.8017204060885919, 9.174823998605035e-05, 0.0], [0.0009541251020812318, 0.0005968809865637545, 0.9999993666889881, 0.0], [0.016856756061315536, -0.009073758497834206, 0.02225668728351593, 1.0]], "wheel_velocity_fl": -179.6952362060547, "wheel_velocity_fr": 183.74229431152344, "wheel_velocity_rl": -169.48489379882812, "wheel_velocity_rr": 177.5473175048828}}, {"current_time": 1.0000000521540642, "current_time_step": 60, "data": {"base_link_transform_matrix": [[0.7917221231993304, 0.6108809802490166, -0.0007124652586285335, 0.0], [-0.6108813956054239, 0.7917216071700303, -0.0009040150849869301, 0.0], [1.182851833747984e-05, 0.0011509605140014533, 0.9999993375747713, 0.0], [0.017184153199195862, -0.009137244895100594, 0.02212625741958618, 1.0]], "wheel_velocity_fl": -181.9683837890625, "wheel_velocity_fr": 176.63177490234375, "wheel_velocity_rl": -175.30624389648438, "wheel_velocity_rr": 182.30120849609375}}, {"current_time": 1.0166667196899652, "current_time_step": 61, "data": {"base_link_transform_matrix": [[0.7814409080977507, 0.6239788713159693, -0.0006894219403379719, 0.0], [-0.6239792515851919, 0.781440382125931, -0.0009070689404235371, 0.0], [-2.7249709147545288e-05, 0.0011390057628703318, 0.9999993509614521, 0.0], [0.017318256199359894, -0.009029715321958065, 0.022094786167144775, 1.0]], "wheel_velocity_fl": -198.1127471923828, "wheel_velocity_fr": 199.5229949951172, "wheel_velocity_rl": -168.6313934326172, "wheel_velocity_rr": 182.73414611816406}}, {"current_time": 1.0333333872258663, "current_time_step": 62, "data": {"base_link_transform_matrix": [[0.7711355236156403, 0.6366710213301898, -0.00012172265673863778, 0.0], [-0.6366710318595881, 0.7711355194536045, -8.847523401481848e-05, 0.0], [3.75350465307802e-05, 0.0001457236853755123, 0.9999999886778639, 0.0], [0.01747717149555683, -0.008970227092504501, 0.022128582000732422, 1.0]], "wheel_velocity_fl": -132.8013916015625, "wheel_velocity_fr": 170.80902099609375, "wheel_velocity_rl": -179.11228942871094, "wheel_velocity_rr": 170.7648468017578}}, {"current_time": 1.0500000547617674, "current_time_step": 63, "data": {"base_link_transform_matrix": [[0.760739331300978, 0.649057520378263, 7.107855873246744e-05, 0.0], [-0.6490574628559679, 0.7607392071186969, 0.0005183274932865591, 0.0], [0.00028235211112317775, -0.0004404461796320834, 0.9999998631422148, 0.0], [0.017575504258275032, -0.00897502712905407, 0.022091716527938843, 1.0]], "wheel_velocity_fl": -168.27645874023438, "wheel_velocity_fr": 174.65188598632812, "wheel_velocity_rl": -176.5374755859375, "wheel_velocity_rr": 182.32200622558594}}, {"current_time": 1.0666667222976685, "current_time_step": 64, "data": {"base_link_transform_matrix": [[0.7503007916503481, 0.6610966028820571, -6.088238350398325e-05, 0.0], [-0.6610966045529689, 0.7503007925738416, -1.0564107950096428e-05, 0.0], [3.869620471853514e-05, 4.81753955696121e-05, 0.9999999980908675, 0.0], [0.017835145816206932, -0.009322814643383026, 0.02212655544281006, 1.0]], "wheel_velocity_fl": -177.20643615722656, "wheel_velocity_fr": 228.27243041992188, "wheel_velocity_rl": -180.78355407714844, "wheel_velocity_rr": 190.4211883544922}}, {"current_time": 1.0833333898335695, "current_time_step": 65, "data": {"base_link_transform_matrix": [[0.7401458126161509, 0.67244628894382, 0.0004056506653874831, 0.0], [-0.6724463977039105, 0.7401457842783893, 0.00024541793379174315, 0.0], [-0.0001352102510577513, -0.0004544233847028738, 0.9999998876087814, 0.0], [0.0179851446300745, -0.009711911901831627, 0.022373557090759277, 1.0]], "wheel_velocity_fl": -181.71331787109375, "wheel_velocity_fr": 185.75827026367188, "wheel_velocity_rl": -235.31846618652344, "wheel_velocity_rr": 182.43515014648438}}, {"current_time": 1.1000000573694706, "current_time_step": 66, "data": {"base_link_transform_matrix": [[0.7305673919507654, 0.6828402052380278, 0.0007347984381329303, 0.0], [-0.6828406004069338, 0.7305669436400957, 0.0008095037167173992, 0.0], [1.594223492596455e-05, -0.001093147225769449, 0.9999994023873154, 0.0], [0.018064746633172035, -0.0096483388915658, 0.022488027811050415, 1.0]], "wheel_velocity_fl": -182.17271423339844, "wheel_velocity_fr": 173.4780731201172, "wheel_velocity_rl": -172.6990203857422, "wheel_velocity_rr": 182.2239532470703}}, {"current_time": 1.1166667249053717, "current_time_step": 67, "data": {"base_link_transform_matrix": [[0.7204940935573012, 0.6934605318510386, 0.0008671297005292622, 0.0], [-0.6934609769730741, 0.7204927680083487, 0.0014299172065293944, 0.0], [0.00036683046838624663, -0.0016315675108717759, 0.9999986017104548, 0.0], [0.018115881830453873, -0.009643519297242165, 0.022376030683517456, 1.0]], "wheel_velocity_fl": -182.33111572265625, "wheel_velocity_fr": 173.28343200683594, "wheel_velocity_rl": -172.22447204589844, "wheel_velocity_rr": 95.3355484008789}}, {"current_time": 1.1333333924412727, "current_time_step": 68, "data": {"base_link_transform_matrix": [[0.710076139631229, 0.7041249005233289, 1.9733822894596467e-05, 0.0], [-0.7041248811120867, 0.7100761128706852, 0.0002563773541215349, 0.0], [0.00016650916271418643, -0.00019594251760303273, 0.9999999669406138, 0.0], [0.01833208277821541, -0.009977374225854874, 0.022360533475875854, 1.0]], "wheel_velocity_fl": -185.11544799804688, "wheel_velocity_fr": 163.58169555664062, "wheel_velocity_rl": -172.79774475097656, "wheel_velocity_rr": 171.9910888671875}}, {"current_time": 1.1500000599771738, "current_time_step": 69, "data": {"base_link_transform_matrix": [[0.6991544070400496, 0.7149706598752913, -0.0002657705163086468, 0.0], [-0.7149706951115716, 0.6991544188709659, -6.086771000592158e-05, 0.0], [0.00014229600409477688, 0.00023257405848243023, 0.9999999628305766, 0.0], [0.01855037733912468, -0.010021190159022808, 0.02216726541519165, 1.0]], "wheel_velocity_fl": -54.417423248291016, "wheel_velocity_fr": 173.7895965576172, "wheel_velocity_rl": -179.75759887695312, "wheel_velocity_rr": 182.30087280273438}}, {"current_time": 1.1666667275130749, "current_time_step": 70, "data": {"base_link_transform_matrix": [[0.6880106006251396, 0.7257006053186061, -0.00021181983681784112, 0.0], [-0.7257005276843007, 0.6880103087621565, -0.0007477671627599776, 0.0], [-0.0003969208513212999, 0.0006681895021309585, 0.9999996979882679, 0.0], [0.01881277561187744, -0.010081950575113297, 0.02199724316596985, 1.0]], "wheel_velocity_fl": -182.47947692871094, "wheel_velocity_fr": 169.92799377441406, "wheel_velocity_rl": -175.5453643798828, "wheel_velocity_rr": 172.81300354003906}}, {"current_time": 1.183333395048976, "current_time_step": 71, "data": {"base_link_transform_matrix": [[0.6767897644950925, 0.7361762394141368, 0.0003989946575630926, 0.0], [-0.7361762408262443, 0.6767898588101995, -0.0001716234529728045, 0.0], [-0.0003963806461629375, -0.00017757739079525322, 0.9999999056743224, 0.0], [0.0188205037266016, -0.009912919253110886, 0.02239319682121277, 1.0]], "wheel_velocity_fl": -169.5928955078125, "wheel_velocity_fr": 176.65028381347656, "wheel_velocity_rl": -182.1510467529297, "wheel_