{"Isaac Sim Data": [{"current_time": 0, "current_time_step": 0, "data": {"base_link_transform_matrix": [[1.0, 0.0, 0.0, 0.0], [0.0, 1.0, 0.0, 0.0], [0.0, 0.0, 1.0, 0.0], [0.0, 0.0, 0.025, 1.0]], "wheel_velocity_fl": -180.71498107910156, "wheel_velocity_fr": 180.87887573242188, "wheel_velocity_rl": -170.01821899414062, "wheel_velocity_rr": 182.30247497558594}}, {"current_time": 0.01666666753590107, "current_time_step": 1, "data": {"base_link_transform_matrix": [[1.0, 0.0, 0.0, 0.0], [0.0, 1.0, 0.0, 0.0], [0.0, 0.0, 1.0, 0.0], [1.8552347569311678e-07, -1.86782781383954e-05, 0.02228122912347317, 1.0]], "wheel_velocity_fl": -0.771727979183197, "wheel_velocity_fr": 15.383000373840332, "wheel_velocity_rl": 0.011278633028268814, "wheel_velocity_rr": 0.012803264893591404}}, {"current_time": 0.03333333507180214, "current_time_step": 2, "data": {"base_link_transform_matrix": [[0.9999997480276483, -3.141852527328869e-05, 0.0007091949774445134, 0.0], [3.1497109476746956e-05, 0.9999999933660098, -0.00011079671738632556, 0.0], [-0.0007091914916702554, 0.00011081902706046106, 0.9999997423832525, 0.0], [9.407537436345592e-05, 5.2078074077144265e-05, 0.022114470601081848, 1.0]], "wheel_velocity_fl": -1.6955770254135132, "wheel_velocity_fr": -2.929940938949585, "wheel_velocity_rl": -1.6539651155471802, "wheel_velocity_rr": -1.4035289287567139}}, {"current_time": 0.05000000260770321, "current_time_step": 3, "data": {"base_link_transform_matrix": [[0.9999997463034904, -4.44000341406456e-05, 0.000710930089262262, 0.0], [4.44781164711471e-05, 0.9999999929810933, -0.00010981580239389443, 0.0], [-0.0007109252084469346, 0.0001098473953653217, 0.9999997412594154, 0.0], [0.00011698946764227003, 0.00014567005564458668, 0.022110894322395325, 1.0]], "wheel_velocity_fl": -0.8950849771499634, "wheel_velocity_fr": -0.269333153963089, "wheel_velocity_rl": -0.12733478844165802, "wheel_velocity_rr": -1.8495784997940063}}, {"current_time": 0.06666667014360428, "current_time_step": 4, "data": {"base_link_transform_matrix": [[0.9999997426675167, -4.7330585658028254e-05, 0.0007158384706708084, 0.0], [4.740099437638874e-05, 0.9999999940410237, -9.834174254529215e-05, 0.0], [-0.0007158338118328747, 9.837564869409e-05, 0.9999997389520587, 0.0], [0.00018622158677317202, 0.00021589678362943232, 0.022105485200881958, 1.0]], "wheel_velocity_fl": 0.08007891476154327, "wheel_velocity_fr": 1.0051771402359009, "wheel_velocity_rl": 1.0143812894821167, "wheel_velocity_rr": -1.7908676862716675}}, {"current_time": 0.08333333767950535, "current_time_step": 5, "data": {"base_link_transform_matrix": [[0.99999974358189, -4.9167736421813204e-05, 0.0007144359228276487, 0.0], [4.923483909969791e-05, 0.9999999943787299, -9.390671356489203e-05, 0.0], [-0.0007144313016310706, 9.39418646232175e-05, 0.999999740381387, 0.0], [0.00025108770933002234, 0.000273253011982888, 0.02210363745689392, 1.0]], "wheel_velocity_fl": 0.309116929769516, "wheel_velocity_fr": 1.0983831882476807, "wheel_velocity_rl": 1.4612884521484375, "wheel_velocity_rr": -0.4352024793624878}}, {"current_time": 0.10000000521540642, "current_time_step": 6, "data": {"base_link_transform_matrix": [[0.9999997381159026, -5.6208290458908927e-05, 0.0007215322268299398, 0.0], [5.628037893015215e-05, 0.9999999934272191, -9.989034317762445e-05, 0.0], [-0.0007215266074220431, 9.993092512506839e-05, 0.9999997347065473, 0.0], [0.00030344477272592485, 0.0003217976482119411, 0.02210281789302826, 1.0]], "wheel_velocity_fl": 0.23474818468093872, "wheel_velocity_fr": 1.1073224544525146, "wheel_velocity_rl": 0.766106903553009, "wheel_velocity_rr": -0.43842166662216187}}, {"current_time": 0.11666667275130749, "current_time_step": 7, "data": {"base_link_transform_matrix": [[0.9999997409150612, -4.79746084013472e-05, 0.0007182396866852061, 0.0], [4.804229700746629e-05, 0.9999999944067551, -9.422540785734053e-05, 0.0], [-0.0007182351622408721, 9.425988932930676e-05, 0.9999997376266281, 0.0], [0.0003387525794096291, 0.0003654115425888449, 0.02210184931755066, 1.0]], "wheel_velocity_fl": -0.09735559672117233, "wheel_velocity_fr": 0.7403004169464111, "wheel_velocity_rl": 0.5863864421844482, "wheel_velocity_rr": -0.2263084501028061}}, {"current_time": 0.13333334028720856, "current_time_step": 8, "data": {"base_link_transform_matrix": [[0.9999997451874053, -2.069092784104895e-05, 0.0007135804159195525, 0.0], [2.0755869844212776e-05, 0.9999999956439711, -9.100138258891868e-05, 0.0], [-0.0007135785299081349, 9.101617038285646e-05, 0.9999997412608357, 0.0], [0.00035923460382036865, 0.0003983500646427274, 0.02210099995136261, 1.0]], "wheel_velocity_fl": -0.5202670693397522, "wheel_velocity_fr": 0.5376460552215576, "wheel_velocity_rl": 0.5473044514656067, "wheel_velocity_rr": -0.2794477641582489}}, {"current_time": 0.15000000782310963, "current_time_step": 9, "data": {"base_link_transform_matrix": [[0.9999997469136398, 1.3125115585828154e-05, 0.0007113370422435192, 0.0], [-1.3062243927731192e-05, 0.9999999960083139, -8.838976160033538e-05, 0.0], [-0.0007113381995299226, 8.838044757213173e-05, 0.9999997430933982, 0.0], [0.0003695714403875172, 0.0004255873500369489, 0.02210061252117157, 1.0]], "wheel_velocity_fl": -0.6818137168884277, "wheel_velocity_fr": 0.33848100900650024, "wheel_velocity_rl": 0.46983858942985535, "wheel_velocity_rr": -0.587225079536438}}, {"current_time": 0.1666666753590107, "current_time_step": 10, "data": {"base_link_transform_matrix": [[0.9999997469477994, 5.291248336604533e-05, 0.0007094396425445086, 0.0], [-5.285153600963211e-05, 0.9999999949115794, -8.5927621906072e-05, 0.0], [-0.0007094441855784461, 8.589010518708359e-05, 0.999999744655886, 0.0], [0.0003748375456780195, 0.0004473143198993057, 0.022099971771240234, 1.0]], "wheel_velocity_fl": -0.6782358884811401, "wheel_velocity_fr": 0.20705729722976685, "wheel_velocity_rl": 0.36104390025138855, "wheel_velocity_rr": -0.17405202984809875}}, {"current_time": 0.18333334289491177, "current_time_step": 11, "data": {"base_link_transform_matrix": [[0.9999997456245053, 8.937786579310466e-05, 0.0007076457601366452, 0.0], [-8.93182308846299e-05, 0.9999999924575939, -8.430341574893507e-05, 0.0], [-0.0007076532896586721, 8.424018863682358e-05, 0.9999997460651738, 0.0], [0.0003753542259801179, 0.0004675707605201751, 0.022099614143371582, 1.0]], "wheel_velocity_fl": -0.696344256401062, "wheel_velocity_fr": 0.20283372700214386, "wheel_velocity_rl": 0.2768213152885437, "wheel_velocity_rr": -0.3107107877731323}}, {"current_time": 0.20000001043081284, "current_time_step": 12, "data": {"base_link_transform_matrix": [[0.999999742915652, 0.00012366449020888894, 0.0007063113505120137, 0.0], [-0.00012360617891784344, 0.9999999889493313, -8.26005438562412e-05, 0.0], [-0.0007063215574609479, 8.251321817377115e-05, 0.9999997471506812, 0.0], [0.0003731093602254987, 0.0004882675420958549, 0.022099077701568604, 1.0]], "wheel_velocity_fl": -0.7818565368652344, "wheel_velocity_fr": 0.1531161367893219, "wheel_velocity_rl": 0.34041863679885864, "wheel_velocity_rr": -0.6230278611183167}}, {"current_time": 0.2166666779667139, "current_time_step": 13, "data": {"base_link_transform_matrix": [[0.9999997391566869, 0.0001562544920417826, 0.0007051745115670762, 0.0], [-0.00015619751930942064, 0.9999999845330699, -8.084673754922157e-05, 0.0], [-0.0007051871333261002, 8.07365699515037e-05, 0.9999997480963249, 0.0], [0.00036935615935362875, 0.0005082826828584075, 0.02209852635860443, 1.0]], "wheel_velocity_fl": -0.6898343563079834, "wheel_velocity_fr": 0.06103099510073662, "wheel_velocity_rl": 0.28845658898353577, "wheel_velocity_rr": -0.37408536672592163}}, {"current_time": 0.23333334550261497, "current_time_step": 14, "data": {"base_link_transform_matrix": [[0.999999734862699, 0.0001864780233719351, 0.0007039179487802504, 0.0], [-0.0001864226403644532, 0.9999999795230687, -7.874300786904095e-05, 0.0], [-0.0007039326182066328, 7.861176074872081e-05, 0.9999997491494986, 0.0], [0.000364459992852062, 0.000529044889844954, 0.02209816873073578, 1.0]], "wheel_velocity_fl": -0.7516288757324219, "wheel_velocity_fr": 0.3200690746307373, "wheel_velocity_rl": 0.31138426065444946, "wheel_velocity_rr": -0.44099149107933044}}, {"current_time": 0.25000001303851604, "current_time_step": 15, "data": {"base_link_transform_matrix": [[0.999999728856364, 0.00022006417270855046, 0.0007027509931602512, 0.0], [-0.000220010307585967, 0.9999999728543436, -7.672533189788802e-05, 0.0], [-0.0007027678585803042, 7.657069863214104e-05, 0.9999997501271013, 0.0], [0.00035811634734272957, 0.0005555201787501574, 0.022097378969192505, 1.0]], "wheel_velocity_fl": -1.0588761568069458, "wheel_velocity_fr": 0.2521529197692871, "wheel_velocity_rl": 0.40679672360420227, "wheel_velocity_rr": -0.4922861158847809}}, {"current_time": 0.2666666805744171, "current_time_step": 16, "data": {"base_link_transform_matrix": [[0.9999997216285678, 0.0002546030915305862, 0.0007013701253712018, 0.0], [-0.0002545510457754946, 0.9999999648420751, -7.429410182949505e-05, 0.0], [-0.0007013890162204918, 7.41155466492506e-05, 0.9999997512801359, 0.0], [0.0003509748785290867, 0.0005821127560921013, 0.02209697663784027, 1.0]], "wheel_velocity_fl": -1.0253607034683228, "wheel_velocity_fr": 0.2297612726688385, "wheel_velocity_rl": 0.3902842402458191, "wheel_velocity_rr": -0.4747686982154846}}, {"current_time": 0.2833333481103182, "current_time_step": 17, "data": {"base_link_transform_matrix": [[0.9999997122144447, 0.0002918199131859693, 0.0007002943423820235, 0.0], [-0.0002917693965898015, 0.999999954826194, -7.223731152448152e-05, 0.0], [-0.0007003153910330405, 7.203296627791466e-05, 0.9999997521847718, 0.0], [0.00034337950637564063, 0.0006061438471078873, 0.022096052765846252, 1.0]], "wheel_velocity_fl": -0.9608004689216614, "wheel_velocity_fr": 0.18492119014263153, "wheel_velocity_rl": 0.2753531038761139, "wheel_velocity_rr": -0.5027300119400024}}, {"current_time": 0.30000001564621925, "current_time_step": 18, "data": {"base_link_transform_matrix": [[0.9999997019108916, 0.0003274977222629407, 0.0006992305556237117, 0.0], [-0.0003274485526053025, 0.9999999439083183, -7.043298693282751e-05, 0.0], [-0.0006992535830454866, 7.020400390414485e-05, 0.9999997530578817, 0.0], [0.0003352586063556373, 0.0006272344617173076, 0.02209554612636566, 1.0]], "wheel_velocity_fl": -0.8058415651321411, "wheel_velocity_fr": 0.11104793846607208, "wheel_velocity_rl": 0.2319178730249405, "wheel_velocity_rr": -0.47052833437919617}}, {"current_time": 0.3166666831821203, "current_time_step": 19, "data": {"base_link_transform_matrix": [[0.9999996910089127, 0.00036182305737759757, 0.0006979012495394003, 0.0], [-0.00036177542423983, 0.9999999322215612, -6.83770080348852e-05, 0.0], [-0.0006979259426148448, 6.812450338636953e-05, 0.9999997541291851, 0.0], [0.00032675350666977465, 0.0006496996502391994, 0.0220949649810791, 1.0]], "wheel_velocity_fl": -0.9193246960639954, "wheel_velocity_fr": 0.1489376723766327, "wheel_velocity_rl": 0.23969967663288116, "wheel_velocity_rr": -0.5684002637863159}}, {"current_time": 0.3333333507180214, "current_time_step": 20, "data": {"base_link_transform_matrix": [[0.9999996802014657, 0.0003920672315174703, 0.0006970511116750793, 0.0], [-0.00039202099679089557, 0.999999920951006, -6.646442566219064e-05, 0.0], [-0.0006970771150972539, 6.619114573535167e-05, 0.9999997548510838, 0.0], [0.00031707799644209445, 0.0006735139759257436, 0.0220944881439209, 1.0]], "wheel_velocity_fl": -0.9375160336494446, "wheel_velocity_fr": 0.15748751163482666, "wheel_velocity_rl": 0.23425889015197754, "wheel_velocity_rr": -0.5786544680595398}}, {"current_time": 0.35000001825392246, "current_time_step": 21, "data": {"base_link_transform_matrix": [[0.9999996684835946, 0.00042261108375889943, 0.000696011905611223, 0.0], [-0.0004225662556778458, 0.9999999086353399, -6.455285695478175e-05, 0.0], [-0.0006960391227731693, 6.425872440958933e-05, 0.9999997557001481, 0.0], [0.0003077674482483417, 0.0006951979594305158, 0.022093698382377625, 1.0]], "wheel_velocity_fl": -0.8445954322814941, "wheel_velocity_fr": 0.09795622527599335, "wheel_velocity_rl": 0.16617807745933533, "wheel_velocity_rr": -0.7911216616630554}}, {"current_time": 0.36666668578982353, "current_time_step": 22, "data": {"base_link_transform_matrix": [[0.999985297145047, 0.005403704037108843, 0.00045329505987176704, 0.0], [-0.0054037417005622845, 0.9999853963270016, 8.190459821638568e-05, 0.0], [-0.0004528458518909012, -8.435288340264606e-05, 0.9999998939076071, 0.0], [0.00026794179575517774, 0.0005571020301431417, 0.02219623327255249, 1.0]], "wheel_velocity_fl": -62.067352294921875, "wheel_velocity_fr": 171.9231414794922, "wheel_velocity_rl": -249.83004760742188, "wheel_velocity_rr": 95.29377746582031}}, {"current_time": 0.3833333533257246, "current_time_step": 23, "data": {"base_link_transform_matrix": [[0.9998755590226914, 0.01577508336208036, 0.00011495207596107202, 0.0], [-0.015775188013699273, 0.9998750887921388, 0.0009748107738988601, 0.0], [-9.955999593790898e-05, -0.0009765028581043161, 0.9999995182648717, 0.0], [9.71474073594436e-05, -6.681853847112507e-05, 0.02229766547679901, 1.0]], "wheel_velocity_fl": -139.71649169921875, "wheel_velocity_fr": 188.08206176757812, "wheel_velocity_rl": -183.48085021972656, "wheel_velocity_rr": 141.2825469970703}}, {"current_time": 0.40000002086162567, "current_time_step": 24, "data": {"base_link_transform_matrix": [[0.9995692852573418, 0.029346948838553173, 2.3748562972693918e-05, 0.0], [-0.029346955515364075, 0.9995684963435324, 0.0012559138142460543, 0.0], [1.311892307137577e-05, -0.0012560698216718636, 0.9999992110579372, 0.0], [0.0001763451291481033, -0.0007647869060747325, 0.022219538688659668, 1.0]], "wheel_velocity_fl": -182.67869567871094, "wheel_velocity_fr": 152.74395751953125, "wheel_velocity_rl": -182.38995361328125, "wheel_velocity_rr": 207.20635986328125}}, {"current_time": 0.41666668839752674, "current_time_step": 25, "data": {"base_link_transform_matrix": [[0.9990523236408121, 0.04352458690551214, -0.00025487761495846916, 0.0], [-0.04352463790410306, 0.9990523342943501, -0.0001980816162643291, 0.0], [0.00024601465566215415, 0.00020898735490033446, 0.999999947900536, 0.0], [0.00025351395015604794, -0.0014331693528220057, 0.02220088243484497, 1.0]], "wheel_velocity_fl": -174.7284393310547, "wheel_velocity_fr": 182.26051330566406, "wheel_velocity_rl": -182.30996704101562, "wheel_velocity_rr": 177.04518127441406}}, {"current_time": 0.4333333559334278, "current_time_step": 26, "data": {"base_link_transform_matrix": [[0.9982963653352052, 0.05834691641171658, 6.560306897690908e-05, 0.0], [-0.05834692353445536, 0.9982963607381402, 0.0001124768843443473, 0.0], [-5.8928625643811575e-05, -0.00011611300207441148, 0.9999999915225939, 0.0], [0.0002941882994491607, -0.0015602657804265618, 0.022341668605804443, 1.0]], "wheel_velocity_fl": -163.27565002441406, "wheel_velocity_fr": 182.130859375, "wheel_velocity_rl": -182.23927307128906, "wheel_velocity_rr": 176.39697265625}}, {"current_time": 0.4500000234693289, "current_time_step": 27, "data": {"base_link_transform_matrix": [[0.9972900414533198, 0.0735684268179707, -0.0005096994846761608, 0.0], [-0.07356848880961737, 0.9972901617139923, -0.00010393627024895368, 0.0], [0.000500671853606684, 0.00014115242809974832, 0.9999998647018343, 0.0], [-0.00018804830324370414, -0.0016319911228492856, 0.022391900420188904, 1.0]], "wheel_velocity_fl": -165.31326293945312, "wheel_velocity_fr": 182.3238983154297, "wheel_velocity_rl": -182.20603942871094, "wheel_velocity_rr": 171.13656616210938}}, {"current_time": 0.46666669100522995, "current_time_step": 28, "data": {"base_link_transform_matrix": [[0.9960099966528185, 0.08923752677745429, -0.0008662460941474328, 0.0], [-0.08923747970536026, 0.9960103732302388, 9.291714487916124e-05, 0.0], [0.0008710817917452599, -1.5244786913753714e-05, 0.9999996204919823, 0.0], [-0.0007256362587213516, -0.001488902373239398, 0.02234230935573578, 1.0]], "wheel_velocity_fl": -173.27694702148438, "wheel_velocity_fr": 182.41580200195312, "wheel_velocity_rl": -182.27256774902344, "wheel_velocity_rr": 174.70059204101562}}, {"current_time": 0.483333358541131, "current_time_step": 29, "data": {"base_link_transform_matrix": [[0.9944587419188508, 0.1051271300159679, -0.00031169822331665104, 0.0], [-0.10512707940713273, 0.9944587807940147, 0.0001745766542808599, 0.0], [0.000328323777767474, -0.00014084135611087433, 0.9999999361836026, 0.0], [-0.001035013934597373, -0.001287720981054008, 0.02217806875705719, 1.0]], "wheel_velocity_fl": -173.74803161621094, "wheel_velocity_fr": 164.8629608154297, "wheel_velocity_rl": -177.7089080810547, "wheel_velocity_rr": 193.9217071533203}}, {"current_time": 0.5000000260770321, "current_time_step": 30, "data": {"base_link_transform_matrix": [[0.992642794400867, 0.12107762770895855, -0.0007005657777991362, 0.0], [-0.12107780375893876, 0.9926429969802198, -0.00021443656195882922, 0.0], [0.0006694482430402731, 0.000297681873849119, 0.9999997316122399, 0.0], [-0.001527154352515936, -0.001191530143842101, 0.02215065062046051, 1.0]], "wheel_velocity_fl": -172.49501037597656, "wheel_velocity_fr": 190.82177734375, "wheel_velocity_rl": -180.1107940673828, "wheel_velocity_rr": 161.452880859375}}, {"current_time": 0.5166666936129332, "current_time_step": 31, "data": {"base_link_transform_matrix": [[0.9905108757062479, 0.13743322863848587, -0.0005592616950832781, 0.0], [-0.13743362202611512, 0.9905107032501823, -0.0007391100135425242, 0.0], [0.00045237641941764265, 0.0008089578671730221, 0.9999995704712799, 0.0], [-0.0018259716453030705, -0.001133503159508109, 0.02216579020023346, 1.0]], "wheel_velocity_fl": -175.62330627441406, "wheel_velocity_fr": 160.00608825683594, "wheel_velocity_rl": -198.16021728515625, "wheel_velocity_rr": 182.2234649658203}}, {"current_time": 0.5333333611488342, "current_time_step": 32, "data": {"base_link_transform_matrix": [[0.9881379803587679, 0.15356843027278586, -0.000262670987834516, 0.0], [-0.15356861666519475, 0.9881374960043972, -0.00098436055313988, 0.0], [0.00010838834722365752, 0.0010130220691643072, 0.9999994810189922, 0.0], [-0.002002631314098835, -0.0010066505055874586, 0.022250071167945862, 1.0]], "wheel_velocity_fl": -171.60256958007812, "wheel_velocity_fr": 182.5119171142578, "wheel_velocity_rl": -182.0177764892578, "wheel_velocity_rr": 173.92062377929688}}, {"current_time": 0.5500000286847353, "current_time_step": 33, "data": {"base_link_transform_matrix": [[0.9854272401520204, 0.17009627513737954, -0.0006415222218535421, 0.0], [-0.17009693287734876, 0.9854266421860405, -0.0011688865060732617, 0.0], [0.00043334984822745635, 0.001260973566040662, 0.9999991110763923, 0.0], [-0.0022443486377596855, -0.0009682170348241925, 0.02228119969367981, 1.0]], "wheel_velocity_fl": -173.1419677734375, "wheel_velocity_fr": 180.1783905029297, "wheel_velocity_rl": -172.97633361816406, "wheel_velocity_rr": 182.15496826171875}}, {"current_time": 0.5666666962206364, "current_time_step": 34, "data": {"base_link_transform_matrix": [[0.982555900731614, 0.1859664458437853, -0.0006188357755567139, 0.0], [-0.18596682887755017, 0.9825558194848903, -0.0006325769546193654, 0.0], [0.0004904026046054459, 0.0007366251462043533, 0.999999608444263, 0.0], [-0.0023854360915720463, -0.0006280898815020919, 0.02228495478630066, 1.0]], "wheel_velocity_fl": -173.90171813964844, "wheel_velocity_fr": 179.64749145507812, "wheel_velocity_rl": -191.86766052246094, "wheel_velocity_rr": 182.35874938964844}}, {"current_time": 0.5833333637565374, "current_time_step": 35, "data": {"base_link_transform_matrix": [[0.9796070261359179, 0.20092162556944426, -0.0007581053192270246, 0.0], [-0.200921464174455, 0.9796073113723267, 0.00028414762820801914, 0.0], [0.0007997369168663024, -0.00012603338231489567, 0.9999996722681714, 0.0], [-0.0024135594721883535, -0.00014415629266295582, 0.02227190136909485, 1.0]], "wheel_velocity_fl": -182.20594787597656, "wheel_velocity_fr": 175.5415496826172, "wheel_velocity_rl": -175.24832153320312, "wheel_velocity_rr": 182.28118896484375}}, {"current_time": 0.6000000312924385, "current_time_step": 36, "data": {"base_link_transform_matrix": [[0.9764371876474718, 0.21580123096089743, -0.0004972874996797703, 0.0], [-0.21580097580861102, 0.97643723206197, 0.0005202722459825116, 0.0], [0.0005978454208441495, -0.0004006980409898785, 0.9999997410109328, 0.0], [-0.0022773868404328823, -3.8122961996123195e-06, 0.02220436930656433, 1.0]], "wheel_velocity_fl": -182.96243286132812, "wheel_velocity_fr": 247.2718963623047, "wheel_velocity_rl": -181.5484161376953, "wheel_velocity_rr": 181.96974182128906}}, {"current_time": 0.6166666988283396, "current_time_step": 37, "data": {"base_link_transform_matrix": [[0.9732403594675536, 0.22978911647193745, -0.00040577643290250236, 0.0], [-0.22978929906626822, 0.9732402815580752, -0.0004820657546101203, 0.0], [0.00028414450597442545, 0.0005624089303980276, 0.9999998014790277, 0.0], [-0.0023174879606813192, -0.00039385128184221685, 0.02233390510082245, 1.0]], "wheel_velocity_fl": -181.4563446044922, "wheel_velocity_fr": 168.55723571777344, "wheel_velocity_rl": -187.35218811035156, "wheel_velocity_rr": 182.29818725585938}}, {"current_time": 0.6333333663642406, "current_time_step": 38, "data": {"base_link_transform_matrix": [[0.9698026030523329, 0.2438908281086527, -0.0004184225075713183, 0.0], [-0.24389116397339894, 0.9698018301901044, -0.0012289408547760134, 0.0], [0.00010605951086751995, 0.001293879592363374, 0.9999991573131353, 0.0], [-0.0023457487113773823, -0.0006018641870468855, 0.022387951612472534, 1.0]], "wheel_velocity_fl": -147.5228271484375, "wheel_velocity_fr": 170.56915283203125, "wheel_velocity_rl": -174.35841369628906, "wheel_velocity_rr": 182.26251220703125}}, {"current_time": 0.6500000339001417, "current_time_step": 39, "data": {"base_link_transform_matrix": [[0.9659585810483242, 0.2586949005873439, 0.000983925409961667, 0.0], [-0.2586952198237198, 0.9659589738082381, 0.00021014207756766775, 0.0], [-0.000896068895444836, -0.00045752534328598825, 0.9999994938654193, 0.0], [-0.002319896360859275, -0.0004364732594694942, 0.02214321494102478, 1.0]], "wheel_velocity_fl": -182.47586059570312, "wheel_velocity_fr": 180.35733032226562, "wheel_velocity_rl": -166.61129760742188, "wheel_velocity_rr": 182.32473754882812}}, {"current_time": 0.6666667014360428, "current_time_step": 40, "data": {"base_link_transform_matrix": [[0.9619479253996375, 0.27323217003652334, 0.0006083391043038649, 0.0], [-0.2732324660562383, 0.9619479182136277, 0.00047131443263073735, 0.0], [-0.00045641226975581665, -0.0006195979343474332, 0.999999703893076, 0.0], [-0.0025734761729836464, -0.0007232121424749494, 0.022273093461990356, 1.0]], "wheel_velocity_fl": -182.05772399902344, "wheel_velocity_fr": 167.84132385253906, "wheel_velocity_rl": -184.73631286621094, "wheel_velocity_rr": 174.26077270507812}}, {"current_time": 0.6833333689719439, "current_time_step": 41, "data": {"base_link_transform_matrix": [[0.9576460399117257, 0.28794790226081707, 0.00026043230276837635, 0.0], [-0.2879480065819707, 0.9576458799476555, 0.0005604683309326946, 0.0], [-8.80162415757252e-05, -0.0006117212400453358, 0.9999998090251146, 0.0], [-0.0025955750606954098, -0.0009463154128752649, 0.022281035780906677, 1.0]], "wheel_velocity_fl": -186.31773376464844, "wheel_velocity_fr": 182.54067993164062, "wheel_velocity_rl": -182.2496795654297, "wheel_velocity_rr": 175.95785522460938}}, {"current_time": 0.7000000365078449, "current_time_step": 42, "data": {"base_link_transform_matrix": [[0.9531198139418682, 0.30259304932492626, -0.00025840213107201796, 0.0], [-0.3025925402098437, 0.9531192431764076, 0.0012095024539103233, 0.0], [0.0006122750792972384, -0.0010746101965965213, 0.9999992351657838, 0.0], [-0.002527173375710845, -0.0012063414324074984, 0.022310763597488403, 1.0]], "wheel_velocity_fl": -179.18504333496094, "wheel_velocity_fr": 215.2318572998047, "wheel_velocity_rl": -181.79486083984375, "wheel_velocity_rr": 203.03770446777344}}, {"current_time": 0.716666704043746, "current_time_step": 43, "data": {"base_link_transform_matrix": [[0.9484477815055903, 0.3169325473953835, -0.0007524351115817873, 0.0], [-0.3169323348640403, 0.9484480708935668, 0.0003897895580095578, 0.0], [0.0008371826276204217, -0.00013122402480090912, 0.9999996409526872, 0.0], [-0.0023856372572481632, -0.0015681772492825985, 0.022229641675949097, 1.0]], "wheel_velocity_fl": -96.99301147460938, "wheel_velocity_fr": 160.1097412109375, "wheel_velocity_rl": -182.24258422851562, "wheel_velocity_rr": 185.6062774658203}}, {"current_time": 0.7333333715796471, "current_time_step": 44, "data": {"base_link_transform_matrix": [[0.943459736963119, 0.331486104401488, -0.0008290465656553738, 0.0], [-0.3314867215717237, 0.9434595713202137, -0.0007685739451018605, 0.0], [0.0005274003344314156, 0.0009999365001619048, 0.9999993609877372, 0.0], [-0.002144761849194765, -0.0017730295658111572, 0.021952897310256958, 1.0]], "wheel_velocity_fl": -182.7203826904297, "wheel_velocity_fr": 172.63906860351562, "wheel_velocity_rl": -176.3598175048828, "wheel_velocity_rr": 170.82089233398438}}, {"current_time": 0.7500000391155481, "current_time_step": 45, "data": {"base_link_transform_matrix": [[0.9380879248784177, 0.3463968200961983, -0.0005368654823315697, 0.0], [-0.34639639617177653, 0.9380879365878849, 0.0007482963918830418, 0.0], [0.0007628345231834263, -0.0005159995411468916, 0.999999575913892, 0.0], [-0.002052130177617073, -0.0013794935075566173, 0.022521018981933594, 1.0]], "wheel_velocity_fl": -173.52276611328125, "wheel_velocity_fr": 169.9740753173828, "wheel_velocity_rl": -182.21153259277344, "wheel_velocity_rr": 184.3418731689453}}, {"current_time": 0.7666667066514492, "current_time_step": 46, "data": {"base_link_transform_matrix": [[0.9324989060637021, 0.3611695067914274, -0.0015419319167608104, 0.0], [-0.3611682112733315, 0.9325000815448743, 0.0010588127430587154, 0.0], [0.0018202625143110946, -0.00043044493234679844, 0.9999982506792395, 0.0], [-0.002412871690467, -0.001245924737304449, 0.02230730652809143, 1.0]], "wheel_velocity_fl": -167.0736083984375, "wheel_velocity_fr": 171.58901977539062, "wheel_velocity_rl": -182.0816192626953, "wheel_velocity_rr": 184.2787322998047}}, {"current_time": 0.7833333741873503, "current_time_step": 47, "data": {"base_link_transform_matrix": [[0.9266193954334396, 0.37600059113810125, -0.00022687081189898798, 0.0], [-0.37600049168177585, 0.9266193831948643, 0.0003859308643541481, 0.0], [0.00035533312492235636, -0.00027230748738468237, 0.9999998997934963, 0.0], [-0.0022938863839954138, -0.0010950888972729445, 0.02212086319923401, 1.0]], "wheel_velocity_fl": -169.8802947998047, "wheel_velocity_fr": 173.89183044433594, "wheel_velocity_rl": -155.15182495117188, "wheel_velocity_rr": 118.80480194091797}}, {"current_time": 0.8000000417232513, "current_time_step": 48, "data": {"base_link_transform_matrix": [[0.9201496327985501, 0.3915669198354816, -2.347864837671982e-05, 0.0], [-0.39156689779850634, 0.9201495981406654, 0.0002856396786461645, 0.0], [0.00013345091801900014, -0.00025363778390959004, 0.9999999589293627, 0.0], [-0.0026631560176610947, -0.0011773854494094849, 0.021986648440361023, 1.0]], "wheel_velocity_fl": -177.41827392578125, "wheel_velocity_fr": 171.79061889648438, "wheel_velocity_rl": -177.0742645263672, "wheel_velocity_rr": 203.6923828125}}, {"current_time": 0.8166667092591524, "current_time_step": 49, "data": {"base_link_transform_matrix": [[0.9135297050348697, 0.40677018157318645, -0.0012236837094591643, 0.0], [-0.4067707240045372, 0.9135302561612945, -0.0002217446827421641, 0.0], [0.0010276729677007146, 0.0007003290630677619, 0.9999992267134384, 0.0], [-0.0032033678144216537, -0.0013013991992920637, 0.02237771451473236, 1.0]], "wheel_velocity_fl": -195.80291748046875, "wheel_velocity_fr": 181.92623901367188, "wheel_velocity_rl": -170.69297790527344, "wheel_velocity_rr": 174.22422790527344}}, {"current_time": 0.8333333767950535, "current_time_step": 50, "data": {"base_link_transform_matrix": [[0.9065260298538931, 0.4221492374047617, -0.0007606286325232349, 0.0], [-0.4221495575454604, 0.9065261440409658, -0.0003181735220152516, 0.0], [0.0005552130316073152, 0.0006095316203932084, 0.9999996601047889, 0.0], [-0.003263137536123395, -0.00132440694142133, 0.022461533546447754, 1.0]], "wheel_velocity_fl": -182.2453155517578, "wheel_velocity_fr": 171.04502868652344, "wheel_velocity_rl": -172.4073944091797, "wheel_velocity_rr": 182.2830352783203}}, {"current_time": 0.8500000443309546, "current_time_step": 51, "data": {"base_link_transform_matrix": [[0.8992580657760687, 0.4374182985314047, -0.00040403783810186373, 0.0], [-0.4374184838632592, 0.8992576091414928, -0.000906849432802937, 0.0], [-3.33384356266505e-05, 0.0009922252854584004, 0.9999995071886444, 0.0], [-0.0033367956057190895, -0.00142993638291955, 0.02207133173942566, 1.0]], "wheel_velocity_fl": -184.03890991210938, "wheel_velocity_fr": 183.87289428710938, "wheel_velocity_rl": -172.8154296875, "wheel_velocity_rr": 179.01876831054688}}, {"current_time": 0.8666667118668556, "current_time_step": 52, "data": {"base_link_transform_matrix": [[0.8919281964556743, 0.45217703370348766, -0.000150194683329053, 0.0], [-0.4521769827673597, 0.8919278051476297, -0.000875591193894908, 0.0], [-0.0002619594145457693, 0.0008488790531385862, 0.9999996053907313, 0.0], [-0.0033970875665545464, -0.001216981327161193, 0.022635027766227722, 1.0]], "wheel_velocity_fl": -181.6986541748047, "wheel_velocity_fr": 174.9520263671875, "wheel_velocity_rl": -192.23483276367188, "wheel_velocity_rr": 182.36148071289062}}, {"current_time": 0.8833333794027567, "current_time_step": 53, "data": {"base_link_transform_matrix": [[0.8846250878379847, 0.46630270363318765, -0.0004924957030269585, 0.0], [-0.4663025434663805, 0.8846252151588759, 0.0004082424484688919, 0.0], [0.0006260386747139215, -0.0001314895128682535, 0.999999795393022, 0.0], [-0.003636567620560527, -0.00062545359833166, 0.022317945957183838, 1.0]], "wheel_velocity_fl": -182.34934997558594, "wheel_velocity_fr": 181.7720947265625, "wheel_velocity_rl": -175.20645141601562, "wheel_velocity_rr": 182.2189178466797}}, {"current_time": 0.9000000469386578, "current_time_step": 54, "data": {"base_link_transform_matrix": [[0.8772217984314227, 0.48008524885855813, -0.00026492481342779847, 0.0], [-0.4800850842927737, 0.8772217796921274, 0.0005109534001201554, 0.0], [0.00047769900657154945, -0.000321033009182321, 0.9999998343707194, 0.0], [-0.0035186579916626215, -0.000469971913844347, 0.022136837244033813, 1.0]], "wheel_velocity_fl": -183.27757263183594, "wheel_velocity_fr": 249.54107666015625, "wheel_velocity_rl": -178.1375732421875, "wheel_velocity_rr": 185.67945861816406}}, {"current_time": 0.9166667144745588, "current_time_step": 55, "data": {"base_link_transform_matrix": [[0.870144580794521, 0.4927964356415383, -0.00028553970389679883, 0.0], [-0.4927965142991354, 0.8701445019868341, -0.0003757082731002043, 0.0], [6.331310561992976e-05, 0.0004676334885721604, 0.9999998886551793, 0.0], [-0.0034700226970016956, -0.000793635321315378, 0.022323429584503174, 1.0]], "wheel_velocity_fl": -181.97621154785156, "wheel_velocity_fr": 174.13528442382812, "wheel_velocity_rl": -177.04949951171875, "wheel_velocity_rr": 182.2710723876953}}, {"current_time": 0.9333333820104599, "current_time_step": 56, "data": {"base_link_transform_matrix": [[0.8627215754589448, 0.5056792240419323, -7.489983591300455e-05, 0.0], [-0.5056789739809475, 0.8627209809857359, -0.0011332433920641341, 0.0], [-0.0005084399792351007, 0.0010155487967558378, 0.9999993550745065, 0.0], [-0.003395657055079937, -0.0010009179823100567, 0.022342979907989502, 1.0]], "wheel_velocity_fl": -184.39308166503906, "wheel_velocity_fr": 180.02249145507812, "wheel_velocity_rl": -167.39321899414062, "wheel_velocity_rr": 182.2222442626953}}, {"current_time": 0.950000049546361, "current_time_step": 57, "data": {"base_link_transform_matrix": [[0.8548635528152829, 0.5188524432795218, 0.0006694556762458753, 0.0], [-0.5188527032691128, 0.8548636082986846, 0.0002889928844348854, 0.0], [-0.0004223486308121481, -0.0005943983712653671, 0.9999997341560698, 0.0], [-0.0034825848415493965, -0.0009118152083829045, 0.022213414311408997, 1.0]], "wheel_velocity_fl": -171.38844299316406, "wheel_velocity_fr": 175.78829956054688, "wheel_velocity_rl": -170.52670288085938, "wheel_velocity_rr": 182.2567901611328}}, {"current_time": 0.966666717082262, "current_time_step": 58, "data": {"base_link_transform_matrix": [[0.846896137717098, 0.5317580859932933, 0.0005195195966615786, 0.0], [-0.5317582024886689, 0.8468962169249123, 0.00010883148229754065, 0.0], [-0.000382107160308694, -0.0003684277688982132, 0.9999998591275386, 0.0], [-0.003481161082163453, -0.0012189459521323442, 0.022215664386749268, 1.0]], "wheel_velocity_fl": -179.8253936767578, "wheel_velocity_fr": 170.1991424560547, "wheel_velocity_rl": -178.7412872314453, "wheel_velocity_rr": 183.3456573486328}}, {"current_time": 0.9833333846181631, "current_time_step": 59, "data": {"base_link_transform_matrix": [[0.838632000421347, 0.544698101643227, 0.0005881628641059994, 0.0], [-0.5446983541021678, 0.8386319391798143, 0.000416684405298398, 0.0], [-0.00026628495872839343, -0.0006698162203823297, 0.9999997402192421, 0.0], [-0.0033887599129229784, -0.0013885803055018187, 0.02220708131790161, 1.0]], "wheel_velocity_fl": -184.7024383544922, "wheel_velocity_fr": 182.97454833984375, "wheel_velocity_rl": -182.40731811523438, "wheel_velocity_rr": 179.15570068359375}}, {"current_time": 1.0000000521540642, "current_time_step": 60, "data": {"base_link_transform_matrix": [[0.8302560370179631, 0.5573821934719909, -5.8271594312747735e-05, 0.0], [-0.557382125847, 0.8302559798575196, 0.0004167698514705158, 0.0], [0.00028068043361962215, -0.0003135461401159423, 0.9999999114536522, 0.0], [-0.0033595962449908257, -0.0017535027582198381, 0.022316694259643555, 1.0]], "wheel_velocity_fl": -183.27259826660156, "wheel_velocity_fr": 182.4715118408203, "wheel_velocity_rl": -182.29478454589844, "wheel_velocity_rr": 181.19210815429688}}, {"current_time": 1.0166667196899652, "current_time_step": 61, "data": {"base_link_transform_matrix": [[0.8216048585414675, 0.5700572565880819, -0.00042500861756590666, 0.0], [-0.570057304204646, 0.8216049353566158, 1.0981030131831e-05, 0.0], [0.0003554489936727041, 0.00023325719908526144, 0.9999999096235419, 0.0], [-0.0032357831951230764, -0.002068392699584365, 0.022213861346244812, 1.0]], "wheel_velocity_fl": -191.72996520996094, "wheel_velocity_fr": 410.6156005859375, "wheel_velocity_rl": -182.30880737304688, "wheel_velocity_rr": 182.6546173095703}}, {"current_time": 1.0333333872258663, "current_time_step": 62, "data": {"base_link_transform_matrix": [[0.8126429063938363, 0.58276130240145, -0.0008781293437400823, 0.0], [-0.5827611527670533, 0.8126433668309706, 0.00044403968260326853, 0.0], [0.0009723751301618183, 0.00015089397041162959, 0.9999995158586907, 0.0], [-0.0035887276753783226, -0.0022783377207815647, 0.022361651062965393, 1.0]], "wheel_velocity_fl": -165.99166870117188, "wheel_velocity_fr": 182.73350524902344, "wheel_velocity_rl": -182.23553466796875, "wheel_velocity_rr": 171.65455627441406}}, {"current_time": 1.0500000547617674, "current_time_step": 63, "data": {"base_link_transform_matrix": [[0.8033998469735556, 0.5954384601421046, -0.001313798487903865, 0.0], [-0.5954376856054184, 0.8034009211285514, 0.0009604637723658794, 0.0], [0.0016274039849990792, 1.064868324698431e-05, 0.9999986757205607, 0.0], [-0.004084251821041107, -0.0024509928189218044, 0.022460967302322388, 1.0]], "wheel_velocity_fl": -172.45347595214844, "wheel_velocity_fr": 182.41351318359375, "wheel_velocity_rl": -182.26390075683594, "wheel_velocity_rr": 174.34429931640625}}, {"current_time": 1.0666667222976685, "current_time_step": 64, "data": {"base_link_transform_matrix": [[0.7937712148754061, 0.6082151068542541, -0.0012814950214473796, 0.0], [-0.6082141147051328, 0.7937722435273702, 0.0011027597095253831, 0.0], [0.001687930292806989, -9.591555437696037e-05, 0.9999985708447453, 0.0], [-0.004472706466913223, -0.0025780899450182915, 0.022326022386550903, 1.0]], "wheel_velocity_fl": -334.3506164550781, "wheel_velocity_fr": 187.66065979003906, "wheel_velocity_rl": -182.21612548828125, "wheel_velocity_rr": 169.1608428955078}}, {"current_time": 1.0833333898335695, "current_time_step": 65, "data": {"base_link_transform_matrix": [[0.7843642618180798, 0.6202549216483942, 0.007519105899178405, 0.0], [-0.620290416665754, 0.7843629910255845, 0.003807532274867525, 0.0], [-0.0035360677600960017, -0.007650521573280283, 0.9999644822414708, 0.0], [-0.0026981127448379993, -0.001288753584958613, 0.025140315294265747, 1.0]], "wheel_velocity_fl": -210.74526977539062, "wheel_velocity_fr": 181.20916748046875, "wheel_velocity_rl": -181.93882751464844, "wheel_velocity_rr": 179.0445098876953}}, {"current_time": 1.1000000573694706, "current_time_step": 66, "data": {"base_link_transform_matrix": [[0.776523021403257, 0.6299351464129085, 0.013917921702050348, 0.0], [-0.630021428120357, 0.7765736526990916, 0.0025223090168624033, 0.0], [-0.00921940019430538, -0.010727219925879744, 0.9998999597023289, 0.0], [-0.00042503513395786285, -0.0014802415389567614, 0.026754379272460938, 1.0]], "wheel_velocity_fl": -182.13604736328125, "wheel_velocity_fr": 182.4105224609375, "wheel_velocity_rl": -182.3474884033203, "wheel_velocity_rr": 203.32266235351562}}, {"current_time": 1.1166667249053717, "current_time_step": 67, "data": {"base_link_transform_matrix": [[0.7689843343927015, 0.6390182992994081, 0.017852356121978795, 0.0], [-0.6391300918833195, 0.7690982924488863, 0.0007363432806669042, 0.0], [-0.013259679778691002, -0.011976214456142227, 0.9998403628477234, 0.0], [0.0010689920745790005, -0.0021096919663250446, 0.027384847402572632, 1.0]], "wheel_velocity_fl": -182.12538146972656, "wheel_velocity_fr": 182.42083740234375, "wheel_velocity_rl": -129.07655334472656, "wheel_velocity_rr": 250.23280334472656}}, {"current_time": 1.1333333924412727, "current_time_step": 68, "data": {"base_link_transform_matrix": [[0.7611736372654591, 0.6483262211670907, 0.016964812974859328, 0.0], [-0.6484036081189996, 0.7612958214060834, -0.001197200024912322, 0.0], [-0.013691417396828665, -0.010088768846465996, 0.9998553704575619, 0.0], [0.001203341642394662, -0.003995921462774277, 0.028596535325050354, 1.0]], "wheel_velocity_fl": -182.17828369140625, "wheel_velocity_fr": 182.36776733398438, "wheel_velocity_rl": -181.16140747070312, "wheel_velocity_rr": 172.5590057373047}}, {"current_time": 1.1500000599771738, "current_time_step": 69, "data": {"base_link_transform_matrix": [[0.7534901727070943, 0.6572669754726652, 0.01589599279215225, 0.0], [-0.6573281430276512, 0.7536024630953758, -0.001743559692830424, 0.0], [-0.013125243527374979, -0.009135128329570445, 0.9998721305310742, 0.0], [0.0009054993279278278, -0.0054504042491316795, 0.02720537781715393, 1.0]], "wheel_velocity_fl": -181.63153076171875, "wheel_velocity_fr": 182.91526794433594, "wheel_velocity_rl": -235.55934143066406, "wheel_velocity_rr": 182.278564453125}}, {"current_time": 1.1666667275130749, "current_time_step": 70, "data": {"base_link_transform_matrix": [[0.7458657075152959, 0.6659882429172944, 0.012000277023548578, 0.0], [-0.6660486072196986, 0.7459069005992743, 0.0014657622876380694, 0.0], [-0.007974908990489292, -0.009086029623503487, 0.9999269197757775, 0.0], [-0.0007142929825931787, -0.00641572754830122, 0.025507852435112, 1.0]], "wheel_velocity_fl": -181.4060516357422, "wheel_velocity_fr": 183.14013671875, "wheel_velocity_rl": -205.47396850585938, "wheel_velocity_rr": 187.05003356933594}}, {"current_time": 1.183333395048976, "current_time_step": 71, "data": {"base_link_transform_matrix": [[0.7372648760159592, 0.6755793798466571, 0.005744921163812073, 0.0], [-0.6755935242926384, 0.7372739136938922, 0.0007524096913250886, 0.0], [-0.003727268037650578, -0.004435956773631162, 0.9999832147393665, 0.0], [-0.001158646191470325, 