{"Isaac Sim Data": [{"current_time": 0, "current_time_step": 0, "data": {"base_link_transform_matrix": [[1.0, 0.0, 0.0, 0.0], [0.0, 1.0, 0.0, 0.0], [0.0, 0.0, 1.0, 0.0], [0.0, 0.0, 0.025, 1.0]], "wheel_velocity_fl": -102.66139221191406, "wheel_velocity_fr": 182.26010131835938, "wheel_velocity_rl": -182.41099548339844, "wheel_velocity_rr": 179.14846801757812}}, {"current_time": 0.01666666753590107, "current_time_step": 1, "data": {"base_link_transform_matrix": [[1.0, 0.0, 0.0, 0.0], [0.0, 1.0, 0.0, 0.0], [0.0, 0.0, 1.0, 0.0], [-1.9160708689014427e-05, -6.26712881057756e-06, 0.022314950451254846, 1.0]], "wheel_velocity_fl": -1.4289188385009766, "wheel_velocity_fr": -0.9039046764373779, "wheel_velocity_rl": 6.687188148498535, "wheel_velocity_rr": -4.362363338470459}}, {"current_time": 0.03333333507180214, "current_time_step": 2, "data": {"base_link_transform_matrix": [[0.9999996734332949, -0.0003051551923937363, -0.0007483405723179744, 0.0], [0.0003052331574983362, 0.9999999480008688, 0.00010407199114832444, 0.0], [0.000748308775296433, -0.00010430037551764991, 0.9999997145776635, 0.0], [6.915390258654952e-06, -7.374682172667235e-05, 0.022266998887062073, 1.0]], "wheel_velocity_fl": 2.6270768642425537, "wheel_velocity_fr": 0.6159951090812683, "wheel_velocity_rl": 1.9044126272201538, "wheel_velocity_rr": 3.7043638229370117}}, {"current_time": 0.05000000260770321, "current_time_step": 3, "data": {"base_link_transform_matrix": [[0.999999587285916, -0.00045615222404821133, -0.000785718235906446, 0.0], [0.0004562331282079046, 0.9999998906425365, 0.00010279225530849703, 0.0], [0.0007856712610664189, -0.00010315068357334314, 0.9999996860402537, 0.0], [0.00011846185952890664, -0.00012585020158439875, 0.02225227653980255, 1.0]], "wheel_velocity_fl": 1.6954985857009888, "wheel_velocity_fr": 0.08528824150562286, "wheel_velocity_rl": 3.116590976715088, "wheel_velocity_rr": 2.317761182785034}}, {"current_time": 0.06666667014360428, "current_time_step": 4, "data": {"base_link_transform_matrix": [[0.9999994944458236, -0.000594450828912489, -0.0008110094384459074, 0.0], [0.000594569911931933, 0.9999998124975287, 0.00014659988836774812, 0.0], [0.0008109221399544747, -0.00014708201606395503, 0.9999996603860241, 0.0], [0.00014569293125532568, -0.00013896080781705678, 0.022250264883041382, 1.0]], "wheel_velocity_fl": 0.17681065201759338, "wheel_velocity_fr": -0.05531682074069977, "wheel_velocity_rl": 1.8881527185440063, "wheel_velocity_rr": -0.023762762546539307}}, {"current_time": 0.08333333767950535, "current_time_step": 5, "data": {"base_link_transform_matrix": [[0.99999940866076, -0.0006608637086571074, -0.000863676611272127, 0.0], [0.0006610543111684466, 0.9999997572109649, 0.00022042052773312175, 0.0], [0.000863530733653494, -0.00022099133453715118, 0.9999996027386722, 0.0], [0.00012739819067064673, -0.0001305735349887982, 0.02225072681903839, 1.0]], "wheel_velocity_fl": -0.5642250776290894, "wheel_velocity_fr": -0.09027443081140518, "wheel_velocity_rl": 0.9874141216278076, "wheel_velocity_rr": -0.06669813394546509}}, {"current_time": 0.10000000521540642, "current_time_step": 6, "data": {"base_link_transform_matrix": [[0.9999993188532013, -0.0007409343648481436, -0.0009018366817069708, 0.0], [0.0007411832635553859, 0.9999996873217069, 0.0002756879729677153, 0.0], [0.0009016321330290693, -0.0002763562114386766, 0.9999995553432717, 0.0], [0.0001140326785389334, -0.00012951725511811674, 0.022251099348068237, 1.0]], "wheel_velocity_fl": -0.31067079305648804, "wheel_velocity_fr": -0.18323808908462524, "wheel_velocity_rl": 0.9336184859275818, "wheel_velocity_rr": -0.12864944338798523}}, {"current_time": 0.11666667275130749, "current_time_step": 7, "data": {"base_link_transform_matrix": [[0.9999937333419151, 0.003475512707786394, -0.0006738607547969133, 0.0], [-0.0034751646548267525, 0.9999938279566717, 0.0005169905070474553, 0.0], [0.0006756534027761858, -0.0005146454901673695, 0.9999996393161843, 0.0], [0.00019670749315991998, -0.0001291572698391974, 0.022439390420913696, 1.0]], "wheel_velocity_fl": -144.0070037841797, "wheel_velocity_fr": 180.95819091796875, "wheel_velocity_rl": -181.5487823486328, "wheel_velocity_rr": 86.71725463867188}}, {"current_time": 0.13333334028720856, "current_time_step": 8, "data": {"base_link_transform_matrix": [[0.99989774727362, 0.014267430094330713, -0.000967179219797589, 0.0], [-0.014266383358917572, 0.9998976460109831, 0.0010806514476349603, 0.0], [0.0009824983441318175, -0.0010667427985517621, 0.9999989483778498, 0.0], [-8.70700750965625e-05, 5.541049176827073e-06, 0.02245718240737915, 1.0]], "wheel_velocity_fl": -164.8079376220703, "wheel_velocity_fr": 181.87710571289062, "wheel_velocity_rl": -181.5842742919922, "wheel_velocity_rr": 137.64065551757812}}, {"current_time": 0.15000000782310963, "current_time_step": 9, "data": {"base_link_transform_matrix": [[0.9996068580337013, 0.02803600333192557, -0.00033449837651138806, 0.0], [-0.02803555291714389, 0.9996061035569531, 0.0012827721215656208, 0.0], [0.0003703304222649902, -0.0012728899630760516, 0.999999121302874, 0.0], [-3.910360101144761e-05, 0.0001711103686830029, 0.022363990545272827, 1.0]], "wheel_velocity_fl": -182.4856414794922, "wheel_velocity_fr": 161.51902770996094, "wheel_velocity_rl": -182.3422088623047, "wheel_velocity_rr": 184.6826934814453}}, {"current_time": 0.1666666753590107, "current_time_step": 10, "data": {"base_link_transform_matrix": [[0.9990936124500355, 0.04256578417340865, -0.00032799274554759175, 0.0], [-0.0425657347614088, 0.9990936561850675, 0.0001561889098683356, 0.0], [0.00033434377477905755, -0.00014208608997434339, 0.9999999340128894, 0.0], [-2.934177973656915e-05, 0.0003112825797870755, 0.022348985075950623, 1.0]], "wheel_velocity_fl": -190.54830932617188, "wheel_velocity_fr": 182.371826171875, "wheel_velocity_rl": -184.0496368408203, "wheel_velocity_rr": 143.9325714111328}}, {"current_time": 0.18333334289491177, "current_time_step": 11, "data": {"base_link_transform_matrix": [[0.9983188261985063, 0.057960518261829, -0.0003155637125580869, 0.0], [-0.05796040130487281, 0.9983188150522201, 0.0003679582983346688, 0.0], [0.0003363602452646868, -0.0003490494970663441, 0.9999998825131101, 0.0], [0.00015529541997238994, 0.0006366063607856631, 0.022255659103393555, 1.0]], "wheel_velocity_fl": -191.57290649414062, "wheel_velocity_fr": 174.18101501464844, "wheel_velocity_rl": -185.72581481933594, "wheel_velocity_rr": 182.43060302734375}}, {"current_time": 0.20000001043081284, "current_time_step": 12, "data": {"base_link_transform_matrix": [[0.9972900243007111, 0.07356786235809976, -0.0006140507688966987, 0.0], [-0.07356821676644382, 0.9972900208515185, -0.0005760137006474257, 0.0], [0.0005700106074712701, 0.0006196273375880074, 0.9999996455748721, 0.0], [0.00014259069575928152, 0.0008494227658957243, 0.022192910313606262, 1.0]], "wheel_velocity_fl": -224.55718994140625, "wheel_velocity_fr": 164.51275634765625, "wheel_velocity_rl": -186.76528930664062, "wheel_velocity_rr": 154.79432678222656}}, {"current_time": 0.2166666779667139, "current_time_step": 13, "data": {"base_link_transform_matrix": [[0.9959805173760159, 0.089569848187537, -0.00022650179968101248, 0.0], [-0.08956966487747223, 0.9959802994566183, 0.0007198805749795911, 0.0], [0.0002900709240878366, -0.0006966993372255442, 0.9999997152344057, 0.0], [0.0004856548039242625, 0.0014094077050685883, 0.022139236330986023, 1.0]], "wheel_velocity_fl": -195.19622802734375, "wheel_velocity_fr": 175.0404510498047, "wheel_velocity_rl": -166.78598022460938, "wheel_velocity_rr": 74.65211486816406}}, {"current_time": 0.23333334550261497, "current_time_step": 14, "data": {"base_link_transform_matrix": [[0.9943816255390697, 0.10583503884207769, 0.0020315864670874587, 0.0], [-0.10583809850593014, 0.9943822997788173, 0.0014624606796051205, 0.0], [-0.0018653940405109304, -0.0016692632764996294, 0.9999968669276856, 0.0], [0.0014068391174077988, 0.0014279618626460433, 0.022131413221359253, 1.0]], "wheel_velocity_fl": -182.238037109375, "wheel_velocity_fr": 185.98680114746094, "wheel_velocity_rl": -167.0867156982422, "wheel_velocity_rr": 179.79632568359375}}, {"current_time": 0.25000001303851604, "current_time_step": 15, "data": {"base_link_transform_matrix": [[0.9925792448168336, 0.12159893608604011, 0.0003761669675161769, 0.0], [-0.12159923830616043, 0.9925788471100349, 0.0009260200189828695, 0.0], [-0.0002607723258353932, -0.0009648898678531918, 0.9999995004925437, 0.0], [0.0014003502437844872, 0.000938818440772593, 0.02205832302570343, 1.0]], "wheel_velocity_fl": -181.3437042236328, "wheel_velocity_fr": 150.62884521484375, "wheel_velocity_rl": -194.58689880371094, "wheel_velocity_rr": 239.86485290527344}}, {"current_time": 0.2666666805744171, "current_time_step": 16, "data": {"base_link_transform_matrix": [[0.9907372968078315, 0.135783631750388, -0.0015537253894217058, 0.0], [-0.13578533367579754, 0.9907377280585868, -0.001047549455614061, 0.0], [0.0013970942928211848, 0.0012488194363707752, 0.9999982442872349, 0.0], [0.0012544512283056974, 0.0006011651130393147, 0.022298678755760193, 1.0]], "wheel_velocity_fl": -181.91836547851562, "wheel_velocity_fr": 184.81716918945312, "wheel_velocity_rl": -183.07528686523438, "wheel_velocity_rr": 173.74838256835938}}, {"current_time": 0.2833333481103182, "current_time_step": 17, "data": {"base_link_transform_matrix": [[0.9886407813593852, 0.15029695829754688, 0.00047933246270950863, 0.0], [-0.15029610163533305, 0.9886399028305141, -0.0014914303514996822, 0.0], [-0.0006980446446996831, 0.0014024470675172453, 0.9999987729371955, 0.0], [0.001663224888034165, 0.0005244942731224, 0.022015079855918884, 1.0]], "wheel_velocity_fl": -155.3302459716797, "wheel_velocity_fr": 187.7863311767578, "wheel_velocity_rl": -186.1337890625, "wheel_velocity_rr": 182.2807159423828}}, {"current_time": 0.30000001564621925, "current_time_step": 18, "data": {"base_link_transform_matrix": [[0.9863126936384243, 0.16487956599728376, 0.0014138897634326797, 0.0], [-0.1648794548701928, 0.9863137062319018, -0.00019560367485849084, 0.0], [-0.001426789901792775, -4.0194986006073395e-05, 0.9999989813269508, 0.0], [0.0015465233009308577, 0.0006810579216107726, 0.022076144814491272, 1.0]], "wheel_velocity_fl": -181.2766571044922, "wheel_velocity_fr": 176.3629608154297, "wheel_velocity_rl": -157.62611389160156, "wheel_velocity_rr": 182.31898498535156}}, {"current_time": 0.3166666831821203, "current_time_step": 19, "data": {"base_link_transform_matrix": [[0.9837586755346376, 0.17949312563301592, 0.001042190398116069, 0.0], [-0.179493793646234, 0.9837589308102332, 0.0005865949112823946, 0.0], [-0.0009199743576448567, -0.0007641345412580589, 0.9999992848725363, 0.0], [0.0012689882423728704, 0.0006899909931235015, 0.02212926745414734, 1.0]], "wheel_velocity_fl": -182.4131622314453, "wheel_velocity_fr": 168.19195556640625, "wheel_velocity_rl": -177.7289581298828, "wheel_velocity_rr": 158.22198486328125}}, {"current_time": 0.3333333507180214, "current_time_step": 20, "data": {"base_link_transform_matrix": [[0.9808513270922998, 0.1947577199897508, 0.00032348982685606365, 0.0], [-0.19475763115141823, 0.980851356131851, -0.0002868494323049017, 0.0], [-0.0003731615767826847, 0.00021835453397186627, 0.9999999065358632, 0.0], [0.0012105060741305351, 0.00022692998754791915, 0.02216888964176178, 1.0]], "wheel_velocity_fl": -182.28810119628906, "wheel_velocity_fr": 173.86045837402344, "wheel_velocity_rl": -176.67962646484375, "wheel_velocity_rr": 182.38006591796875}}, {"current_time": 0.35000001825392246, "current_time_step": 21, "data": {"base_link_transform_matrix": [[0.9776819861982664, 0.2100900795754271, 0.00030385424714322157, 0.0], [-0.2100901415170849, 0.9776820019506339, 0.00018841213315368502, 0.0], [-0.0002574893086009539, -0.0002480439303484337, 0.9999999360867302, 0.0], [0.0013019568286836147, 5.9345558838685974e-05, 0.022127360105514526, 1.0]], "wheel_velocity_fl": -178.07408142089844, "wheel_velocity_fr": 167.7698211669922, "wheel_velocity_rl": -182.3230438232422, "wheel_velocity_rr": 183.06459045410156}}, {"current_time": 0.36666668578982353, "current_time_step": 22, "data": {"base_link_transform_matrix": [[0.9742845525796846, 0.22532112139815916, -5.344604502216628e-05, 0.0], [-0.22532100852562512, 0.9742842537021018, 0.0007975619936374303, 0.0], [0.00023177920287868747, -0.0007650098133595045, 0.9999996805191422, 0.0], [0.0012836139649152756, -0.00014934978389646858, 0.02233600616455078, 1.0]], "wheel_velocity_fl": -202.534912109375, "wheel_velocity_fr": 183.11456298828125, "wheel_velocity_rl": -182.02525329589844, "wheel_velocity_rr": 197.2803955078125}}, {"current_time": 0.3833333533257246, "current_time_step": 23, "data": {"base_link_transform_matrix": [[0.9707963942435265, 0.23990411785697296, -0.0006125022734986135, 0.0], [-0.23990320341940607, 0.9707959669630318, 0.001281997433364729, 0.0], [0.0009021712002144108, -0.001097617228225948, 0.9999989906612635, 0.0], [0.001198464771732688, -0.0004107709974050522, 0.02246551215648651, 1.0]], "wheel_velocity_fl": -181.16220092773438, "wheel_velocity_fr": 182.3591766357422, "wheel_velocity_rl": -182.24232482910156, "wheel_velocity_rr": 177.48106384277344}}, {"current_time": 0.40000002086162567, "current_time_step": 24, "data": {"base_link_transform_matrix": [[0.9670838812868904, 0.2544550376441696, -0.0011833733933345957, 0.0], [-0.25445303311159134, 0.9670837814166349, 0.0016166821622828928, 0.0], [0.0015557941365162066, -0.0012623543110702783, 0.9999979929810849, 0.0], [0.0011486080475151539, -0.0007245747838169336, 0.022340089082717896, 1.0]], "wheel_velocity_fl": -184.12823486328125, "wheel_velocity_fr": 259.4042053222656, "wheel_velocity_rl": -182.2224578857422, "wheel_velocity_rr": 194.60423278808594}}, {"current_time": 0.41666668839752674, "current_time_step": 25, "data": {"base_link_transform_matrix": [[0.9631822682450475, 0.2688434077153538, -0.00177207966003648, 0.0], [-0.2688392664839016, 0.9631823832604314, 0.0022683414983606398, 0.0], [0.0023166645685626978, -0.0017084217135901214, 0.9999958571716812, 0.0], [0.0010105938417837024, -0.0009118931484408677, 0.022476062178611755, 1.0]], "wheel_velocity_fl": -178.31739807128906, "wheel_velocity_fr": 149.31886291503906, "wheel_velocity_rl": -182.42581176757812, "wheel_velocity_rr": 188.48402404785156}}, {"current_time": 0.4333333559334278, "current_time_step": 26, "data": {"base_link_transform_matrix": [[0.9590211329258886, 0.2833323157740682, -0.0011249176186866332, 0.0], [-0.2833315426414115, 0.9590216882647425, 0.0007989882858276401, 0.0], [0.0013051995951315074, -0.0004475220068219501, 0.9999990480885821, 0.0], [0.0013059285702183843, -0.0011954071233049035, 0.022311538457870483, 1.0]], "wheel_velocity_fl": -182.4627227783203, "wheel_velocity_fr": 173.97158813476562, "wheel_velocity_rl": -182.42376708984375, "wheel_velocity_rr": 197.91009521484375}}, {"current_time": 0.4500000234693289, "current_time_step": 27, "data": {"base_link_transform_matrix": [[0.9546545313481555, 0.297715427982859, 0.000499717336776543, 0.0], [-0.2977156687429975, 0.9546544524526721, 0.0005069489111528257, 0.0], [-0.0003261308684722104, -0.0006327347562949567, 0.9999997466426603, 0.0], [0.0015143691562116146, -0.0008172214729711413, 0.02231357991695404, 1.0]], "wheel_velocity_fl": -176.02386474609375, "wheel_velocity_fr": 182.76280212402344, "wheel_velocity_rl": -190.27188110351562, "wheel_velocity_rr": 129.52850341796875}}, {"current_time": 0.46666669100522995, "current_time_step": 28, "data": {"base_link_transform_matrix": [[0.9499456908802693, 0.3124150830897125, 1.53641135780415e-05, 0.0], [-0.3124147172656429, 0.9499445009407332, 0.001577836585225962, 0.0], [0.00047834489267006765, -0.0015036590402481623, 0.9999987550970523, 0.0], [0.0010458965552970767, -3.7643039831891656e-05, 0.02225455641746521, 1.0]], "wheel_velocity_fl": -182.422607421875, "wheel_velocity_fr": 176.13710021972656, "wheel_velocity_rl": -172.42698669433594, "wheel_velocity_rr": 182.28482055664062}}, {"current_time": 0.483333358541131, "current_time_step": 29, "data": {"base_link_transform_matrix": [[0.944899185292455, 0.32736014789135387, -0.000929088911649785, 0.0], [-0.3273591868945444, 0.9448993915704966, 0.0010500311653222473, 0.0], [0.0012216339049031981, -0.0006880278019742678, 0.99999901711369, 0.0], [0.000851165852509439, 0.0002896165824495256, 0.02242136001586914, 1.0]], "wheel_velocity_fl": -171.04327392578125, "wheel_velocity_fr": 177.64329528808594, "wheel_velocity_rl": -181.43609619140625, "wheel_velocity_rr": 175.04177856445312}}, {"current_time": 0.5000000260770321, "current_time_step": 30, "data": {"base_link_transform_matrix": [[0.9395200092497437, 0.34249381228149156, -0.00037519095413319825, 0.0], [-0.34249389431459276, 0.9395200370006435, -0.00018008757334331214, 0.0], [0.0002908205395706555, 0.00029769648956595935, 0.9999999134001032, 0.0], [0.0012201977660879493, 0.00043233513133600354, 0.022173255681991577, 1.0]], "wheel_velocity_fl": -181.88092041015625, "wheel_velocity_fr": 179.66436767578125, "wheel_velocity_rl": -175.29942321777344, "wheel_velocity_rr": 182.3369140625}}, {"current_time": 0.5166666936129332, "current_time_step": 31, "data": {"base_link_transform_matrix": [[0.9338564813748154, 0.3576477026378396, -0.0004393086893841255, 0.0], [-0.35764776595797365, 0.9338565576398967, -7.251367241386159e-05, 0.0], [0.0003843169520609036, 0.00022483513429613264, 0.9999999008748165, 0.0], [0.0013781444868072867, 0.0007617952069267631, 0.022178679704666138, 1.0]], "wheel_velocity_fl": -174.54583740234375, "wheel_velocity_fr": 197.091064453125, "wheel_velocity_rl": -174.671875, "wheel_velocity_rr": 158.45166015625}}, {"current_time": 0.5333333611488342, "current_time_step": 32, "data": {"base_link_transform_matrix": [[0.9279428566732846, 0.372722310190094, 0.00036638174527187583, 0.0], [-0.3727222289724778, 0.9279429217798016, -0.00027193483165370623, 0.0], [-0.00044133752586949116, 0.00011578136376114877, 0.9999998959079266, 0.0], [0.0017756910528987646, 0.0008801283547654748, 0.022072911262512207, 1.0]], "wheel_velocity_fl": -181.32981872558594, "wheel_velocity_fr": 180.3602752685547, "wheel_velocity_rl": -174.27728271484375, "wheel_velocity_rr": 177.19979858398438}}, {"current_time": 0.5500000286847353, "current_time_step": 33, "data": {"base_link_transform_matrix": [[0.9218601647745327, 0.3875226855578753, -6.913670221810898e-05, 0.0], [-0.3875226360188728, 0.9218601132464366, 0.00037172335310052773, 0.0], [0.00020778560021436594, -0.00031588491445058085, 0.99999992852093, 0.0], [0.0019063702784478664, 0.0010360598098486662, 0.02207861840724945, 1.0]], "wheel_velocity_fl": -182.01866149902344, "wheel_velocity_fr": 173.116943359375, "wheel_velocity_rl": -183.46044921875, "wheel_velocity_rr": 177.50914001464844}}, {"current_time": 0.5666666962206364, "current_time_step": 34, "data": {"base_link_transform_matrix": [[0.9156368627857786, 0.40200615946252016, -0.0004280911259409979, 0.0], [-0.4020063749046452, 0.9156360497014281, -0.001224346025317449, 0.0], [-0.00010021897602221718, 0.0012931517152542948, 0.9999991588570454, 0.0], [0.0023648806381970644, 0.0005957259563729167, 0.022070735692977905, 1.0]], "wheel_velocity_fl": -183.1766357421875, "wheel_velocity_fr": 228.5798797607422, "wheel_velocity_rl": -186.83270263671875, "wheel_velocity_rr": 182.2667694091797}}, {"current_time": 0.5833333637565374, "current_time_step": 35, "data": {"base_link_transform_matrix": [[0.9093357727108112, 0.41606232863116993, 0.0007688708865256996, 0.0], [-0.4160612166562618, 0.9093357065903539, -0.0012793413668749252, 0.0], [-0.001231447499091764, 0.0008434535139086544, 0.999998886060993, 0.0], [0.0028362711891531944, 0.00025720111443661153, 0.021951884031295776, 1.0]], "wheel_velocity_fl": -165.89459228515625, "wheel_velocity_fr": 172.0315399169922, "wheel_velocity_rl": -175.025390625, "wheel_velocity_rr": 182.2825164794922}}, {"current_time": 0.6000000312924385, "current_time_step": 36, "data": {"base_link_transform_matrix": [[0.9026892900684205, 0.4302915098990357, 0.0011234342789762806, 0.0], [-0.43029164277044335, 0.9026899160161588, -0.00013298365878885738, 0.0], [-0.0010713345342709282, -0.00036336145690251764, 0.999999360105179, 0.0], [0.0027252244763076305, 4.772752072312869e-05, 0.02202261984348297, 1.0]], "wheel_velocity_fl": -182.35205078125, "wheel_velocity_fr": 174.71148681640625, "wheel_velocity_rl": -182.29478454589844, "wheel_velocity_rr": 182.33993530273438}}, {"current_time": 0.6166666988283396, "current_time_step": 37, "data": {"base_link_transform_matrix": [[0.8958989522606349, 0.4442572531678957, 0.0007485626312898289, 0.0], [-0.444257590116864, 0.8958990257003823, 0.0003596841145785154, 0.0], [-0.0005108442552974942, -0.0006547952520240441, 0.999999655140603, 0.0], [0.0026541606057435274, -0.00022577022900804877, 0.022132128477096558, 1.0]], "wheel_velocity_fl": -182.83761596679688, "wheel_velocity_fr": 176.87220764160156, "wheel_velocity_rl": -177.53424072265625, "wheel_velocity_rr": 179.7244415283203}}, {"current_time": 0.6333333663642406, "current_time_step": 38, "data": {"base_link_transform_matrix": [[0.8888642436997602, 0.4581704108653069, 0.0004804992913975899, 0.0], [-0.45817043965490717, 0.8888643570429174, -5.481888340605922e-05, 0.0], [-0.00045221508404102767, -0.00017142402625431295, 0.9999998830576536, 0.0], [0.0027023402508348227, -0.0006287805736064911, 0.022152766585350037, 1.0]], "wheel_velocity_fl": -182.2774200439453, "wheel_velocity_fr": 170.11300659179688, "wheel_velocity_rl": -177.76507568359375, "wheel_velocity_rr": 181.26890563964844}}, {"current_time": 0.6500000339001417, "current_time_step": 39, "data": {"base_link_transform_matrix": [[0.8815443305265476, 0.4721011694457381, 0.0002812907171689477, 0.0], [-0.47210122554505696, 0.8815443264331042, 0.00018268130689246564, 0.0], [-0.00016172617717877605, -0.0002938393626941416, 0.9999999437515347, 0.0], [0.0027533050160855055, -0.0008261447073891759, 0.02213546633720398, 1.0]], "wheel_velocity_fl": -182.03805541992188, "wheel_velocity_fr": 179.39903259277344, "wheel_velocity_rl": -183.071533203125, "wheel_velocity_rr": 180.11647033691406}}, {"current_time": 0.6666667014360428, "current_time_step": 40, "data": {"base_link_transform_matrix": [[0.8740196793094384, 0.48589048669167073, -0.0001874095992025207, 0.0], [-0.48589014464169383, 0.8740194152377805, 0.000910564375620628, 0.0], [0.0006062341959393381, -0.0007047907063067856, 0.9999995678749867, 0.0], [0.0027468123007565737, -0.0010238562244921923, 0.022377759218215942, 1.0]], "wheel_velocity_fl": -190.34539794921875, "wheel_velocity_fr": 182.5375518798828, "wheel_velocity_rl": -182.2676239013672, "wheel_velocity_rr": 182.1568145751953}}, {"current_time": 0.6833333689719439, "current_time_step": 41, "data": {"base_link_transform_matrix": [[0.8665215337683105, 0.49913925262598463, -0.0006618185462439959, 0.0], [-0.49913810894236516, 0.8665213636579927, 0.0013691332047361157, 0.0], [0.0012568680337429017, -0.0008560445468658478, 0.9999988437345713, 0.0], [0.002754322485998273, -0.001326593104749918, 0.02246001362800598, 1.0]], "wheel_velocity_fl": -184.7166290283203, "wheel_velocity_fr": 182.36585998535156, "wheel_velocity_rl": -182.26699829101562, "wheel_velocity_rr": 179.4540252685547}}, {"current_time": 0.7000000365078449, "current_time_step": 42, "data": {"base_link_transform_matrix": [[0.8589186131923935, 0.5121098676840832, -0.0015163549209988244, 0.0], [-0.5121079279054626, 0.858919799494378, 0.0014994041853554213, 0.0], [0.002070286943673949, -0.0005113287869383899, 0.9999977262248362, 0.0], [0.0026966864243149757, -0.001754026859998703, 0.022411346435546875, 1.0]], "wheel_velocity_fl": -185.77174377441406, "wheel_velocity_fr": 182.88368225097656, "wheel_velocity_rl": -181.81654357910156, "wheel_velocity_rr": 196.55348205566406}}, {"current_time": 0.716666704043746, "current_time_step": 43, "data": {"base_link_transform_matrix": [[0.8511950342699725, 0.5248454307262336, -0.002070623078873922, 0.0], [-0.5248404904109076, 0.8511969094621501, 0.002506181821459047, 0.0], [0.003077866042960414, -0.0010465026892312829, 0.99999471577241, 0.0], [0.0025743902660906315, -0.0018793566850945354, 0.02257193624973297, 1.0]], "wheel_velocity_fl": -165.7176971435547, "wheel_velocity_fr": 137.55711364746094, "wheel_velocity_rl": -182.22132873535156, "wheel_velocity_rr": 188.37002563476562}}, {"current_time": 0.7333333715796471, "current_time_step": 44, "data": {"base_link_transform_matrix": [[0.8433047157398023, 0.5374349509567491, -0.000910989093219727, 0.0], [-0.5374342373430456, 0.8433051586679186, 0.0009218978119421293, 0.0], [0.0012637019071506576, -0.00028784404369862636, 0.9999991601012955, 0.0], [0.003097462933510542, -0.00203705788590014, 0.022330284118652344, 1.0]], "wheel_velocity_fl": -182.26864624023438, "wheel_velocity_fr": 168.6692352294922, "wheel_velocity_rl": -182.31155395507812, "wheel_velocity_rr": 186.49386596679688}}, {"current_time": 0.7500000391155481, "current_time_step": 45, "data": {"base_link_transform_matrix": [[0.8351050161519273, 0.5500904543996035, 0.00032245360398936373, 0.0], [-0.5500905403901988, 0.8351047565895869, 0.000665503317616948, 0.0], [9.680448392137791e-05, -0.0007331438360769389, 0.9999997265644663, 0.0], [0.0031246435828506947, -0.0016780521254986525, 0.022365808486938477, 1.0]], "wheel_velocity_fl": -176.43283081054688, "wheel_velocity_fr": 183.104248046875, "wheel_velocity_rl": -187.26515197753906, "wheel_velocity_rr": 183.06790161132812}}, {"current_time": 0.7666667066514492, "current_time_step": 46, "data": {"base_link_transform_matrix": [[0.8263507575600071, 0.5631554009208823, -0.0006479920081744754, 0.0], [-0.5631549410191314, 0.8263509673809094, 0.0007688396281434168, 0.0], [0.0009684450118410438, -0.00027041130801410144, 0.999999494495864, 0.0], [0.0026231082156300545, -0.001387870404869318, 0.022235870361328125, 1.0]], "wheel_velocity_fl": -182.2160186767578, "wheel_velocity_fr": 170.9208984375, "wheel_velocity_rl": -181.59024047851562, "wheel_velocity_rr": 182.2629852294922}}, {"current_time": 0.7833333741873503, "current_time_step": 47, "data": {"base_link_transform_matrix": [[0.8172007992714242, 0.5763524714879336, -0.000826002358473202, 0.0], [-0.5763519571271194, 0.8172011994563121, 0.0007881135094631349, 0.0], [0.00112924128709015, -0.00016797891395223442, 0.9999993482983877, 0.0], [0.002502082148566842, -0.0009157606982626021, 0.022420600056648254, 1.0]], "wheel_velocity_fl": -170.48878479003906, "wheel_velocity_fr": 188.50469970703125, "wheel_velocity_rl": -182.48260498046875, "wheel_velocity_rr": 172.7366943359375}}, {"current_time": 0.8000000417232513, "current_time_step": 48, "data": {"base_link_transform_matrix": [[0.807797403952546, 0.5894601448410159, -0.000303004184731428, 0.0], [-0.5894601621429154, 0.8077974472561857, 3.811610817596023e-05, 0.0], [0.0002672339335801666, 0.00014781880262845437, 0.9999999533678121, 0.0], [0.002762540942057967, -0.0006368744070641696, 0.0221443772315979, 1.0]], "wheel_velocity_fl": -182.02308654785156, "wheel_velocity_fr": 182.29002380371094, "wheel_velocity_rl": -175.99717712402344, "wheel_velocity_rr": 182.32748413085938}}, {"current_time": 0.8166667092591524, "current_time_step": 49, "data": {"base_link_transform_matrix": [[0.7981723269213407, 0.6024291597073795, -0.00020993149601954473, 0.0], [-0.6024291960475273, 0.7981722879343964, -0.0002500461976693408, 0.0], [1.692638173744433e-05, 0.0003260488178036802, 0.9999999467028315, 0.0], [0.0029056717175990343, -0.00042337735067121685, 0.022176936268806458, 1.0]], "wheel_velocity_fl": -167.91029357910156, "wheel_velocity_fr": 189.48529052734375, "wheel_velocity_rl": -176.81314086914062, "wheel_velocity_rr": 179.18359375}}, {"current_time": 0.8333333767950535, "current_time_step": 50, "data": {"base_link_transform_matrix": [[0.788396904314552, 0.6151669050200298, -1.5339779255368217e-05, 0.0], [-0.6151668990264395, 0.7883968926069751, -0.0001614616365868528, 0.0], [-8.723202096039379e-05, 0.00013673237888691092, 0.9999999868474154, 0.0], [0.0030341821257025003, -0.0002317780308658257, 0.022088617086410522, 1.0]], "wheel_velocity_fl": -182.2462921142578, "wheel_velocity_fr": 178.6371612548828, "wheel_velocity_rl": -173.80792236328125, "wheel_velocity_rr": 182.30621337890625}}, {"current_time": 0.8500000443309546, "current_time_step": 51, "data": {"base_link_transform_matrix": [[0.7784411692928852, 0.6277175058454987, -0.00028072233969279946, 0.0], [-0.6277174669422085, 0.7784412198990298, 0.00022103793262371203, 0.0], [0.0003572752203271746, 4.149289256369905e-06, 0.9999999361685982, 0.0], [0.003162254113703966, -0.00012717653589788824, 0.02199321985244751, 1.0]], "wheel_velocity_fl": -181.83401489257812, "wheel_velocity_fr": 168.49522399902344, "wheel_velocity_rl": -183.30178833007812, "wheel_velocity_rr": 182.2588653564453}}, {"current_time": 0.8666667118668556, "current_time_step": 52, "data": {"base_link_transform_matrix": [[0.7684966667574161, 0.6398535487921321, -0.0005561302505684278, 0.0], [-0.6398531817788028, 0.7684944465502856, -0.0020472881849850693, 0.0], [-0.0008825816014424438, 0.0019291758563625176, 0.999997749662584, 0.0], [0.003777914447709918, -0.0006025687325745821, 0.02203148603439331, 1.0]], "wheel_velocity_fl": -122.27197265625, "wheel_velocity_fr": 194.29324340820312, "wheel_velocity_rl": -182.9781951904297, "wheel_velocity_rr": 182.44403076171875}}, {"current_time": 0.8833333794027567, "current_time_step": 53, "data": {"base_link_transform_matrix": [[0.7583207353959355, 0.6518802868894346, 0.0013243237957919493, 0.0], [-0.6518792143679489, 0.7583218910355363, -0.00118298407172582, 0.0], [-0.0017754277212305696, 3.3782195663165896e-05, 0.999998423356342, 0.0], [0.00416810717433691, -0.0005625799531117082, 0.021922051906585693, 1.0]], "wheel_velocity_fl": -185.29598999023438, "wheel_velocity_fr": 173.5435791015625, "wheel_velocity_rl": -194.75762939453125, "wheel_velocity_rr": 183.2159881591797}}, {"current_time": 0.9000000469386578, "current_time_step": 54, "data": {"base_link_transform_matrix": [[0.7479608137625491, 0.6637422258005768, 0.0009374246430483837, 0.0], [-0.6637423727535995, 0.7479612468225842, -0.00018937535991212239, 0.0], [-0.0008268537277165424, -0.00048056310854818356, 0.9999995426859013, 0.0], [0.003979611210525036, -0.0007157968357205391, 0.022128358483314514, 1.0]], "wheel_velocity_fl": -182.38897705078125, "wheel_velocity_fr": 178.69947814941406, "wheel_velocity_rl": -177.9545135498047, "wheel_velocity_rr": 182.19720458984375}}, {"current_time": 0.9166667144745588, "current_time_step": 55, "data": {"base_link_transform_matrix": [[0.7374872349031082, 0.6753608754593647, 0.0005159977985877551, 0.0], [-0.6753609390200221, 0.7374873543077318, -6.543833677463882e-05, 0.0], [-0.00042473634372182227, -0.0003002248197419038, 0.9999998647320388, 0.0], [0.00400150939822197, -0.0010558951180428267, 0.022189557552337646, 1.0]], "wheel_velocity_fl": -176.22509765625, "wheel_velocity_fr": 180.63836669921875, "wheel_velocity_rl": -178.8238067626953, "wheel_velocity_rr": 182.08119201660156}}, {"current_time": 0.9333333820104599, "current_time_step": 56, "data": {"base_link_transform_matrix": [[0.7267967630715834, 0.686852493762632, 0.0003420536832417335, 0.0], [-0.686852337240084, 0.7267968349761799, -0.00047696587044265316, 0.0], [-0.0005762087319252376, 0.0001117168789371765, 0.9999998277514033, 0.0], [0.004161617252975702, -0.001430950709618628, 0.022059425711631775, 1.0]], "wheel_velocity_fl": -173.319580078125, "wheel_velocity_fr": 171.441650390625, "wheel_velocity_rl": -177.9953155517578, "wheel_velocity_rr": 160.09788513183594}}, {"current_time": 0.950000049546361, "current_time_step": 57, "data": {"base_link_transform_matrix": [[0.7157518663669622, 0.6983545718292768, 0.0003972371555155831, 0.0], [-0.6983546112989206, 0.715751936222096, -5.168998055663613e-05, 0.0], [-0.0003204211974391297, -0.0002404151992776896, 0.9999999197653908, 0.0], [0.004342276602983475, -0.001617120928131044, 0.022174715995788574, 1.0]], "wheel_velocity_fl": -180.43765258789062, "wheel_velocity_fr": 171.1845703125, "wheel_velocity_rl": -179.32545471191406, "wheel_velocity_rr": 181.8569793701172}}, {"current_time": 0.966666717082262, "current_time_step": 58, "data": {"base_link_transform_matrix": [[0.7046855431757235, 0.7095197384270282, -0.00016131204795445003, 0.0], [-0.7095194825291855, 0.7046854524889683, 0.0007190006501295897, 0.0], [0.0006238194067135135, -0.00039221532288990384, 0.9999997285082073, 0.0], [0.004398309160023928, -0.001852488610893488, 0.02241581678390503, 1.0]], "wheel_velocity_fl": -180.2969207763672, "wheel_velocity_fr": 182.50926208496094, "wheel_velocity_rl": -182.26646423339844, "wheel_velocity_rr": 186.7579803466797}}, {"current_time": 0.9833333846181631, "current_time_step": 59, "data": {"base_link_transform_matrix": [[0.6937834871077287, 0.720183404776897, -0.0005800867143968232, 0.0], [-0.7201824294402793, 0.6937835732812907, 0.0012734875503993823, 0.0], [0.0013195992335148488, -0.0004657563742440294, 0.999999020863952, 0.0], [0.004529672209173441, -0.002166006714105606, 0.02244327962398529, 1.0]], "wheel_velocity_fl": -181.733642578125, "wheel_velocity_fr": 182.3309326171875, "wheel_velocity_rl": -182.30816650390625, "wheel_velocity_rr": 181.73162841796875}}, {"current_time": 1.0000000521540642, "current_time_step": 60, "data": {"base_link_transform_matrix": [[0.6829522736105783, 0.7304611886430704, -0.0016259939404658775, 0.0], [-0.7304597018458988, 0.6829541870045277, 0.0014840593604334381, 0.0], [0.002194527134124246, 0.00017418133457486578, 0.9999975768528243, 0.0], [0.004565848503261805, -0.0026759100146591663, 0.02239328622817993, 1.0]], "wheel_velocity_fl": -184.45840454101562, "wheel_velocity_fr": 182.30288696289062, "wheel_velocity_rl": -182.34243774414062, "wheel_velocity_rr": 176.75326538085938}}, {"current_time": 1.0166667196899652, "current_time_step": 61, "data": {"base_link_transform_matrix": [[0.6719292639420278, 0.740612987059072, -0.0018621648057128132, 0.0], [-0.7406097642238428, 0.6719318382564966, 0.002186749539663208, 0.0], [0.0028707829295591815, -9.020357090656341e-05, 0.9999958752258367, 0.0], [0.004600611049681902, -0.0028005377389490604, 0.02257537841796875, 1.0]], "wheel_velocity_fl": -153.75697326660156, "wheel_velocity_fr": 172.1317901611328, "wheel_velocity_rl": -181.88568115234375, "wheel_velocity_rr": 193.58155822753906}}, {"current_time": 1.0333333872258663, "current_time_step": 62, "data": {"base_link_transform_matrix": [[0.6606428925362877, 0.7507000239458919, -0.000665273571044904, 0.0], [-0.750699550470882, 0.6606432248744838, 0.0008451924384670216, 0.0], [0.0010739944611949492, -5.894980657508372e-05, 0.9999994215302415, 0.0], [0.004852099809795618, -0.0028404248878359795, 0.022281691431999207, 1.0]], "wheel_velocity_fl": -202.9339141845703, "wheel_velocity_fr": 164.72964477539062, "wheel_velocity_rl": -182.2849884033203, "wheel_velocity_rr": 193.1063690185547}}, {"current_time": 1.0500000547617674, "current_time_step": 63, "data": {"base_link_transform_matrix": [[0.6491696277420146, 0.7606435945915418, 0.0003412098361892547, 0.0], [-0.7606436667985886, 0.6491695109130697, 0.00039781915944957984, 0.0], [8.109557296340713e-05, -0.0005177912165952654, 0.9999998626578726, 0.0], [0.004672149196267128, -0.0026243377942591906, 0.022493988275527954, 1.0]], "wheel_velocity_fl": -175.02511596679688, "wheel_velocity_fr": 182.85800170898438, "wheel_velocity_rl": -188.27516174316406, "wheel_velocity_rr": 155.673828125}}, {"current_time": 1.0666667222976685, "current_time_step": 64, "data": {"base_link_transform_matrix": [[0.6372699030564396, 0.7706403437880172, -0.0007288242057440368, 0.0], [-0.7706402753224275, 0.6372702556935617, 0.00043273460213963074, 0.0], [0.0007979407305120152, 0.0002858925486215445, 0.9999996407779561, 0.0], [0.004058532882481813, -0.002495754975825548, 0.022184520959854126, 1.0]], "wheel_velocity_fl": -183.79296875, "wheel_velocity_fr": 180.7896728515625, "wheel_velocity_rl": -177.49075317382812, "wheel_velocity_rr": 182.22337341308594}}, {"current_time": 1.0833333898335695, "current_time_step": 65, "data": {"base_link_transform_matrix": [[0.6249334099399746, 0.7806778533906998, -0.0005677729163730444, 0.0], [-0.7806777344791708, 0.6249336482104377, 0.0004585006675502833, 0.0], [0.0007127617169054445, 0.00015671528842078677, 0.9999997337054912, 0.0], [0.003809727029874921, -0.0021536163985729218, 0.022383034229278564, 1.0]], "wheel_velocity_fl": -174.1955108642578, "wheel_velocity_fr": 174.67259216308594, "wheel_velocity_rl": -181.8068084716797, "wheel_velocity_rr": 166.76992797851562}}, {"current_time": 1.1000000573694706, "current_time_step": 66, "data": {"base_link_transform_matrix": [[0.6120645735622111, 0.790807788118652, 6.402645739231178e-06, 0.0], [-0.7908077860777215, 0.6120645725278222, -6.734379755579607e-05, 0.0], [-5.717483221603898e-05, 3.615549063096683e-05, 0.9999999977119095, 0.0], [0.0038925940170884132, -0.0018149508396163583, 0.0221424400806427, 1.0]], "wheel_velocity_fl": -182.02847290039062, "wheel_velocity_fr": 180.53671264648438, "wheel_velocity_rl": -173.4451446533203, "wheel_velocity_rr": 182.30911254882812}}, {"current_time": 1.1166667249053717, "current_time_step": 67, "data": {"base_link_transform_matrix": [[0.599120898518266, 0.8006585680574826, 7.971704397520755e-05, 0.0], [-0.8006583714566898, 0.5991208159394392, -0.0006481700253870926, 0.0], [-0.0005667230248149182, 0.0003245060893959912, 0.9999997867603828, 0.0], [0.003972471226006746, -0.0016394366975873709, 0.022151559591293335, 1.0]], "wheel_velocity_fl": -173.8179473876953, "wheel_velocity_fr": 182.86004638671875, "wheel_velocity_rl": -171.85960388183594, "wheel_velocity_rr": 173.84815979003906}}, {"current_time": 1.1333333924412727, "current_time_step": 68, "data": {"base_link_transform_matrix": [[0.5859706611375484, 0.8103322481959653, 0.00017838076404137868, 0.0], [-0.8103321917819716, 0.585970687317916, -0.0003042466024586032, 0.0], [-0.0003510667322858857, 3.3731907294127475e-05, 0.999999937807152, 0.0], [0.00395252276211977, -0.0013851352268829942, 0.02221652865409851, 1.0]], "wheel_velocity_fl": -182.15174865722656, "wheel_velocity_fr": 176.73948669433594, "wheel_velocity_rl": -176.5260772705078, "wheel_velocity_rr": 182.25790405273438}}, {"current_time": 1.1500000599771738, "current_time_step": 69, "data": {"base_link_transform_matrix": [[0.5727184158024723, 0.8197520786312678, -0.00038181202467426766, 0.0], [-0.8197521641657544, 0.5727183936311284, -0.00017590378641898667, 0.0], [7.44732748844204e-05, 0.00041373457142277777, 0.9999999116387139, 0.0], [0.004026704467833042, -0.0013553547905758023, 0.02192819118499756, 1.0]], "wheel_velocity_fl": -181.8645782470703, "wheel_velocity_fr": 142.5203399658203, "wheel_velocity_rl": -185.2906951904297, "wheel_velocity_rr": 184.91773986816406}}, {"current_time": 1.1666667275130749, "current_time_step": 70, "data": {"base_link_transform_matrix": [[0.5598207408737688, 0.8286137387598229, -0.00010012997841024889, 0.0], [-0.8286096061698971, 0.5598175587489842, -0.0032282316050381214, 0.0], [-0.0026189025397620478, 0.0018901996708208736, 0.9999947842337438, 0.0], [0.004869246855378151, -0.0016845769714564085, 0.022190481424331665, 1.0]], "wheel_velocity_fl": -180.08932495117188, "wheel_velocity_fr": 208.6162872314453, "wheel_velocity_rl": -169.67408752441406, "wheel_velocity_rr": 182.25559997558594}}, {"current_time": 1.183333395048976, "current_time_step": 71, "data": {"base_link_transform_matrix": [[0.5463488577597413, 0.8375573360885988, 0.000796485276594459, 0.0], [-0.8375567847906069, 0.5463494212093536, -0.0009706675153946292, 0.0], [-0.0012481489682908194, -0.00013677855909717036, 0.9999992117075787, 0.0], [0.004683307372033596, -0.0014793567825108767, 0.022047728300094604, 1.0]], "wheel_velocity_fl": -183.4938201904297, "wheel_velocity_fr": 238.28297424316406, "wheel_velocity_rl": -189.18603515625, "wheel_veloci