{"Isaac Sim Data": [{"current_time": 0, "current_time_step": 0, "data": {"base_link_transform_matrix": [[1.0, 0.0, 0.0, 0.0], [0.0, 1.0, 0.0, 0.0], [0.0, 0.0, 1.0, 0.0], [0.0, 0.0, 0.025, 1.0]], "wheel_velocity_fl": 190.5188446044922, "wheel_velocity_fr": -182.31607055664062, "wheel_velocity_rl": 182.12242126464844, "wheel_velocity_rr": -172.05235290527344}}, {"current_time": 0.01666666753590107, "current_time_step": 1, "data": {"base_link_transform_matrix": [[1.0, 0.0, 0.0, 0.0], [0.0, 1.0, 0.0, 0.0], [0.0, 0.0, 1.0, 0.0], [-1.329141014139168e-06, 8.888717275112867e-06, 0.022275596484541894, 1.0]], "wheel_velocity_fl": 2.8470327854156494, "wheel_velocity_fr": 0.001489140442572534, "wheel_velocity_rl": 0.0017164810560643673, "wheel_velocity_rr": 0.0019574586767703295}}, {"current_time": 0.03333333507180214, "current_time_step": 2, "data": {"base_link_transform_matrix": [[0.9999999728691367, -5.420016792396957e-05, -0.00022654815763143403, 0.0], [5.4353458319758216e-05, 0.9999997695725145, 0.0006766835446536939, 0.0], [0.00022651142906676008, -0.0006766958399705284, 0.9999997453876239, 0.0], [-1.8090599041897804e-05, 3.6155906855128706e-05, 0.022153407335281372, 1.0]], "wheel_velocity_fl": 2.5563814640045166, "wheel_velocity_fr": -4.609611988067627, "wheel_velocity_rl": -0.7928265929222107, "wheel_velocity_rr": 2.432526111602783}}, {"current_time": 0.05000000260770321, "current_time_step": 3, "data": {"base_link_transform_matrix": [[0.9999999752134731, -6.892790764369799e-05, -0.00021171206105533835, 0.0], [6.906640567675184e-05, 0.9999997835976215, 0.0006542434881141566, 0.0], [0.00021166691960561955, -0.0006542580940888283, 0.9999997635717028, 0.0], [5.8802743296837434e-05, -5.2440023864619434e-05, 0.02214638888835907, 1.0]], "wheel_velocity_fl": 1.1343960762023926, "wheel_velocity_fr": -0.8532238602638245, "wheel_velocity_rl": 0.3948379158973694, "wheel_velocity_rr": 1.9136937856674194}}, {"current_time": 0.06666667014360428, "current_time_step": 4, "data": {"base_link_transform_matrix": [[0.9999999728077053, -0.00011953677910743102, -0.00020023872547553754, 0.0], [0.00011966351435741264, 0.9999997924778143, 0.0006330284129041592, 0.0], [0.00020016301374399753, -0.0006330523569602649, 0.9999997795897163, 0.0], [8.928729221224785e-05, -7.156247738748789e-05, 0.022144585847854614, 1.0]], "wheel_velocity_fl": 0.018588829785585403, "wheel_velocity_fr": -0.6080135703086853, "wheel_velocity_rl": 0.8220277428627014, "wheel_velocity_rr": 0.09043842554092407}}, {"current_time": 0.08333333767950535, "current_time_step": 5, "data": {"base_link_transform_matrix": [[0.999999965648341, -0.00017017461635950818, -0.00019935876365288418, 0.0], [0.00017029983303155346, 0.9999997881507804, 0.0006282486459498359, 0.0], [0.00019925180944658282, -0.0006282825751326161, 0.9999997827798375, 0.0], [0.00011092827480752021, -8.100134436972439e-05, 0.022143900394439697, 1.0]], "wheel_velocity_fl": 0.21678803861141205, "wheel_velocity_fr": -0.5770233273506165, "wheel_velocity_rl": 0.8570277094841003, "wheel_velocity_rr": -0.30617305636405945}}, {"current_time": 0.10000000521540642, "current_time_step": 6, "data": {"base_link_transform_matrix": [[0.9999999595864031, -0.0002026834774171866, -0.0001993654941863082, 0.0], [0.00020280802705760088, 0.9999997841791258, 0.0006249084780001613, 0.0], [0.0001992387925356844, -0.0006249488856679012, 0.9999997848713738, 0.0], [0.00013501191278919578, -9.787784074433148e-05, 0.02214321494102478, 1.0]], "wheel_velocity_fl": 0.2560042440891266, "wheel_velocity_fr": -0.5260373950004578, "wheel_velocity_rl": 0.6561055779457092, "wheel_velocity_rr": -0.08041629195213318}}, {"current_time": 0.11666667275130749, "current_time_step": 7, "data": {"base_link_transform_matrix": [[0.9999999525421077, -0.00023528672869515012, -0.0001988867456581517, 0.0], [0.00023541010299570007, 0.9999997797630413, 0.0006205287683087016, 0.0], [0.00019874069967198315, -0.000620575558808994, 0.9999997876940325, 0.0], [0.00016080633213277906, -0.00011602351150941104, 0.0221424400806427, 1.0]], "wheel_velocity_fl": 0.2837432324886322, "wheel_velocity_fr": -0.5937772989273071, "wheel_velocity_rl": 0.6412970423698425, "wheel_velocity_rr": -0.044584840536117554}}, {"current_time": 0.13333334028720856, "current_time_step": 8, "data": {"base_link_transform_matrix": [[0.9999999437316541, -0.0002706595615702499, -0.00019819205391840674, 0.0], [0.00027078158105371095, 0.9999997736752888, 0.0006158950450491018, 0.0], [0.00019802531117978108, -0.0006159486771514188, 0.9999997906965797, 0.0], [0.00018707384879235178, -0.00013278301048558205, 0.022141635417938232, 1.0]], "wheel_velocity_fl": 0.2820107638835907, "wheel_velocity_fr": -0.6152686476707458, "wheel_velocity_rl": 0.6810601353645325, "wheel_velocity_rr": -0.08178600668907166}}, {"current_time": 0.15000000782310963, "current_time_step": 9, "data": {"base_link_transform_matrix": [[0.9999999335945596, -0.0003062039341465567, -0.00019761079700631766, 0.0], [0.00030632465311318454, 0.9999997663293718, 0.0006111517067869141, 0.0], [0.00019742361377350005, -0.0006112121992619602, 0.9999997937217608, 0.0], [0.00021375530923251063, -0.000149200510350056, 0.022140666842460632, 1.0]], "wheel_velocity_fl": 0.25448140501976013, "wheel_velocity_fr": -0.5878356695175171, "wheel_velocity_rl": 0.6894422173500061, "wheel_velocity_rr": -0.08805893361568451}}, {"current_time": 0.1666666753590107, "current_time_step": 10, "data": {"base_link_transform_matrix": [[0.9999999220420418, -0.0003420577970724534, -0.00019726219564424594, 0.0], [0.0003421774477189478, 0.9999997573286817, 0.0006068419661697054, 0.0], [0.00019705457274824976, -0.0006069094175361818, 0.9999997964152064, 0.0], [0.00024090861552394927, -0.0001655160158406943, 0.022139936685562134, 1.0]], "wheel_velocity_fl": 0.28809112310409546, "wheel_velocity_fr": -0.5886877179145813, "wheel_velocity_rl": 0.7051675319671631, "wheel_velocity_rr": -0.0852503702044487}}, {"current_time": 0.18333334289491177, "current_time_step": 11, "data": {"base_link_transform_matrix": [[0.9999999091450298, -0.0003781291554302672, -0.00019679500477665413, 0.0], [0.0003782475588123046, 0.9999997472807628, 0.0006019694301330181, 0.0], [0.00019656733285055962, -0.0006020438126712467, 0.9999997994522455, 0.0], [0.000268581323325634, -0.00018182209169026464, 0.022139012813568115, 1.0]], "wheel_velocity_fl": 0.2911626994609833, "wheel_velocity_fr": -0.5757472515106201, "wheel_velocity_rl": 0.7209731340408325, "wheel_velocity_rr": -0.09112364798784256}}, {"current_time": 0.20000001043081284, "current_time_step": 12, "data": {"base_link_transform_matrix": [[0.9999998938374386, -0.0004171583945709961, -0.00019571403984695258, 0.0], [0.00041727509246321676, 0.9999997349714097, 0.0005966059063550441, 0.0], [0.00019546510881504985, -0.0005966875096119064, 0.9999998028786842, 0.0], [0.00029579285182990134, -0.00019715604139491916, 0.02213817834854126, 1.0]], "wheel_velocity_fl": 0.2743198871612549, "wheel_velocity_fr": -0.5500699281692505, "wheel_velocity_rl": 0.7236129641532898, "wheel_velocity_rr": -0.20106099545955658}}, {"current_time": 0.2166666779667139, "current_time_step": 13, "data": {"base_link_transform_matrix": [[0.9999998773449975, -0.00045539005997678413, -0.00019475595801511118, 0.0], [0.0004555051177153118, 0.9999997215323038, 0.0005911433012912223, 0.0], [0.00019448670299843836, -0.0005912319411201205, 0.9999998063098383, 0.0], [0.00032345764338970184, -0.00021279830252751708, 0.02213713526725769, 1.0]], "wheel_velocity_fl": 0.5101662874221802, "wheel_velocity_fr": -0.501055121421814, "wheel_velocity_rl": 0.6960579752922058, "wheel_velocity_rr": -0.13414178788661957}}, {"current_time": 0.23333334550261497, "current_time_step": 14, "data": {"base_link_transform_matrix": [[0.9999998596988519, -0.00049272732045811, -0.00019447895612237213, 0.0], [0.000492841358657174, 0.9999997064062578, 0.0005867663874215576, 0.0], [0.0001941897831947585, -0.0005868621523705253, 0.9999998089415528, 0.0], [0.00035210023634135723, -0.0002294329460710287, 0.022136390209197998, 1.0]], "wheel_velocity_fl": 0.2639104723930359, "wheel_velocity_fr": -0.5074304938316345, "wheel_velocity_rl": 0.7104302644729614, "wheel_velocity_rr": -0.1082037016749382}}, {"current_time": 0.25000001303851604, "current_time_step": 15, "data": {"base_link_transform_matrix": [[0.9999998408553036, -0.0005297715274342783, -0.00019398839191492762, 0.0], [0.0005298842710981907, 0.9999996904830205, 0.0005815982482779384, 0.0], [0.00019368021767988318, -0.0005817009471173131, 0.999999812055973, 0.0], [0.0003814698720816523, -0.0002458846429362893, 0.022135227918624878, 1.0]], "wheel_velocity_fl": 0.8275753855705261, "wheel_velocity_fr": -0.4790968894958496, "wheel_velocity_rl": 0.7219746112823486, "wheel_velocity_rr": -0.1039511188864708}}, {"current_time": 0.2666666805744171, "current_time_step": 16, "data": {"base_link_transform_matrix": [[0.9999850823456299, -0.00546128464203592, 9.72433158660533e-05, 0.0], [0.00546129348418774, 0.9999850828944438, -9.089594085139448e-05, 0.0], [-9.674545667145077e-05, 9.14256591844853e-05, 0.9999999911408327, 0.0], [0.0005014859489165246, -0.0005819135112687945, 0.022044390439987183, 1.0]], "wheel_velocity_fl": 648.9464721679688, "wheel_velocity_fr": -55.6575813293457, "wheel_velocity_rl": 51.59393310546875, "wheel_velocity_rr": -483.11883544921875}}, {"current_time": 0.2833333481103182, "current_time_step": 17, "data": {"base_link_transform_matrix": [[0.9998894212888714, -0.014870809765334718, -6.489629459846216e-05, 0.0], [0.014870770617995733, 0.9998892632447868, -0.0005669471089849375, 0.0], [7.332007079809447e-05, 0.0005659193587934162, 0.99999983717971, 0.0], [0.0010989602888002992, -0.0009030982619151473, 0.021946802735328674, 1.0]], "wheel_velocity_fl": 185.5037841796875, "wheel_velocity_fr": -293.1012268066406, "wheel_velocity_rl": 137.9546356201172, "wheel_velocity_rr": -182.57781982421875}}, {"current_time": 0.30000001564621925, "current_time_step": 18, "data": {"base_link_transform_matrix": [[0.9996220287746718, -0.027468062363326863, 0.001142426546320185, 0.0], [0.027468468366441595, 0.9996226121948514, -0.0003412247698681162, 0.0], [-0.0011326226252146763, 0.00037247650417231593, 0.9999992892133688, 0.0], [0.00222889706492424, -0.0009273112518712878, 0.021725818514823914, 1.0]], "wheel_velocity_fl": 159.71678161621094, "wheel_velocity_fr": -162.43927001953125, "wheel_velocity_rl": 268.7630310058594, "wheel_velocity_rr": -137.8656463623047}}, {"current_time": 0.3166666831821203, "current_time_step": 19, "data": {"base_link_transform_matrix": [[0.9990975724733319, -0.042468831032941134, 0.0006626225101330247, 0.0], [0.04246965370761932, 0.9990969357137155, -0.0012812343340077976, 0.0], [-0.0006076115949642553, 0.0013082194614208995, 0.9999989596844541, 0.0], [0.0022223687265068293, -0.0010281894356012344, 0.021893754601478577, 1.0]], "wheel_velocity_fl": 166.36741638183594, "wheel_velocity_fr": -179.29495239257812, "wheel_velocity_rl": 193.60946655273438, "wheel_velocity_rr": -243.83953857421875}}, {"current_time": 0.3333333507180214, "current_time_step": 20, "data": {"base_link_transform_matrix": [[0.998337950259362, -0.057626852584153204, -0.0006949339392835327, 0.0], [0.0576257425431379, 0.9983370935370081, -0.0015236352684302053, 0.0], [0.0007815806341503898, 0.0014810568265578423, 0.9999985978002114, 0.0], [0.002023564651608467, -0.0009514096309430897, 0.022169798612594604, 1.0]], "wheel_velocity_fl": 181.28305053710938, "wheel_velocity_fr": -116.89582061767578, "wheel_velocity_rl": 173.13783264160156, "wheel_velocity_rr": -182.26458740234375}}, {"current_time": 0.35000001825392246, "current_time_step": 21, "data": {"base_link_transform_matrix": [[0.9973462148563895, -0.07280400686329755, -0.00032294934825766327, 0.0], [0.07280320028466183, 0.9973442317843179, -0.0020438578376121863, 0.0], [0.0004708927096804074, 0.0020149221319640752, 0.9999978591721375, 0.0], [0.0024516957346349955, -0.0007218043319880962, 0.02235199511051178, 1.0]], "wheel_velocity_fl": 166.9947967529297, "wheel_velocity_fr": -158.6098175048828, "wheel_velocity_rl": 186.8458709716797, "wheel_velocity_rr": -182.27264404296875}}, {"current_time": 0.36666668578982353, "current_time_step": 22, "data": {"base_link_transform_matrix": [[0.9961256248705083, -0.08794159434572496, -0.0001243393400179246, 0.0], [0.087941452494633, 0.9961252587055616, -0.0008774405462161642, 0.0], [0.00020102107782046718, 0.0008631064302228962, 0.9999996073188311, 0.0], [0.0025911754928529263, -0.00026131540653295815, 0.022334590554237366, 1.0]], "wheel_velocity_fl": 182.24114990234375, "wheel_velocity_fr": -180.87234497070312, "wheel_velocity_rl": 179.61813354492188, "wheel_velocity_rr": -182.53013610839844}}, {"current_time": 0.3833333533257246, "current_time_step": 23, "data": {"base_link_transform_matrix": [[0.9946871866933056, -0.10294150660208305, -0.0006684658930989009, 0.0], [0.10294137451616882, 0.9946873985787369, -0.00022917545014242244, 0.0], [0.0006885062663590292, 0.00015914508590855888, 0.9999997503159502, 0.0], [0.0023445317056030035, -5.168651114217937e-06, 0.02222427725791931, 1.0]], "wheel_velocity_fl": 182.25379943847656, "wheel_velocity_fr": -138.84564208984375, "wheel_velocity_rl": 174.63015747070312, "wheel_velocity_rr": -182.35589599609375}}, {"current_time": 0.40000002086162567, "current_time_step": 24, "data": {"base_link_transform_matrix": [[0.9929793134453156, -0.11828593487676682, -0.0007215815954731739, 0.0], [0.11828622382738689, 0.992979471637572, 0.0003716974921017173, 0.0], [0.0006725491260717473, -0.0004544410826283716, 0.9999996705804335, 0.0], [0.0022144652903079987, 0.0001990230375668034, 0.022305592894554138, 1.0]], "wheel_velocity_fl": 156.6875, "wheel_velocity_fr": -182.2427978515625, "wheel_velocity_rl": 181.98635864257812, "wheel_velocity_rr": -162.05686950683594}}, {"current_time": 0.41666668839752674, "current_time_step": 25, "data": {"base_link_transform_matrix": [[0.9910084139798397, -0.13379953190488517, 9.318366910517878e-05, 0.0], [0.13379953040135942, 0.9910084183148455, 2.2214497689511623e-05, 0.0], [-9.531808992505595e-05, -9.546822955293141e-06, 0.99999999541166, 0.0], [0.0022677918896079063, -3.6562323657562956e-06, 0.022496908903121948, 1.0]], "wheel_velocity_fl": 183.12643432617188, "wheel_velocity_fr": -172.64891052246094, "wheel_velocity_rl": 187.17877197265625, "wheel_velocity_rr": -182.22520446777344}}, {"current_time": 0.4333333559334278, "current_time_step": 26, "data": {"base_link_transform_matrix": [[0.9887495282952709, -0.14958057964496155, -0.0001431396409215499, 0.0], [0.14958064562475662, 0.9887492342444392, 0.0007630435873714432, 0.0], [2.7392708257815126e-05, -0.0007758699069857869, 0.9999996986377181, 0.0], [0.0019418982556089759, -0.00014403375098481774, 0.022417888045310974, 1.0]], "wheel_velocity_fl": 182.82131958007812, "wheel_velocity_fr": -182.2849578857422, "wheel_velocity_rl": 182.45648193359375, "wheel_velocity_rr": -163.0706329345703}}, {"current_time": 0.4500000234693289, "current_time_step": 27, "data": {"base_link_transform_matrix": [[0.9862212662593544, -0.1654312950805971, 0.0003171525689544028, 0.0], [0.16543135808658385, 0.9862212895649172, -0.00018376762576653615, 0.0], [-0.0002823816992185929, 0.00023370252078372424, 0.9999999328218516, 0.0], [0.001666702446527779, -0.0007194651407189667, 0.022275924682617188, 1.0]], "wheel_velocity_fl": 182.69334411621094, "wheel_velocity_fr": -180.34181213378906, "wheel_velocity_rl": 101.05039978027344, "wheel_velocity_rr": -207.2322235107422}}, {"current_time": 0.46666669100522995, "current_time_step": 28, "data": {"base_link_transform_matrix": [[0.9835538019107891, -0.18061523309038802, 0.00023732369666839867, 0.0], [0.18061534016009645, 0.9835536532228426, -0.0005568939333207688, 0.0], [-0.0001328370612811996, 0.0005905994455805099, 0.9999998167732882, 0.0], [0.0015268459683284163, -0.0014141493011265993, 0.022448599338531494, 1.0]], "wheel_velocity_fl": 172.98243713378906, "wheel_velocity_fr": -173.3258819580078, "wheel_velocity_rl": 182.26527404785156, "wheel_velocity_rr": -173.10995483398438}}, {"current_time": 0.483333358541131, "current_time_step": 29, "data": {"base_link_transform_matrix": [[0.980623885297034, -0.1958981129225317, -0.0008514331098072346, 0.0], [0.1958984021418104, 0.9806241600091082, 0.000269897603451597, 0.0], [0.0007820634469101806, -0.00043146242227093314, 0.999999601108392, 0.0], [0.001449434319511056, -0.0015916154952719808, 0.02231353521347046, 1.0]], "wheel_velocity_fl": 210.78773498535156, "wheel_velocity_fr": -175.2741241455078, "wheel_velocity_rl": 204.31324768066406, "wheel_velocity_rr": -187.37643432617188}}, {"current_time": 0.5000000260770321, "current_time_step": 30, "data": {"base_link_transform_matrix": [[0.9775946109092382, -0.2104961354470606, -0.0003920243206739526, 0.0], [0.2104964294008135, 0.977594116022895, 0.0009987626959043964, 0.0], [0.00017300498151216534, -0.0010589047488334669, 0.999999424394839, 0.0], [0.0016489402623847127, -0.0014528718311339617, 0.02236013114452362, 1.0]], "wheel_velocity_fl": 183.55447387695312, "wheel_velocity_fr": -181.54185485839844, "wheel_velocity_rl": 183.7980499267578, "wheel_velocity_rr": -177.8088836669922}}, {"current_time": 0.5166666936129332, "current_time_step": 31, "data": {"base_link_transform_matrix": [[0.9743704167612129, -0.2249489437679967, -0.0005134571480554349, 0.0], [0.22494941072315291, 0.9743697111133655, 0.0011952740953394406, 0.0], [0.00023142144776001168, -0.001280141601306433, 0.999999153840439, 0.0], [0.0017037283396348357, -0.0013230069307610393, 0.022390365600585938, 1.0]], "wheel_velocity_fl": 172.83883666992188, "wheel_velocity_fr": -182.25518798828125, "wheel_velocity_rl": 182.1935577392578, "wheel_velocity_rr": -173.742431640625}}, {"current_time": 0.5333333611488342, "current_time_step": 32, "data": {"base_link_transform_matrix": [[0.9708386915046335, -0.2397319357350312, -0.0009132723065173757, 0.0], [0.2397332568052834, 0.970837070263529, 0.001829913566201338, 0.0], [0.0004479498889589038, -0.0019954926365689683, 0.9999979086728303, 0.0], [0.001770139904692769, -0.001091376063413918, 0.022102683782577515, 1.0]], "wheel_velocity_fl": 174.2822265625, "wheel_velocity_fr": -182.2882843017578, "wheel_velocity_rl": 182.2107391357422, "wheel_velocity_rr": -175.95489501953125}}, {"current_time": 0.5500000286847353, "current_time_step": 33, "data": {"base_link_transform_matrix": [[0.9670559711249449, -0.254563434345722, -0.00045453899842636664, 0.0], [0.2545637900995316, 0.9670553590712988, 0.0010996643319587892, 0.0], [0.00015963004536419503, -0.0011791461286413318, 0.9999992920660774, 0.0], [0.001952165737748146, -0.001142896362580359, 0.022189870476722717, 1.0]], "wheel_velocity_fl": 180.52999877929688, "wheel_velocity_fr": -175.51219177246094, "wheel_velocity_rl": 182.31039428710938, "wheel_velocity_rr": -170.95556640625}}, {"current_time": 0.5666666962206364, "current_time_step": 34, "data": {"base_link_transform_matrix": [[0.9629201191320699, -0.2697866535360716, 7.579240022286873e-05, 0.0], [0.2697866600611298, 0.9629201155286363, -9.572553471554758e-05, 0.0], [-4.715655510993876e-05, 0.00011262382180642035, 0.999999992546067, 0.0], [0.0019885601941496134, -0.0010998272337019444, 0.022046804428100586, 1.0]], "wheel_velocity_fl": 171.99191284179688, "wheel_velocity_fr": -172.22145080566406, "wheel_velocity_rl": 174.89320373535156, "wheel_velocity_rr": -178.6272430419922}}, {"current_time": 0.5833333637565374, "current_time_step": 35, "data": {"base_link_transform_matrix": [[0.9584612987596959, -0.2852216313363898, 0.0007481962882041707, 0.0], [0.28522159080252096, 0.9584615890603858, 0.0001625912648833287, 0.0], [-0.0007634919491323219, 5.756430064707809e-05, 0.9999997068831545, 0.0], [0.0022214220371097326, -0.0006646409165114164, 0.02185441553592682, 1.0]], "wheel_velocity_fl": 174.71429443359375, "wheel_velocity_fr": -165.2060546875, "wheel_velocity_rl": 186.01336669921875, "wheel_velocity_rr": -187.86268615722656}}, {"current_time": 0.6000000312924385, "current_time_step": 36, "data": {"base_link_transform_matrix": [[0.9537480178549507, -0.30060490470021056, 0.0011873112186595507, 0.0], [0.30060535981743136, 0.9537485877720028, -0.00022129605274380813, 0.0], [-0.0010658737191968166, 0.0005679727877639588, 0.9999992706597975, 0.0], [0.0022192730102688074, -0.0005162179004400969, 0.021824628114700317, 1.0]], "wheel_velocity_fl": 183.82252502441406, "wheel_velocity_fr": -173.0766143798828, "wheel_velocity_rl": 186.98974609375, "wheel_velocity_rr": -216.4939422607422}}, {"current_time": 0.6166666988283396, "current_time_step": 37, "data": {"base_link_transform_matrix": [[0.9489867246022899, -0.315315825105362, 0.0003563239287533873, 0.0], [0.3153159819431807, 0.9489865850886839, -0.0005411588730255445, 0.0], [-0.0001675106717719232, 0.0006259072158867042, 0.999999790090144, 0.0], [0.002046426525339484, -0.0004179986717645079, 0.022132009267807007, 1.0]], "wheel_velocity_fl": 182.35594177246094, "wheel_velocity_fr": -180.36668395996094, "wheel_velocity_rl": 174.8690185546875, "wheel_velocity_rr": -182.282470703125}}, {"current_time": 0.6333333663642406, "current_time_step": 38, "data": {"base_link_transform_matrix": [[0.9439369052469916, -0.33012588390353026, -0.0001403197950608548, 0.0], [0.33012564026529423, 0.9439365851611238, -0.0008859084523760713, 0.0], [0.00042491429907851107, 0.000789918520681661, 0.9999995977382037, 0.0], [0.0020664245821535587, -0.00022783390886615962, 0.02225211262702942, 1.0]], "wheel_velocity_fl": 182.0213623046875, "wheel_velocity_fr": -211.45645141601562, "wheel_velocity_rl": 178.60482788085938, "wheel_velocity_rr": -182.51449584960938}}, {"current_time": 0.6500000339001417, "current_time_step": 39, "data": {"base_link_transform_matrix": [[0.9387180192398312, -0.344686008226343, -0.00018996693749960634, 0.0], [0.3446852459756504, 0.9387168563954844, -0.001656721366087572, 0.0], [0.0007493738408087269, 0.00148971539862674, 0.9999986095924723, 0.0], [0.0023045961279422045, -5.792564479634166e-05, 0.022280633449554443, 1.0]], "wheel_velocity_fl": 143.83627319335938, "wheel_velocity_fr": -177.57359313964844, "wheel_velocity_rl": 185.59933471679688, "wheel_velocity_rr": -182.34669494628906}}, {"current_time": 0.6666667014360428, "current_time_step": 40, "data": {"base_link_transform_matrix": [[0.9332913914260241, -0.35911984603460667, -0.0003389309020083611, 0.0], [0.3591193928278137, 0.9332911263218352, -0.0009670697506809196, 0.0], [0.0006636151432499163, 0.0007808412134791879, 0.9999994749508326, 0.0], [0.002528731944039464, 0.0003499384329188615, 0.022338896989822388, 1.0]], "wheel_velocity_fl": 182.26397705078125, "wheel_velocity_fr": -185.62017822265625, "wheel_velocity_rl": 183.31637573242188, "wheel_velocity_rr": -182.47195434570312}}, {"current_time": 0.6833333689719439, "current_time_step": 41, "data": {"base_link_transform_matrix": [[0.9276442105821829, -0.37346437183952164, -0.0007625876146827725, 0.0], [0.3734641578161815, 0.9276445189798708, -0.00041137969613458305, 0.0], [0.0008610458808068428, 9.681485219175127e-05, 0.9999996246133673, 0.0], [0.00250875111669302, 0.0005751738208346069, 0.022227957844734192, 1.0]], "wheel_velocity_fl": 299.95025634765625, "wheel_velocity_fr": -140.30364990234375, "wheel_velocity_rl": 179.0194854736328, "wheel_velocity_rr": -182.3556671142578}}, {"current_time": 0.7000000365078449, "current_time_step": 42, "data": {"base_link_transform_matrix": [[0.9215732766610327, -0.38820440572415105, 0.00018740492593553022, 0.0], [0.3882043182960886, 0.9215732534417481, 0.0003818338127390279, 0.0], [-0.0003209369356651575, -0.00027913643642774966, 0.9999999095411625, 0.0], [0.0026052671018987894, 0.0005945336888544261, 0.022624745965003967, 1.0]], "wheel_velocity_fl": 159.20249938964844, "wheel_velocity_fr": -182.37210083007812, "wheel_velocity_rl": 174.4530029296875, "wheel_velocity_rr": -166.05075073242188}}, {"current_time": 0.716666704043746, "current_time_step": 43, "data": {"base_link_transform_matrix": [[0.9151624988990705, -0.403084750783487, 0.0005331928571186671, 0.0], [0.40308428130494994, 0.9151625033081472, 0.0008091375887452573, 0.0], [-0.0008141091331756761, -0.0005255707180606673, 0.9999995305007596, 0.0], [0.0024542969185858965, 0.0005000148667022586, 0.022504687309265137, 1.0]], "wheel_velocity_fl": 182.2385711669922, "wheel_velocity_fr": -169.02621459960938, "wheel_velocity_rl": 192.85894775390625, "wheel_velocity_rr": -182.15806579589844}}, {"current_time": 0.7333333715796471, "current_time_step": 44, "data": {"base_link_transform_matrix": [[0.9084813243550718, -0.41792541048283377, -0.00018593227207409576, 0.0], [0.4179253669823713, 0.9084807664646254, 0.0010414396271580994, 0.0], [-0.0002663281906287543, -0.001023834264756875, 0.99999944041619, 0.0], [0.0018748616566881537, 0.00045272940769791603, 0.02237609028816223, 1.0]], "wheel_velocity_fl": 169.4794921875, "wheel_velocity_fr": -182.54537963867188, "wheel_velocity_rl": 182.05726623535156, "wheel_velocity_rr": -169.68821716308594}}, {"current_time": 0.7500000391155481, "current_time_step": 45, "data": {"base_link_transform_matrix": [[0.9015597402609017, -0.43265463163671175, 6.681314749529359e-05, 0.0], [0.4326546270050184, 0.9015596762571012, -0.00035196354827392225, 0.0], [9.204261970242903e-05, 0.0003462231825717502, 0.99999993582883, 0.0], [0.0015006890753284097, -0.00016198164667002857, 0.02229425311088562, 1.0]], "wheel_velocity_fl": 182.62403869628906, "wheel_velocity_fr": -183.369140625, "wheel_velocity_rl": 158.30970764160156, "wheel_velocity_rr": -197.52532958984375}}, {"current_time": 0.7666667066514492, "current_time_step": 46, "data": {"base_link_transform_matrix": [[0.8945754361026312, -0.4469168838703124, -0.00029670429188889224, 0.0], [0.44691692344378614, 0.8945754619210001, 8.042617912553098e-05, 0.0], [0.00022948056161407112, -0.00020454945356884104, 0.9999999527490954, 0.0], [0.0015830905176699162, -0.0005610891385003924, 0.022485822439193726, 1.0]], "wheel_velocity_fl": 175.61082458496094, "wheel_velocity_fr": -182.1611785888672, "wheel_velocity_rl": 182.21437072753906, "wheel_velocity_rr": -176.9844207763672}}, {"current_time": 0.7833333741873503, "current_time_step": 47, "data": {"base_link_transform_matrix": [[0.8874959090892682, -0.4608151107127136, -0.0006671496405893103, 0.0], [0.46081542466529674, 0.8874958933932524, 0.00042848647004129056, 0.0], [0.00039463952617082014, -0.0006877128342052098, 0.9999996856553016, 0.0], [0.0017697428120300174, -0.0008714677533134818, 0.022329896688461304, 1.0]], "wheel_velocity_fl": 201.94219970703125, "wheel_velocity_fr": -159.4779815673828, "wheel_velocity_rl": 182.37100219726562, "wheel_velocity_rr": -173.51039123535156}}, {"current_time": 0.8000000417232513, "current_time_step": 48, "data": {"base_link_transform_matrix": [[0.8805660017892875, -0.4739231565275569, -0.0005984979410069283, 0.0], [0.47392353430101297, 0.8805652691675232, 0.0011359452293379204, 0.0], [-1.133424821127255e-05, -0.0012839170083235904, 0.9999991757139856, 0.0], [0.0018095440464094281, -0.0006897400016896427, 0.022433102130889893, 1.0]], "wheel_velocity_fl": 171.84898376464844, "wheel_velocity_fr": -181.76556396484375, "wheel_velocity_rl": 182.74671936035156, "wheel_velocity_rr": -183.82107543945312}}, {"current_time": 0.8166667092591524, "current_time_step": 49, "data": {"base_link_transform_matrix": [[0.873423596733135, -0.48696016460709207, -0.0010093342300379223, 0.0], [0.486961207045621, 0.8734214621921087, 0.0019318941147436854, 0.0], [-5.9181297078789196e-05, -0.0021788685211787348, 0.9999976245119493, 0.0], [0.0017977769020944834, -0.0005137171829119325, 0.022338762879371643, 1.0]], "wheel_velocity_fl": 168.49176025390625, "wheel_velocity_fr": -182.10968017578125, "wheel_velocity_rl": 182.2781982421875, "wheel_velocity_rr": -175.94064331054688}}, {"current_time": 0.8333333767950535, "current_time_step": 50, "data": {"base_link_transform_matrix": [[0.8658538071623647, -0.500295986324319, -0.0010538928860805619, 0.0], [0.5002970317068158, 0.8658507032593799, 0.0023323230022097192, 0.0], [-0.00025433794024449624, -0.0025467102336386768, 0.9999967247842355, 0.0], [0.0018192734569311142, -0.0004598003579303622, 0.022128552198410034, 1.0]], "wheel_velocity_fl": 202.69081115722656, "wheel_velocity_fr": -203.10272216796875, "wheel_velocity_rl": 182.30813598632812, "wheel_velocity_rr": -179.48118591308594}}, {"current_time": 0.8500000443309546, "current_time_step": 51, "data": {"base_link_transform_matrix": [[0.8581225280085558, -0.5134447161532052, -0.0005003784166083525, 0.0], [0.5134449554231517, 0.8581219831248823, 0.0009694474390099777, 0.0], [-6.837194597508165e-05, -0.001088821460944845, 0.9999994048963745, 0.0], [0.0018274139147251844, -0.0006079729646444321, 0.022190600633621216, 1.0]], "wheel_velocity_fl": 176.16290283203125, "wheel_velocity_fr": -180.10711669921875, "wheel_velocity_rl": 182.32322692871094, "wheel_velocity_rr": -176.28219604492188}}, {"current_time": 0.8666667118668556, "current_time_step": 52, "data": {"base_link_transform_matrix": [[0.849884071171814, -0.5269697000882348, 2.7519788277469495e-05, 0.0], [0.5269697006735351, 0.8498840686234335, -6.687393896486613e-05, 0.0], [1.185190993112318e-05, 7.133719009393298e-05, 0.9999999973852688, 0.0], [0.0018248532433062792, -0.00048349754069931805, 0.021999776363372803, 1.0]], "wheel_velocity_fl": 168.7681121826172, "wheel_velocity_fr": -180.642578125, "wheel_velocity_rl": 177.77871704101562, "wheel_velocity_rr": -182.33050537109375}}, {"current_time": 0.8833333794027567, "current_time_step": 53, "data": {"base_link_transform_matrix": [[0.8412593670179556, -0.5406308849524076, 0.0009610619779142571, 0.0], [0.5406309502049106, 0.8412598470960683, 0.00021294232881671657, 0.0], [-0.0009236260522620009, 0.0003404401215739153, 0.9999995155076022, 0.0], [0.0021648944821208715, -0.0001552535395603627, 0.021787911653518677, 1.0]], "wheel_velocity_fl": 174.42335510253906, "wheel_velocity_fr": -165.87701416015625, "wheel_velocity_rl": 187.70835876464844, "wheel_velocity_rr": -182.32835388183594}}, {"current_time": 0.9000000469386578, "current_time_step": 54, "data": {"base_link_transform_matrix": [[0.8324097206010808, -0.5541602022053711, 0.0007261821622803546, 0.0], [0.5541605988786373, 0.8324095873176278, -0.0005564100704226853, 0.0], [-0.00029614067688667266, 0.0008655826932044404, 0.9999995815335628, 0.0], [0.0020978578832000494, -7.506614201702178e-05, 0.02191685140132904, 1.0]], "wheel_velocity_fl": 176.70303344726562, "wheel_velocity_fr": -186.18829345703125, "wheel_velocity_rl": 174.8203887939453, "wheel_velocity_rr": -178.92652893066406}}, {"current_time": 0.9166667144745588, "current_time_step": 55, "data": {"base_link_transform_matrix": [[0.823508732190511, -0.5673035291555208, -0.0002716867097425891, 0.0], [0.5673028883323945, 0.823508368568827, -0.0011831258730819999, 0.0], [0.0008949277623365776, 0.0008201858326050534, 0.9999992631994786, 0.0], [0.002053790492936969, 0.0001286226906813681, 0.02217879891395569, 1.0]], "wheel_velocity_fl": 182.31423950195312, "wheel_velocity_fr": -183.22425842285156, "wheel_velocity_rl": 177.03880310058594, "wheel_velocity_rr": -182.34762573242188}}, {"current_time": 0.9333333820104599, "current_time_step": 56, "data": {"base_link_transform_matrix": [[0.8143869823669084, -0.5803214292572887, -0.0009389867403158167, 0.0], [0.5803186571923613, 0.8143866051097755, -0.0021710670715959337, 0.0], [0.002024614969690881, 0.001223177236691666, 0.9999972023819227, 0.0], [0.002188987797126174, 0.00024398748064413667, 0.022280484437942505, 1.0]], "wheel_velocity_fl": 174.6737060546875, "wheel_velocity_fr": -207.43524169921875, "wheel_velocity_rl": 184.8472442626953, "wheel_velocity_rr": -182.4128875732422}}, {"current_time": 0.950000049546361, "current_time_step": 57, "data": {"base_link_transform_matrix": [[0.8052494686508107, -0.5929361601081914, -5.721660787933987e-05, 0.0], [0.5929353220740291, 0.805248485548848, -0.001606349356199202, 0.0], [0.000998536205900101, 0.0012595862177260594, 0.9999987081831684, 0.0], [0.002865328686311841, 0.00041640561539679766, 0.02225428819656372, 1.0]], "wheel_velocity_fl": 172.14669799804688, "wheel_velocity_fr": -176.2267608642578, "wheel_velocity_rl": 211.29669189453125, "wheel_velocity_rr": -182.20599365234375}}, {"current_time": 0.966666717082262, "current_time_step": 58, "data": {"base_link_transform_matrix": [[0.7959595926632401, -0.6053496318366436, -0.0003874049675486411, 0.0], [0.6053493378260979, 0.7959596321302067, -0.0006657421803999122, 0.0], [0.0007113654992586423, 0.0002953885341537407, 0.9999997033523261, 0.0], [0.0030319637153297663, 0.0007962121162563562, 0.022366389632225037, 1.0]], "wheel_velocity_fl": 182.34507751464844, "wheel_velocity_fr": -186.36119079589844, "wheel_velocity_rl": 183.9215545654297, "wheel_velocity_rr": -182.47760009765625}}, {"current_time": 0.9833333846181631, "current_time_step": 59, "data": {"base_link_transform_matrix": [[0.7865007385868283, -0.6175890273208439, -0.000617685411373193, 0.0], [0.6175889228530319, 0.7865009759687038, -0.00037036402137640475, 0.0], [0.0007145429346031366, -9.018409151347187e-05, 0.9999997406475785, 0.0], [0.003013425040990114, 0.0010643110144883394, 0.02222876250743866, 1.0]], "wheel_velocity_fl": 181.94313049316406, "wheel_velocity_fr": -218.1886749267578, "wheel_velocity_rl": 181.564208984375, "wheel_velocity_rr": -182.51947021484375}}, {"current_time": 1.0000000521540642, "current_time_step": 60, "data": {"base_link_transform_matrix": [[0.7766445462798265, -0.6299388235489657, -0.0005721184731910967, 0.0], [0.6299388855335762, 0.7766447018420083, -8.714042702623662e-05, 0.0], [0.0004992259191142663, -0.0002927225359847488, 0.9999998325434852, 0.0], [0.0028139865025877953, 0.0011623383034020662, 0.022418200969696045, 1.0]], "wheel_velocity_fl": 162.9172821044922, "wheel_velocity_fr": -182.1211700439453, "wheel_velocity_rl": 183.85617065429688, "wheel_velocity_rr": -163.87176513671875}}, {"current_time": 1.0166667196899652, "current_time_step": 61, "data": {"base_link_transform_matrix": [[0.7665307874469626, -0.6422075604163962, -3.5213072387004976e-05, 0.0], [0.6422075613387144, 0.7665307856082426, 5.361148990204492e-05, 0.0], [-7.437800099789685e-06, -6.370895891572147e-05, 0.9999999979429238, 0.0], [0.002555061597377062, 0.0009874928509816527, 0.022541671991348267, 1.0]], "wheel_velocity_fl": 182.46714782714844, "wheel_velocity_fr": -176.96417236328125, "wheel_velocity_rl": 182.5965576171875, "wheel_velocity_rr": -182.20480346679688}}, {"current_time": 1.0333333872258663, "current_time_step": 62, "data": {"base_link_transform_matrix": [[0.7561218088660119, -0.6544308678834615, 0.00022207766543643094, 0.0], [0.6544303240230841, 0.7561215458162922, 0.001076546061180251, 0.0], [-0.0008724426808157813, -0.0006686655965573382, 0.9999993958648619, 0.0], [0.0022487735841423273, 0.0010054316371679306, 0.022335857152938843, 1.0]], "wheel_velocity_fl": 162.8979034423828, "wheel_velocity_fr": -182.74737548828125, "wheel_velocity_rl": 181.7462615966797, "wheel_velocity_rr": -140.53652954101562}}, {"current_time": 1.0500000547617674, "current_time_step": 63, "data": {"base_link_transform_matrix": [[0.7455878584729837, -0.6664067801205122, -0.0008652786149065202, 0.0], [0.6664060966451739, 0.7455883468662475, -0.0009650758516367775, 0.0], [0.0012882747429281947, 0.00014292189321545918, 0.9999991599604068, 0.0], [0.0013175889616832137, 0.0006565882940776646, 0.02251170575618744, 1.0]], "wheel_velocity_fl": 175.81678771972656, "wheel_velocity_fr": -173.34791564941406, "wheel_velocity_rl": 182.26004028320312, "wheel_velocity_rr": -197.61964416503906}}, {"current_time": 1.0666667222976685, "current_time_step": 64, "data": {"base_link_transform_matrix": [[0.7352960529253214, -0.6777447966822537, -0.0013058034206710118, 0.0], [0.6777453747718046, 0.7352966795623023, 2.8106210270506483e-07, 0.0], [0.0009599624310028381, -0.0008852088925757253, 0.9999991474383103, 0.0], [0.0012100007152184844, 0.0006020949804224074, 0.02223046123981476, 1.0]], "wheel_velocity_fl": 219.1210174560547, "wheel_velocity_fr": -152.13864135742188, "wheel_velocity_rl": 149.5357666015625, "wheel_velocity_rr": -182.27398681640625}}, {"current_time": 1.0833333898335695, "current_time_step": 65, "data": {"base_link_transform_matrix": [[0.7238872574703563, -0.6899182814458312, 5.829988829022967e-05, 0.0], [0.6899176603474851, 0.7238867142348412, 0.0012833140447794738, 0.0], [-0.0009275843349042256, -0.0008887525618208881, 0.9999991748527524, 0.0], [0.0015798708191141486, -5.2827526815235615e-05, 0.022542104125022888, 1.0]], "wheel_velocity_fl": 168.87721252441406, "wheel_velocity_fr": -182.17501831054688, "wheel_velocity_rl": 182.39041137695312, "wheel_velocity_rr": -176.10621643066406}}, {"current_time": 1.1000000573694706, "current_time_step": 66, "data": {"base_link_transform_matrix": [[0.7123581348837557, -0.7018158930241284, -0.0005830640463771331, 0.0], [0.7018159837298422, 0.7123571893884701, 0.001248882649891873, 0.0], [-0.00046113582690552164, -0.0012988553824513271, 0.9999990501637712, 0.0], [0.001430658157914877, -0.00043363095028325915, 0.02241426706314087, 1.0]], "wheel_velocity_fl": 203.21453857421875, "wheel_velocity_fr": -182.512939453125, "wheel_velocity_rl": 182.26524353027344, "wheel_velocity_rr": -180.1862335205078}}, {"current_time": 1.1166667249053717, "current_time_step": 67, "data": {"base_link_transform_matrix": [[0.701289005068161, -0.7128766634322707, -0.0007707815396064806, 0.0], [0.7128767303593215, 0.7012871800040441, 0.001748849387086508, 0.0], [-0.0007061747036019973, -0.0017759210704599523, 0.9999981737091521, 0.0], [0.0014048556331545115, -0.0004325315821915865, 0.022243916988372803, 1.0]], "wheel_velocity_fl": 183.84458923339844, "wheel_velocity_fr": -171.07565307617188, "wheel_velocity_rl": 182.2808380126953, "wheel_velocity_rr": -176.86654663085938}}, {"current_time": 1.1333333924412727, "current_time_step": 68, "data": {"base_link_transform_matrix": [[0.6900764321060383, -0.7237357240567496, -0.001058100114682636, 0.0], [0.7237360871978605, 0.6900737465507358, 0.002073742742349568, 0.0], [-0.000770674594776984, -0.0021968262296104, 0.9999972900039209, 0.0], [0.001280232914723456, -0.0002865336136892438, 0.02218155562877655, 1.0]], "wheel_velocity_fl": 173.1663360595703, "wheel_velocity_fr": -145.53196716308594, "wheel_velocity_rl": 182.2552490234375, "wheel_velocity_rr": -178.28492736816406}}, {"current_time": 1.1500000599771738, "current_time_step": 69, "data": {"base_link_transform_matrix": [[0.6788161856841767, -0.7343082302126193, -9.536873915181976e-05, 0.0], [0.7343081981905016, 0.678816102731238, 0.00041078338844896544, 0.0], [-0.0002369037871392724, -0.0003488764598996209, 0.9999999110809017, 0.0], [0.0011029226006940007, -0.0005400963127613068, 0.022125810384750366, 1.0]], "wheel_velocity_fl": 168.7066192626953, "wheel_velocity_fr": -173.80873107910156, "wheel_velocity_rl": 182.25270080566406, "wheel_velocity_rr": -169.25302124023438}}, {"current_time": 1.1666667275130749, "current_time_step": 70, "data": {"base_link_transform_matrix": [[0.6669733863256206, -0.7450815139117465, 0.0001988977487901344, 0.0], [0.745081533900895, 0.6669733212706599, -0.0003107299060675057, 0.0], [9.885961672661858e-05, 0.0003554436174404745, 0.9999999319433032, 0.0], [0.0010834147688001394, -0.00031767948530614376, 0.02199174463748932, 1.0]], "wheel_velocity_fl": 170.3307647705078, "wheel_velocity_fr": -176.47227478027344, "wheel_velocity_rl": 176.8140869140625, "wheel_velocity_rr": -173.52525329589844}}, {"current_time": 1.183333395048976, "current_time_step": 71, "data": {"base_link_transform_matrix": [[0.6547986689661951, -0.7558024630310699, 0.0011575820781189925, 0.0], [0.7558029407848245, 0.6547991396797884, 3.708935319531655e-05, 0.0], [-0.0007860159733583074, 0.0008506178797370324, 0.9999993293138313, 0.0], [0.001405895221978426, -6.4