{"Isaac Sim Data": [{"current_time": 1.0333333872258663, "current_time_step": 62, "data": {"base_link_transform_matrix": [[0.999999998731622, 5.010821489976564e-05, -5.091424715981489e-06, 0.0], [-5.009592259497245e-05, 0.999997151541195, 0.0023862941761033304, 0.0], [5.210983154658172e-06, -0.002386293918016989, 0.9999971527830379, 0.0], [2.5605288101360202e-05, 4.172744229435921e-05, 0.02173270285129547, 1.0]], "wheel_velocity_fl": 0.7762511968612671, "wheel_velocity_fr": 1.5090126991271973, "wheel_velocity_rl": -0.750711977481842, "wheel_velocity_rr": -0.6759492754936218}}, {"current_time": 1.0500000547617674, "current_time_step": 63, "data": {"base_link_transform_matrix": [[0.9999999987326909, 5.008621653604746e-05, -5.097958473213887e-06, 0.0], [-5.00739087169996e-05, 0.9999971515489645, 0.0023862913822359742, 0.0], [5.21746425881757e-06, -0.002386291123937098, 0.9999971527896716, 0.0], [2.5630113668739796e-05, 4.167074803262949e-05, 0.02173273265361786, 1.0]], "wheel_velocity_fl": 0.7660489678382874, "wheel_velocity_fr": 1.5356494188308716, "wheel_velocity_rl": -0.74495530128479, "wheel_velocity_rr": -0.6595600843429565}}, {"current_time": 1.0666667222976685, "current_time_step": 64, "data": {"base_link_transform_matrix": [[0.9999999987282525, 5.0181060309462264e-05, -5.035498084536185e-06, 0.0], [-5.0168901840396433e-05, 0.9999971518086673, 0.0023861805535928724, 0.0], [5.155224812743296e-06, -0.0023861802979328437, 0.9999971530544521, 0.0], [2.5738836484379135e-05, 4.165864083915949e-05, 0.021732792258262634, 1.0]], "wheel_velocity_fl": 0.7550264000892639, "wheel_velocity_fr": 1.5352922677993774, "wheel_velocity_rl": -0.7493709921836853, "wheel_velocity_rr": -0.6705054640769958}}, {"current_time": 1.0833333898335695, "current_time_step": 65, "data": {"base_link_transform_matrix": [[0.9999999987274254, 5.0197821078572667e-05, -5.0326912181035e-06, 0.0], [-5.018566866325211e-05, 0.9999971515316975, 0.002386296270309154, 0.0], [5.1524637558595344e-06, -0.0023862960147034403, 0.9999971527783378, 0.0], [2.5771887521841563e-05, 4.166923463344574e-05, 0.02173273265361786, 1.0]], "wheel_velocity_fl": 0.7875658273696899, "wheel_velocity_fr": 1.5469497442245483, "wheel_velocity_rl": -0.7477931380271912, "wheel_velocity_rr": -0.6586780548095703}}, {"current_time": 1.1000000573694706, "current_time_step": 66, "data": {"base_link_transform_matrix": [[0.9999999987380357, 4.9980332625175104e-05, -5.088717953765723e-06, 0.0], [-4.996804782993888e-05, 0.9999971518620571, 0.002386162393493937, 0.0], [5.20796465051955e-06, -0.002386162136209383, 0.999997153097516, 0.0], [2.5604156689951196e-05, 4.1732448153197765e-05, 0.021732643246650696, 1.0]], "wheel_velocity_fl": 0.7701247334480286, "wheel_velocity_fr": 1.5102109909057617, "wheel_velocity_rl": -0.7405120134353638, "wheel_velocity_rr": -0.7023606300354004}}, {"current_time": 1.1166667249053717, "current_time_step": 67, "data": {"base_link_transform_matrix": [[0.9999999987312147, 5.011643911773764e-05, -5.090488187043611e-06, 0.0], [-5.010414932034823e-05, 0.9999971516763477, 0.00238623736576732, 0.0], [5.210063407347654e-06, -0.0023862371076851167, 0.9999971529186077, 0.0], [2.5551673388690688e-05, 4.1750725358724594e-05, 0.02173273265361786, 1.0]], "wheel_velocity_fl": 0.7786385416984558, "wheel_velocity_fr": 1.5124691724777222, "wheel_velocity_rl": -0.7212117910385132, "wheel_velocity_rr": -0.7082788944244385}}, {"current_time": 1.1333333924412727, "current_time_step": 68, "data": {"base_link_transform_matrix": [[0.9999999987294536, 5.014643973802834e-05, -5.1407596925623755e-06, 0.0], [-5.0134029784032464e-05, 0.9999971516242887, 0.0023862585544078595, 0.0], [5.260407420545298e-06, -0.0023862582936490075, 0.999997152867789, 0.0], [2.5521994757582434e-05, 4.170119063928723e-05, 0.021732673048973083, 1.0]], "wheel_velocity_fl": 0.7847203612327576, "wheel_velocity_fr": 1.497134804725647, "wheel_velocity_rl": -0.7271981835365295, "wheel_velocity_rr": -0.6514291167259216}}, {"current_time": 1.1500000599771738, "current_time_step": 69, "data": {"base_link_transform_matrix": [[0.9999999987278795, 5.018228715819772e-05, -5.096963164285753e-06, 0.0], [-5.0169981474723204e-05, 0.9999971515597051, 0.002386284863343787, 0.0], [5.216697878144073e-06, -0.002386284604593597, 0.9999971528052327, 0.0], [2.553068770794198e-05, 4.170567262917757e-05, 0.021732792258262634, 1.0]], "wheel_velocity_fl": 0.7664780616760254, "wheel_velocity_fr": 1.5302945375442505, "wheel_velocity_rl": -0.7423404455184937, "wheel_velocity_rr": -0.6882199048995972}}, {"current_time": 1.1666667275130749, "current_time_step": 70, "data": {"base_link_transform_matrix": [[0.9999999987254061, 5.023719373680243e-05, -5.041048376773637e-06, 0.0], [-5.0225021815865515e-05, 0.9999971517836268, 0.0023861898669938135, 0.0], [5.160909501418075e-06, -0.0023861896107656255, 0.9999971530322006, 0.0], [2.5646679205237888e-05, 4.172633634880185e-05, 0.02173270285129547, 1.0]], "wheel_velocity_fl": 0.7687748074531555, "wheel_velocity_fr": 1.5469876527786255, "wheel_velocity_rl": -0.7427166104316711, "wheel_velocity_rr": -0.7064943313598633}}, {"current_time": 1.183333395048976, "current_time_step": 71, "data": {"base_link_transform_matrix": [[0.9999999987213531, 5.0317998469015705e-05, -5.0391309307735214e-06, 0.0], [-5.0305830566688546e-05, 0.9999971516284444, 0.0023862531972613844, 0.0], [5.159188062182795e-06, -0.0023862529407125423, 0.9999971528810898, 0.0], [2.5672676201793365e-05, 4.175503272563219e-05, 0.02173273265361786, 1.0]], "wheel_velocity_fl": 0.7629680633544922, "wheel_velocity_fr": 1.5066442489624023, "wheel_velocity_rl": -0.7455132603645325, "wheel_velocity_rr": -0.6897801756858826}}, {"current_time": 1.200000062584877, "current_time_step": 72, "data": {"base_link_transform_matrix": [[0.9999999987210357, 5.0320279941417635e-05, -5.079176303285169e-06, 0.0], [-5.030801653230759e-05, 0.9999971516550002, 0.0023862420224745615, 0.0], [5.199238202617637e-06, -0.0023862417638993577, 0.9999971529075531, 0.0], [2.5636813006713055e-05, 4.175415961071849e-05, 0.021732643246650696, 1.0]], "wheel_velocity_fl": 0.7634499073028564, "wheel_velocity_fr": 1.5179342031478882, "wheel_velocity_rl": -0.7502397298812866, "wheel_velocity_rr": -0.6769835948944092}}, {"current_time": 1.216666730120778, "current_time_step": 73, "data": {"base_link_transform_matrix": [[0.9999999987317556, 5.010696853182071e-05, -5.077455618746258e-06, 0.0], [-5.009470969563198e-05, 0.9999971516012611, 0.002386269030172876, 0.0], [5.197009863331408e-06, -0.0023862687727928384, 0.9999971528431144, 0.0], [2.557197876740247e-05, 4.17900737375021e-05, 0.02173273265361786, 1.0]], "wheel_velocity_fl": 0.777397096157074, "wheel_velocity_fr": 1.525224208831787, "wheel_velocity_rl": -0.7414196729660034, "wheel_velocity_rr": -0.6930757164955139}}, {"current_time": 1.2333333976566792, "current_time_step": 74, "data": {"base_link_transform_matrix": [[0.9999999987313728, 5.0119303695054624e-05, -5.0308824893746095e-06, 0.0], [-5.0107156432236176e-05, 0.9999971518195414, 0.002386177293889944, 0.0], [5.1504617049761285e-06, -0.0023861770387795587, 0.9999971530622537, 0.0], [2.5571043806849048e-05, 4.1741819586604834e-05, 0.021732643246650696, 1.0]], "wheel_velocity_fl": 0.7726438045501709, "wheel_velocity_fr": 1.5049524307250977, "wheel_velocity_rl": -0.7356868386268616, "wheel_velocity_rr": -0.6622600555419922}}, {"current_time": 1.2500000651925802, "current_time_step": 75, "data": {"base_link_transform_matrix": [[0.9999999987260817, 5.0218480394161604e-05, -5.093214875651844e-06, 0.0], [-5.020618396722796e-05, 0.9999971517479012, 0.0023862052351535357, 0.0], [5.2130319697098874e-06, -0.002386204976402822, 0.9999971529952647, 0.0], [2.5582770831533708e-05, 4.180136602371931e-05, 0.021732762455940247, 1.0]], "wheel_velocity_fl": 0.775846540927887, "wheel_velocity_fr": 1.515055775642395, "wheel_velocity_rl": -0.7525513172149658, "wheel_velocity_rr": -0.6603482961654663}}, {"current_time": 1.2666667327284813, "current_time_step": 76, "data": {"base_link_transform_matrix": [[0.9999999987259294, 5.0224714667555596e-05, -5.0615448357463485e-06, 0.0], [-5.021249344302484e-05, 0.999997151585909, 0.002386272988188034, 0.0], [5.181380298321355e-06, -0.002386272730994967, 0.9999971528337501, 0.0], [2.5552548322593793e-05, 4.1780469473451376e-05, 0.021732792258262634, 1.0]], "wheel_velocity_fl": 0.7820696234703064, "wheel_velocity_fr": 1.531586766242981, "wheel_velocity_rl": -0.729374349117279, "wheel_velocity_rr": -0.6787589192390442}}, {"current_time": 1.2833334002643824, "current_time_step": 77, "data": {"base_link_transform_matrix": [[0.9999999987338639, 5.006012690871912e-05, -5.12405308308157e-06, 0.0], [-5.00477570044901e-05, 0.9999971516002761, 0.0023862704281872823, 0.0], [5.243495488203762e-06, -0.0023862701687185754, 0.9999971528395406, 0.0], [2.5481946067884564e-05, 4.167039878666401e-05, 0.021732643246650696, 1.0]], "wheel_velocity_fl": 0.7804645895957947, "wheel_velocity_fr": 1.547947645187378, "wheel_velocity_rl": -0.7411044836044312, "wheel_velocity_rr": -0.6482291221618652}}, {"current_time": 1.3000000678002834, "current_time_step": 78, "data": {"base_link_transform_matrix": [[0.9999999987360902, 5.0018104770796735e-05, -5.099867527708313e-06, 0.0], [-5.000579281249667e-05, 0.9999971516540476, 0.0023862487742059954, 0.0], [5.219208642718704e-06, -0.0023862485161670736, 0.9999971528913365, 0.0], [2.556308390921913e-05, 4.165229620411992e-05, 0.021732762455940247, 1.0]], "wheel_velocity_fl": 0.7743173241615295, "wheel_velocity_fr": 1.5781240463256836, "wheel_velocity_rl": -0.7465851306915283, "wheel_velocity_rr": -0.6761712431907654}}, {"current_time": 1.3166667353361845, "current_time_step": 79, "data": {"base_link_transform_matrix": [[0.9999999987392703, 4.995959302200943e-05, -5.049616381374931e-06, 0.0], [-4.9947401813559965e-05, 0.999997151966982, 0.0023861188532233128, 0.0], [5.16881152670993e-06, -0.0023861185979998437, 0.9999971532016078, 0.0], [2.56872626778204e-05, 4.171376349404454e-05, 0.02173273265361786, 1.0]], "wheel_velocity_fl": 0.7781583666801453, "wheel_velocity_fr": 1.545494794845581, "wheel_velocity_rl": -0.7367823123931885, "wheel_velocity_rr": -0.6714167594909668}}, {"current_time": 1.3333334028720856, "current_time_step": 80, "data": {"base_link_transform_matrix": [[0.999999998744153, 4.9859013792385635e-05, -5.076690004098658e-06, 0.0], [-4.984675728347197e-05, 0.999997151519201, 0.002386308610598198, 0.0], [5.195654537173363e-06, -0.002386308354544825, 0.9999971527486676, 0.0], [2.5642451873864047e-05, 4.173989873379469e-05, 0.02173273265361786, 1.0]], "wheel_velocity_fl": 0.7743332386016846, "wheel_velocity_fr": 1.5263277292251587, "wheel_velocity_rl": -0.7396444082260132, "wheel_velocity_rr": -0.6933916807174683}}, {"current_time": 1.3500000704079866, "current_time_step": 81, "data": {"base_link_transform_matrix": [[0.9999999987417473, 4.99082851957945e-05, -5.066412856808661e-06, 0.0], [-4.98960532231621e-05, 0.9999971515867486, 0.0023862792739230694, 0.0], [5.1854935321309085e-06, -0.0023862790181265214, 0.9999971528187259, 0.0], [2.5607629140722565e-05, 4.17248229496181e-05, 0.021732673048973083, 1.0]], "wheel_velocity_fl": 0.7748223543167114, "wheel_velocity_fr": 1.5358606576919556, "wheel_velocity_rl": -0.7466205954551697, "wheel_velocity_rr": -0.6887040138244629}}, {"current_time": 1.3666667379438877, "current_time_step": 82, "data": {"base_link_transform_matrix": [[0.9999999987359034, 5.002844605990838e-05, -5.03466803970045e-06, 0.0], [-5.001628984755958e-05, 0.9999971517429765, 0.002386211286747778, 0.0], [5.154032142318451e-06, -0.00238621103191596, 0.9999971529811208, 0.0], [2.563209636718966e-05, 4.170986358076334e-05, 0.021732643246650696, 1.0]], "wheel_velocity_fl": 0.7730875611305237, "wheel_velocity_fr": 1.5399649143218994, "wheel_velocity_rl": -0.7551305890083313, "wheel_velocity_rr": -0.6867518424987793}}, {"current_time": 1.3833334054797888, "current_time_step": 83, "data": {"base_link_transform_matrix": [[0.9999999987393619, 4.9948255940753044e-05, -5.142754082708907e-06, 0.0], [-4.993584147824308e-05, 0.9999971514919718, 0.0023863181586321718, 0.0], [5.261931863676041e-06, -0.002386317898816136, 0.9999971527255455, 0.0], [2.5627303330111317e-05, 4.1782157495617867e-05, 0.021732762455940247, 1.0]], "wheel_velocity_fl": 0.7596429586410522, "wheel_velocity_fr": 1.5443764925003052, "wheel_velocity_rl": -0.7389585375785828, "wheel_velocity_rr": -0.6753087639808655}}, {"current_time": 1.4000000730156898, "current_time_step": 84, "data": {"base_link_transform_matrix": [[0.9999999987354469, 5.003446737673601e-05, -5.065397437495731e-06, 0.0], [-5.002223748119463e-05, 0.9999971515865554, 0.0023862767130784154, 0.0], [5.1847790935019544e-06, -0.0023862764566783285, 0.999997152824842, 0.0], [2.5603992980904877e-05, 4.171859472990036e-05, 0.021732613444328308, 1.0]], "wheel_velocity_fl": 0.771175742149353, "wheel_velocity_fr": 1.5477133989334106, "wheel_velocity_rl": -0.7466301918029785, "wheel_velocity_rr": -0.6507043242454529}}, {"current_time": 1.416666740551591, "current_time_step": 85, "data": {"base_link_transform_matrix": [[0.9999999987341308, 5.006029531430012e-05, -5.070036355694609e-06, 0.0], [-5.004805426098113e-05, 0.999997151578596, 0.002386279507251037, 0.0], [5.189479770929984e-06, -0.0023862792504848645, 0.9999971528181508, 0.0], [2.5613158868509345e-05, 4.169536987319589e-05, 0.021732643246650696, 1.0]], "wheel_velocity_fl": 0.7761924266815186, "wheel_velocity_fr": 1.5405571460723877, "wheel_velocity_rl": -0.7349414825439453, "wheel_velocity_rr": -0.6871437430381775}}, {"current_time": 1.433333408087492, "current_time_step": 86, "data": {"base_link_transform_matrix": [[0.999999998732345, 5.009255347391872e-05, -5.103541610147371e-06, 0.0], [-5.008023194049689e-05, 0.9999971513780747, 0.002386362861420866, 0.0], [5.223066081330743e-06, -0.002386362602809234, 0.99999715261907, 0.0], [2.5601220841053873e-05, 4.170159809291363e-05, 0.021732762455940247, 1.0]], "wheel_velocity_fl": 0.7777045369148254, "wheel_velocity_fr": 1.5314279794692993, "wheel_velocity_rl": -0.7310014367103577, "wheel_velocity_rr": -0.6687192916870117}}, {"current_time": 1.450000075623393, "current_time_step": 87, "data": {"base_link_transform_matrix": [[0.9999999987245946, 5.024874804399845e-05, -5.086674250798196e-06, 0.0], [-5.023646680237183e-05, 0.9999971515924818, 0.0023862697291609897, 0.0], [5.206566828262649e-06, -0.002386269470580986, 0.9999971528413996, 0.0], [2.564931673987303e-05, 4.162226105108857e-05, 0.021732613444328308, 1.0]], "wheel_velocity_fl": 0.7665749192237854, "wheel_velocity_fr": 1.563125729560852, "wheel_velocity_rl": -0.749615490436554, "wheel_velocity_rr": -0.6694152355194092}}, {"current_time": 1.4666667431592941, "current_time_step": 88, "data": {"base_link_transform_matrix": [[0.9999999987228024, 5.028071485927931e-05, -5.1229734194073e-06, 0.0], [-5.0268346482224416e-05, 0.9999971513975258, 0.0023863507552939634, 0.0], [5.242946247973703e-06, -0.002386350494722719, 0.9999971526478603, 0.0], [2.570045762695372e-05, 4.166271537542343e-05, 0.021732673048973083, 1.0]], "wheel_velocity_fl": 0.77883380651474, "wheel_velocity_fr": 1.5437066555023193, "wheel_velocity_rl": -0.7225726842880249, "wheel_velocity_rr": -0.6729055047035217}}, {"current_time": 1.4833334106951952, "current_time_step": 89, "data": {"base_link_transform_matrix": [[0.9999999987245876, 5.0249170204901306e-05, -5.083880790467865e-06, 0.0], [-5.023689593213341e-05, 0.9999971517319136, 0.00238621128873326, 0.0], [5.2037714474048685e-06, -0.002386211030291466, 0.9999971529808671, 0.0], [2.5630753953009844e-05, 4.167633596807718e-05, 0.021732673048973083, 1.0]], "wheel_velocity_fl": 0.7654011845588684, "wheel_velocity_fr": 1.5649672746658325, "wheel_velocity_rl": -0.743120551109314, "wheel_velocity_rr": -0.6641975045204163}}, {"current_time": 1.5000000782310963, "current_time_step": 90, "data": {"base_link_transform_matrix": [[0.9999999987318527, 5.010691355912818e-05, -5.058829275638559e-06, 0.0], [-5.009469918261645e-05, 0.9999971516068189, 0.0023862667013504523, 0.0], [5.178383325437339e-06, -0.0023862664449037837, 0.999997152848766, 0.0], [2.5556484615663067e-05, 4.176050424575806e-05, 0.021732673048973083, 1.0]], "wheel_velocity_fl": 0.7756364345550537, "wheel_velocity_fr": 1.5208740234375, "wheel_velocity_rl": -0.7565111517906189, "wheel_velocity_rr": -0.6891549825668335}}, {"current_time": 1.5166667457669973, "current_time_step": 91, "data": {"base_link_transform_matrix": [[0.9999999987331745, 5.0081372185308706e-05, -5.050465019390397e-06, 0.0], [-5.0069177916696686e-05, 0.9999971516431002, 0.0023862520327617145, 0.0], [5.169957410044201e-06, -0.002386251776866118, 0.9999971528838114, 0.0], [2.5636480131652206e-05, 4.182383418083191e-05, 0.02173273265361786, 1.0]], "wheel_velocity_fl": 0.776850700378418, "wheel_velocity_fr": 1.5021345615386963, "wheel_velocity_rl": -0.7464318871498108, "wheel_velocity_rr": -0.6777025461196899}}, {"current_time": 1.5333334133028984, "current_time_step": 92, "data": {"base_link_transform_matrix": [[0.9999999987346938, 5.0053835642690546e-05, -5.0225439763782985e-06, 0.0], [-5.00417082455332e-05, 0.9999971517217044, 0.002386219668384741, 0.0], [5.141969117863988e-06, -0.002386219414028762, 0.9999971529611813, 0.0], [2.5717619791976176e-05, 4.17931005358696e-05, 0.02173270285129547, 1.0]], "wheel_velocity_fl": 0.7706432342529297, "wheel_velocity_fr": 1.5232789516448975, "wheel_velocity_rl": -0.7374811172485352, "wheel_velocity_rr": -0.6569152474403381}}, {"current_time": 1.5500000808387995, "current_time_step": 93, "data": {"base_link_transform_matrix": [[0.9999999987402578, 4.9931273523769715e-05, -5.133452374424064e-06, 0.0], [-4.991888157305399e-05, 0.9999971516139408, 0.002386267401302068, 0.0], [5.252587122685153e-06, -0.0023862671420397854, 0.9999971528467154, 0.0], [2.5647679649409838e-05, 4.1710620280355215e-05, 0.02173270285129547, 1.0]], "wheel_velocity_fl": 0.772702693939209, "wheel_velocity_fr": 1.5153839588165283, "wheel_velocity_rl": -0.7594713568687439, "wheel_velocity_rr": -0.6717060208320618}}, {"current_time": 1.5666667483747005, "current_time_step": 94, "data": {"base_link_transform_matrix": [[0.999999998739574, 4.994754538241535e-05, -5.108295603896735e-06, 0.0], [-4.993521326522642e-05, 0.999997151544232, 0.002386296271799223, 0.0], [5.227470694474238e-06, -0.0023862960137076426, 0.9999971527779509, 0.0], [2.570816286606714e-05, 4.166486905887723e-05, 0.021732643246650696, 1.0]], "wheel_velocity_fl": 0.7526751756668091, "wheel_velocity_fr": 1.5616340637207031, "wheel_velocity_rl": -0.7379675507545471, "wheel_velocity_rr": -0.6947880983352661}}, {"current_time": 1.5833334159106016, "current_time_step": 95, "data": {"base_link_transform_matrix": [[0.9999999987450391, 4.984858415800916e-05, -5.004054274869684e-06, 0.0], [-4.9836501394125764e-05, 0.9999971516986185, 0.0023862336376124804, 0.0], [5.122990390120179e-06, -0.0023862333852332925, 0.9999971529279402, 0.0], [2.5660470782895572e-05, 4.1659572161734104e-05, 0.02173270285129547, 1.0]], "wheel_velocity_fl": 0.7661759257316589, "wheel_velocity_fr": 1.5281343460083008, "wheel_velocity_rl": -0.7524078488349915, "wheel_velocity_rr": -0.707144021987915}}, {"current_time": 1.6000000834465027, "current_time_step": 96, "data": {"base_link_transform_matrix": [[0.9999999987417226, 4.9909157557639955e-05, -5.062686431058613e-06, 0.0], [-4.9896934361407545e-05, 0.9999971515344784, 0.0023863011597886597, 0.0], [5.181770290734739e-06, -0.0023863009041734987, 0.9999971527665187, 0.0], [2.5584031391190365e-05, 4.1694147512316704e-05, 0.02173270285129547, 1.0]], "wheel_velocity_fl": 0.7723986506462097, "wheel_velocity_fr": 1.544477939605713, "wheel_velocity_rl": -0.710946261882782, "wheel_velocity_rr": -0.701099693775177}}, {"current_time": 1.6166667509824038, "current_time_step": 97, "data": {"base_link_transform_matrix": [[0.9999999987301755, 5.013953093805912e-05, -5.06718876037685e-06, 0.0], [-5.012729616929535e-05, 0.9999971514435039, 0.0023863344552353463, 0.0], [5.186824016450218e-06, -0.002386334198200649, 0.999997152687042, 0.0], [2.563900125096552e-05, 4.170311149209738e-05, 0.021732762455940247, 1.0]], "wheel_velocity_fl": 0.7814064621925354, "wheel_velocity_fr": 1.5118745565414429, "wheel_velocity_rl": -0.7137647271156311, "wheel_velocity_rr": -0.6613461375236511}}, {"current_time": 1.6333334185183048, "current_time_step": 98, "data": {"base_link_transform_matrix": [[0.9999999987288769, 5.01590827561763e-05, -5.129576308727559e-06, 0.0], [-5.0146699802175014e-05, 0.9999971517825523, 0.002386191964513496, 0.0], [5.2492508987989726e-06, -0.002386191704249029, 0.9999971530267453, 0.0], [2.563966336310841e-05, 4.160613752901554e-05, 0.021732643246650696, 1.0]], "wheel_velocity_fl": 0.7671166658401489, "wheel_velocity_fr": 1.5589184761047363, "wheel_velocity_rl": -0.7385258078575134, "wheel_velocity_rr": -0.6457297205924988}}, {"current_time": 1.650000086054206, "current_time_step": 99, "data": {"base_link_transform_matrix": [[0.999999998736296, 5.000941246218712e-05, -5.144576324583026e-06, 0.0], [-4.99969937271228e-05, 0.9999971516022591, 0.0023862706613134565, 0.0], [5.263897664531487e-06, -0.002386270401084567, 0.999997152838879, 0.0], [2.5544197342242114e-05, 4.155462374910712e-05, 0.021732613444328308, 1.0]], "wheel_velocity_fl": 0.7771426439285278, "wheel_velocity_fr": 1.5674132108688354, "wheel_velocity_rl": -0.7436341047286987, "wheel_velocity_rr": -0.6982221007347107}}, {"current_time": 1.666666753590107, "current_time_step": 100, "data": {"base_link_transform_matrix": [[0.9999999987376069, 4.999108658519981e-05, -5.067289296175646e-06, 0.0], [-4.997885252690821e-05, 0.9999971516937324, 0.0023862327079764325, 0.0], [5.186565228900669e-06, -0.0023862324517067647, 0.99999715292984, 0.0], [2.5533496227581054e-05, 4.1617953684180975e-05, 0.021732673048973083, 1.0]], "wheel_velocity_fl": 0.7846395969390869, "wheel_velocity_fr": 1.546143889427185, "wheel_velocity_rl": -0.7361769080162048, "wheel_velocity_rr": -0.6747538447380066}}, {"current_time": 1.683333421126008, "current_time_step": 101, "data": {"base_link_transform_matrix": [[0.9999999987322642, 5.009898302064498e-05, -5.056041141417953e-06, 0.0], [-5.008677541634724e-05, 0.9999971516516638, 0.0023862480747586924, 0.0], [5.175575341831963e-06, -0.002386247818492763, 0.9999971528932281, 0.0], [2.566697912698146e-05, 4.161748802289367e-05, 0.02173270285129547, 1.0]], "wheel_velocity_fl": 0.7594884037971497, "wheel_velocity_fr": 1.5377979278564453, "wheel_velocity_rl": -0.7251104712486267, "wheel_velocity_rr": -0.6621814966201782}}, {"current_time": 1.700000088661909, "current_time_step": 102, "data": {"base_link_transform_matrix": [[0.9999999987376105, 4.9983502122463616e-05, -5.140867729150813e-06, 0.0], [-4.9971091998578406e-05, 0.9999971514618752, 0.002386330032812464, 0.0], [5.2601302174530725e-06, -0.002386329772905212, 0.9999971526972194, 0.0], [2.571791992522776e-05, 4.162860568612814e-05, 0.02173270285129547, 1.0]], "wheel_velocity_fl": 0.7914831638336182, "wheel_velocity_fr": 1.5191887617111206, "wheel_velocity_rl": -0.7485785484313965, "wheel_velocity_rr": -0.6751540899276733}}, {"current_time": 1.7166667561978102, "current_time_step": 103, "data": {"base_link_transform_matrix": [[0.9999999987486743, 4.976643385951562e-05, -5.094446740597478e-06, 0.0], [-4.9754135101561914e-05, 0.999997151459918, 0.0023863353863060118, 0.0], [5.213191631030962e-06, -0.002386335129850138, 0.9999971526846817, 0.0], [2.5575855033821426e-05, 4.166230792179704e-05, 0.021732673048973083, 1.0]], "wheel_velocity_fl": 0.7598074078559875, "wheel_velocity_fr": 1.5726680755615234, "wheel_velocity_rl": -0.7581385970115662, "wheel_velocity_rr": -0.6904103755950928}}, {"current_time": 1.7333334237337112, "current_time_step": 104, "data": {"base_link_transform_matrix": [[0.9999999987502217, 4.973932036061175e-05, -5.055350153755516e-06, 0.0], [-4.9727115509888194e-05, 0.9999971517068401, 0.0023862324742233614, 0.0], [5.174025336126544e-06, -0.0023862322198531186, 0.9999971529304583, 0.0], [2.5546032702550292e-05, 4.173972411081195e-05, 0.02173273265361786, 1.0]], "wheel_velocity_fl": 0.7665464282035828, "wheel_velocity_fr": 1.5325361490249634, "wheel_velocity_rl": -0.7426905632019043, "wheel_velocity_rr": -0.6840919852256775}}, {"current_time": 1.7500000912696123, "current_time_step": 105, "data": {"base_link_transform_matrix": [[0.9999999987342647, 5.006119163353447e-05, -5.034646007665684e-06, 0.0], [-5.004903514292377e-05, 0.9999971516313305, 0.0023862573875944562, 0.0], [5.154090555505037e-06, -0.0023862571325949113, 0.9999971528711131, 0.0], [2.5708410248626024e-05, 4.1754101403057575e-05, 0.021732673048973083, 1.0]], "wheel_velocity_fl": 0.7830788493156433, "wheel_velocity_fr": 1.4864884614944458, "wheel_velocity_rl": -0.7351862192153931, "wheel_velocity_rr": -0.6548912525177002}}, {"current_time": 1.7666667588055134, "current_time_step": 106, "data": {"base_link_transform_matrix": [[0.9999999987369842, 5.000325912329443e-05, -5.070073957876959e-06, 0.0], [-4.999101805201963e-05, 0.9999971515397794, 0.002386296969284904, 0.0], [5.18938214167326e-06, -0.002386296712812815, 0.999997152776481, 0.0], [2.5764655219973065e-05, 4.1745894122868776e-05, 0.02173273265361786, 1.0]], "wheel_velocity_fl": 0.7862439751625061, "wheel_velocity_fr": 1.5270494222640991, "wheel_velocity_rl": -0.7429300546646118, "wheel_velocity_rr": -0.6685377955436707}}, {"current_time": 1.7833334263414145, "current_time_step": 107, "data": {"base_link_transform_matrix": [[0.9999999987515966, 4.971053175187255e-05, -5.066545493023157e-06, 0.0], [-4.969830038795138e-05, 0.9999971517632756, 0.002386209424001135, 0.0], [5.1851508016406445e-06, -0.0023862091692234827, 0.9999971529854047, 0.0], [2.5594054022803903e-05, 4.171940963715315e-05, 0.021732643246650696, 1.0]], "wheel_velocity_fl": 0.7411855459213257, "wheel_velocity_fr": 1.4894150495529175, "wheel_velocity_rl": -0.7390046119689941, "wheel_velocity_rr": -0.672609806060791}}, {"current_time": 1.8000000938773155, "current_time_step": 108, "data": {"base_link_transform_matrix": [[0.9999999987507208, 4.9724910557422695e-05, -5.098200498876663e-06, 0.0], [-4.971260340331689e-05, 0.9999971516647784, 0.002386250403308459, 0.0], [5.216842065364742e-06, -0.0023862501468825464, 0.9999971528874575, 0.0], [2.5549896236043423e-05, 4.1705090552568436e-05, 0.02173258364200592, 1.0]], "wheel_velocity_fl": 0.7624330520629883, "wheel_velocity_fr": 1.539710521697998, "wheel_velocity_rl": -0.740725576877594, "wheel_velocity_rr": -0.665581226348877}}, {"current_time": 1.8166667614132166, "current_time_step": 109, "data": {"base_link_transform_matrix": [[0.9999999987383545, 4.997328671151987e-05, -5.095240046877925e-06, 0.0], [-4.9960985683964194e-05, 0.9999971515468347, 0.002386294641694249, 0.0], [5.214476519632836e-06, -0.0023862943841203763, 0.9999971527819075, 0.0], [2.5708468456286937e-05, 4.1681923903524876e-05, 0.021732643246650696, 1.0]], "wheel_velocity_fl": 0.7770773768424988, "wheel_velocity_fr": 1.5104202032089233, "wheel_velocity_rl": -0.7425747513771057, "wheel_velocity_rr": -0.67780601978302}}, {"current_time": 1.8333334289491177, "current_time_step": 110, "data": {"base_link_transform_matrix": [[0.9999999987352175, 5.003422206780687e-05, -5.112894538067116e-06, 0.0], [-5.0021878879256984e-05, 0.9999971516082393, 0.0023862676337151655, 0.0], [5.232275019238965e-06, -0.002386267374940464, 0.9999971528462661, 0.0], [2.5697729142848402e-05, 4.168687155470252e-05, 0.021732643246650696, 1.0]], "wheel_velocity_fl": 0.7692852020263672, "wheel_velocity_fr": 1.537623405456543, "wheel_velocity_rl": -0.7536359429359436, "wheel_velocity_rr": -0.6783846020698547}}, {"current_time": 1.8500000964850187, "current_time_step": 111, "data": {"base_link_transform_matrix": [[0.9999999987470256, 4.9805709623032185e-05, -5.033885830178578e-06, 0.0], [-4.979355605409726e-05, 0.9999971518202072, 0.0023861835795408797, 0.0], [5.152717059236537e-06, -0.002386183325895977, 0.9999971530472398, 0.0], [2.565452450653538e-05, 4.1746534407138824e-05, 0.021732822060585022, 1.0]], "wheel_velocity_fl": 0.7731932997703552, "wheel_velocity_fr": 1.528802752494812, "wheel_velocity_rl": -0.7521927952766418, "wheel_velocity_rr": -0.7006245851516724}}, {"current_time": 1.8666667640209198, "current_time_step": 112, "data": {"base_link_transform_matrix": [[0.9999999987377507, 4.998707651737322e-05, -5.078467084780943e-06, 0.0], [-4.997481538864953e-05, 0.9999971515061413, 0.002386311404914014, 0.0], [5.197737349590358e-06, -0.002386311148106439, 0.9999971527419905, 0.0], [2.5652849217294715e-05, 4.172383341938257e-05, 0.021732822060585022, 1.0]], "wheel_velocity_fl": 0.7808218002319336, "wheel_velocity_fr": 1.540173053741455, "wheel_velocity_rl": -0.7494633197784424, "wheel_velocity_rr": -0.6746722459793091}}, {"current_time": 1.8833334315568209, "current_time_step": 113, "data": {"base_link_transform_matrix": [[0.9999999987317955, 5.0101144905645724e-05, -5.126819544326411e-06, 0.0], [-5.008876810476676e-05, 0.9999971515171044, 0.0023863044216167343, 0.0], [5.246361524285033e-06, -0.002386304161794337, 0.9999971527584082, 0.0], [2.5700406695250422e-05, 4.163646372035146e-05, 0.021732881665229797, 1.0]], "wheel_velocity_fl": 0.7661698460578918, "wheel_velocity_fr": 1.5044827461242676, "wheel_velocity_rl": -0.7328348159790039, "wheel_velocity_rr": -0.6714506149291992}}, {"current_time": 1.900000099092722, "current_time_step": 114, "data": {"base_link_transform_matrix": [[0.9999999987396997, 4.994712058006019e-05, -5.08780774962723e-06, 0.0], [-4.9934837700901213e-05, 0.9999971517031532, 0.002386229681479764, 0.0], [5.206978559673049e-06, -0.002386229424413544, 0.9999971529369578, 0.0], [2.561568544479087e-05, 4.1630351915955544e-05, 0.021732762455940247, 1.0]], "wheel_velocity_fl": 0.771065890789032, "wheel_velocity_fr": 1.5444027185440063, "wheel_velocity_rl": -0.7386860251426697, "wheel_velocity_rr": -0.6939679384231567}}, {"current_time": 1.916666766628623, "current_time_step": 115, "data": {"base_link_transform_matrix": [[0.9999999987393345, 4.995632439727384e-05, -5.069174572729906e-06, 0.0], [-4.9944085708512785e-05, 0.9999971515893508, 0.0023862771786361653, 0.0], [5.188369770476831e-06, -0.002386276922452579, 0.9999971528237119, 0.0], [2.5491786800557747e-05, 4.170066677033901e-05, 0.021732673048973083, 1.0]], "wheel_velocity_fl": 0.755943775177002, "wheel_velocity_fr": 1.519551396369934, "wheel_velocity_rl": -0.7420872449874878, "wheel_velocity_rr": -0.6895876526832581}}, {"current_time": 1.933333434164524, "current_time_step": 116, "data": {"base_link_transform_matrix": [[0.9999999987222301, 5.029304359768371e-05, -5.113653090886185e-06, 0.0], [-5.028069778169627e-05, 0.9999971515585873, 0.002386283001518413, 0.0], [5.2336519599767275e-06, -0.0023862827413512464, 0.9999971528095903, 0.0], [2.5588000426068902e-05, 4.166457802057266e-05, 0.02173270285129547, 1.0]], "wheel_velocity_fl": 0.7695226073265076, "wheel_velocity_fr": 1.5193071365356445, "wheel_velocity_rl": -0.7374687790870667, "wheel_velocity_rr": -0.641895055770874}}, {"current_time": 1.9500001017004251, "current_time_step": 117, "data": {"base_link_transform_matrix": [[0.999999998718638, 5.036451769246341e-05, -5.112674911644138e-06, 0.0], [-5.035217433736733e-05, 0.9999971517055565, 0.0023862199045286848, 0.0], [5.232841163840339e-06, -0.0023862196440367746, 0.9999971529601611, 0.0], [2.570925971667748e-05, 4.1643157601356506e-05, 0.021732673048973083, 1.0]], "wheel_velocity_fl": 0.7701833248138428, "wheel_velocity_fr": 1.5327203273773193, "wheel_velocity_rl": -0.7326380014419556, "wheel_velocity_rr": -0.6575815677642822}}, {"current_time": 1.9666667692363262, "current_time_step": 118, "data": {"base_link_transform_matrix": [[0.9999999987286395, 5.016893304912327e-05, -5.079276132974242e-06, 0.0], [-5.0156669214134736e-05, 0.9999971513786896, 0.002386360998419112, 0.0], [5.198982849200736e-06, -0.0023863607406256144, 0.9999971526236393, 0.0], [2.55731738434406e-05, 4.168733721598983e-05, 0.02173273265361786, 1.0]], "wheel_velocity_fl": 0.7785061001777649, "wheel_velocity_fr": 1.5517913103103638, "wheel_velocity_rl": -0.7367779612541199, "wheel_velocity_rr": -0.6677162051200867}}, {"current_time": 1.9833334367722273, "current_time_step": 119, "data": {"base_link_transform_matrix": [[0.9999999987385073, 4.997023066947792e-05, -5.095242757009281e-06, 0.0], [-4.995792992339747e-05, 0.9999971516747749, 0.002386241090625897, 0.0], [5.214469261832371e-06, -0.0023862408330678907, 0.999997152909695, 0.0], [2.5493089196970686e-05, 4.174793139100075e-05, 0.021732643246650696, 1.0]], "wheel_velocity_fl": 0.7743018269538879, "wheel_velocity_fr": 1.4876459836959839, "wheel_velocity_rl": -0.7402216792106628, "wheel_velocity_rr": -0.6521804928779602}}, {"current_time": 2.0000001043081284, "current_time_step": 120, "data": {"base_link_transform_matrix": [[0.9999999987278032, 5.0187859988651065e-05, -5.056912952809889e-06, 0.0], [-5.017564998707382e-05, 0.9999971516177613, 0.002386260415031407, 0.0], [5.1766598523949075e-06, -0.00238626015826172, 0.9999971528637766, 0.0], [2.560979555710219e-05, 4.181225085631013e-05, 0.021732673048973083, 1.0]], "wheel_velocity_fl": 0.7774844765663147, "wheel_velocity_fr": 1.5278230905532837, "wheel_velocity_rl": -0.7483893632888794, "wheel_velocity_rr": -0.6886687278747559}}, {"current_time": 2.0166667718440294, "current_time_step": 121, "data": {"base_link_transform_matrix": [[0.999999998725916, 5.022685332932351e-05, -5.0429174692248154e-06, 0.0], [-5.021467670134284e-05, 0.9999971516563608, 0.002386243418342961, 0.0], [5.1627566034440945e-06, -0.002386243162074216, 0.9999971529044057, 0.0], [2.560542998253368e-05, 4.177092341706157e-05, 0.021732643246650696, 1.0]], "wheel_velocity_fl": 0.7675826549530029, "wheel_velocity_fr": 1.5089305639266968, "wheel_velocity_rl": -0.7601345777511597, "wheel_velocity_rr": -0.7027418613433838}}, {"current_time": 2.0333334393799305, "current_time_step": 122, "data": {"base_link_transform_matrix": [[0.9999999987316351, 5.01163085494521e-05, -5.008532704154105e-06, 0.0], [-5.010421439168816e-05, 0.9999971517107966, 0.0023862229279042594, 0.0], [5.128107122927107e-06, -0.0023862226739290618, 0.9999971529534737, 0.0], [2.5565312171238475e-05, 4.1707768104970455e-05, 0.021732762455940247, 1.0]], "wheel_velocity_fl": 0.7795177698135376, "wheel_velocity_fr": 1.4582659006118774, "wheel_velocity_rl": -0.7411328554153442, "wheel_velocity_rr": -0.6712440252304077}}, {"current_time": 2.0500001069158316, "current_time_step": 123, "data": {"base_link_transform_matrix": [[0.9999999987209459, 5.0316392316469896e-05, -5.135057629175177e-06, 0.0], [-5.030399519521277e-05, 0.9999971514840745, 0.0023863137356458647, 0.0], [5.255113699994681e-06, -0.002386313474279726, 0.9999971527361396, 0.0], [2.5629989977460355e-05, 4.167447332292795e-05, 0.02173273265361786, 1.0]], "wheel_velocity_fl": 0.7790793776512146, "wheel_velocity_fr": 1.5126649141311646, "wheel_velocity_rl": -0.7268208265304565, "wheel_velocity_rr": -0.661199688911438}}, {"current_time": 2.0666667744517326, "current_time_step": 124, "data": {"base_link_transform_matrix": [[0.9999999987268712, 5.0206615241501584e-05, -5.0550374191957106e-06, 0.0], [-5.019440955600856e-05, 0.9999971515679268, 0.0023862809042762847, 0.0], [5.174830107484136e-06, -0.0023862806475036234, 0.999997152814893, 0.0], [2.563863745308481e-05, 4.1711959056556225e-05, 0.021732822060585022, 1.0]], "wheel_velocity_fl": 0.7631043195724487, "wheel_velocity_fr": 1.4947314262390137, "wheel_velocity_rl": -0.7286332845687866, "wheel_velocity_rr": -0.6926851868629456}}, {"current_time": 2.0833334419876337, "current_time_step": 125, "data": {"base_link_transform_matrix": [[0.9999999987408913, 4.992590566320067e-05, -5.061744148529843e-06, 0.0], [-4.99136847474658e-05, 0.9999971515703122, 0.0023862857930604985, 0.0], [5.180867209897312e-06, -0.0023862855374056037, 0.999997152803193, 0.0], [2.5551646103849635e-05, 4.177511436864734e-05, 0.02173270285129547, 1.0]], "wheel_velocity_fl": 0.7700089812278748, "wheel_velocity_fr": 1.5597068071365356, "wheel_velocity_rl": -0.7395874857902527, "wheel_velocity_rr": -0.6760826110839844}}, {"current_time": 2.1000001095235348, "current_time_step": 126, "data": {"base_link_transform_matrix": [[0.9999999987405659, 4.9930911112945755e-05, -5.076642060831218e-06, 0.0], [-4.991865462865576e-05, 0.9999971515683964, 0.0023862864919127254, 0.0], [5.195777059081249e-06, -0.0023862862354882136, 0.9999971528014499, 0.0], [2.5587985874153674e-05, 4.174764035269618e-05, 0.021732673048973083, 1.0]], "wheel_velocity_fl": 0.7718332409858704, "wheel_velocity_fr": 1.5613709688186646, "wheel_velocity_rl": -0.7396554350852966, "wheel_velocity_rr": -0.6963288187980652}}, {"current_time": 2.116666777059436, "current_time_step": 127, "data": {"base_link_transform_matrix": [[0.9999999987354117, 5.003347235954017e-05, -5.082161302060941e-06, 0.0], [-5.002120250963505e-05, 0.9999971516077188, 0.0023862678659885934, 0.0], [5.201540093387316e-06, -0.002386267608755127, 0.9999971528458685, 0.0], [2.561527435318567e-05, 4.168099258095026e-05, 0.021732643246650696, 1.0]], "wheel_velocity_fl": 0.7666003704071045, "wheel_velocity_fr": 1.5014259815216064, "wheel_velocity_rl": -0.7583522200584412, "wheel_velocity_rr": -0.6608918309211731}}, {"current_time": 2.133333444595337, "current_time_step": 128, "data": {"base_link_transform_matrix": [[0.9999999987393866, 4.995698087464669e-05, -5.0524112699827355e-06, 0.0], [-4.9944782549543864e-05, 0.9999971517571061, 0.0023862068631940155, 0.0], [5.171604570115773e-06, -0.0023862066078443487, 0.9999971529915869, 0.0], [2.5649700546637177e-05, 4.1710794903337955e-05, 0.021732673048973083, 1.0]], "wheel_velocity_fl": 0.7833693623542786, "wheel_velocity_fr": 1.4870566129684448, "wheel_velocity_rl": -0.7667791247367859, "wheel_velocity_rr": -0.690563440322876}}, {"current_time": 2.150000112131238, "current_time_step": 129, "data": {"base_link_transform_matrix": [[0.9999999987415163, 4.9916116288155525e-05, -5.034742871855055e-06, 0.0], [-4.990396001424873e-05, 0.9999971516546945, 0.00238625063491757, 0.0], [5.153840895354063e-06, -0.0023862503806609055, 0.9999971528872263, 0.0], [2.563582529546693e-05, 4.1735649574548006e-05, 0.02173270285129547, 1.0]], "wheel_velocity_fl": 0.7776657938957214, "wheel_velocity_fr": 1.5417158603668213, "wheel_velocity_rl": -0.7418599128723145, "wheel_velocity_rr": -0.6838675737380981}}, {"current_time": 2.166666779667139, "current_time_step": 130, "data": {"base_link_transform_matrix": [[0.9999999987362084, 5.001707068649587e-05, -5.08682874368327e-06, 0.0], [-5.000478962915659e-05, 0.9999971515552022, 0.002386290217689945, 0.0], [5.20616950062909e-06, -0.002386289960308371, 0.9999971527925072, 0.0], [2.5647626898717135e-05, 4.172360058873892e-05, 0.02173270285129547, 1.0]], "wheel_velocity_fl": 0.7687879800796509, "wheel_velocity_fr": 1.5414122343063354, "wheel_velocity_rl": -0.7525864243507385, "wheel_velocity_rr": -0.6673667430877686}}, {"current_time": 2.18333344720304, "current_time_step": 131, "data": {"base_link_transform_matrix": [[0.9999999987372659, 4.9998098523456054e-05, -5.065421055332775e-06, 0.0], [-4.9985868629231846e-05, 0.9999971515672614, 0.0023862855605360804, 0.0], [5.18471636738239e-06, -0.0023862853043233644, 0.9999971528037293, 0.0], [2.567949559306726e-05, 4.174158675596118e-05, 0.021732762455940247, 1.0]], "wheel_velocity_fl": 0.7839826941490173, "wheel_velocity_fr": 1.5053311586380005, "wheel_velocity_rl": -0.7489338517189026, "wheel_velocity_rr": -0.6775739789009094}}, {"current_time": 2.200000114738941, "current_time_step": 132, "data": {"base_link_transform_matrix": [[0.9999999987340061, 5.006391626065774e-05, -5.0588585509852575e-06, 0.0], [-5.0051701989756e-05, 0.9999971516334184, 0.0023862564567084603, 0.0], [5.178309484926