{"Isaac Sim Data": [{"current_time": 1.0333333872258663, "current_time_step": 62, "data": {"base_link_transform_matrix": [[0.9999959569545293, -0.0028095012994731375, 0.00043906382617517087, 0.0], [0.002809580598142095, 0.9999960369032552, -0.00018009621286493353, 0.0], [-0.00043855610557867644, 0.00018132906993512362, 0.999999887394149, 0.0], [0.0018093037651851773, 0.0011132514337077737, 0.02236875891685486, 1.0]], "wheel_velocity_fl": -1.4461488723754883, "wheel_velocity_fr": 3.0524649620056152, "wheel_velocity_rl": 1.8974037170410156, "wheel_velocity_rr": -0.15827324986457825}}, {"current_time": 1.0500000547617674, "current_time_step": 63, "data": {"base_link_transform_matrix": [[0.9999959567903537, -0.002809391240552397, 0.0004401406623403799, 0.0], [0.002809464476794841, 0.9999960396915698, -0.00016586298570006464, 0.0], [-0.00043967294522844673, 0.00016709887463687914, 0.9999998893828276, 0.0], [0.0018162884516641498, 0.0011122444411739707, 0.022368252277374268, 1.0]], "wheel_velocity_fl": -0.013606256805360317, "wheel_velocity_fr": 2.0011658668518066, "wheel_velocity_rl": 1.5240100622177124, "wheel_velocity_rr": 0.6710881590843201}}, {"current_time": 1.0666667222976685, "current_time_step": 64, "data": {"base_link_transform_matrix": [[0.9999959823721831, -0.002800375392445663, 0.00043947372364113634, 0.0], [0.0028004547965073587, 0.9999960624883432, -0.00018016864967609322, 0.0], [-0.0004389674533551836, 0.00018139865212282431, 0.9999998872010456, 0.0], [0.0018195012817159295, 0.0011093730572611094, 0.022368893027305603, 1.0]], "wheel_velocity_fl": -1.439436435699463, "wheel_velocity_fr": 3.035936117172241, "wheel_velocity_rl": 1.9247033596038818, "wheel_velocity_rr": -0.17288708686828613}}, {"current_time": 1.0833333898335695, "current_time_step": 65, "data": {"base_link_transform_matrix": [[0.9999959819935167, -0.0028003208308058644, 0.0004406813665115288, 0.0], [0.00280039400633356, 0.9999960651902741, -0.00016552153461962924, 0.0], [-0.0004402161191128595, 0.0001667549510105118, 0.9999998892012713, 0.0], [0.0018262886442244053, 0.0011085045989602804, 0.022368207573890686, 1.0]], "wheel_velocity_fl": -0.026337357237935066, "wheel_velocity_fr": 1.9924018383026123, "wheel_velocity_rl": 1.565893292427063, "wheel_velocity_rr": 0.6749942302703857}}, {"current_time": 1.1000000573694706, "current_time_step": 66, "data": {"base_link_transform_matrix": [[0.9999960078313732, -0.0027912532046966807, 0.0004395757767599953, 0.0], [0.002791332524380711, 0.999996088035239, -0.00017993597977223144, 0.0], [-0.00043907181027486736, 0.00018116226360005824, 0.9999998871980835, 0.0], [0.0018292360473424196, 0.001105814939364791, 0.02236892282962799, 1.0]], "wheel_velocity_fl": -1.4438906908035278, "wheel_velocity_fr": 3.0197577476501465, "wheel_velocity_rl": 1.9190020561218262, "wheel_velocity_rr": -0.1973094344139099}}, {"current_time": 1.1166667249053717, "current_time_step": 67, "data": {"base_link_transform_matrix": [[0.9999960073528211, -0.002791190932491003, 0.0004410573601716634, 0.0], [0.0027912640788964826, 0.9999960907502785, -0.0001653148587659878, 0.0], [-0.0004405942106335073, 0.0001665453062882634, 0.9999998890696951, 0.0], [0.0018359088571742177, 0.0011050847824662924, 0.022368475794792175, 1.0]], "wheel_velocity_fl": -0.03167549520730972, "wheel_velocity_fr": 1.9819109439849854, "wheel_velocity_rl": 1.5650497674942017, "wheel_velocity_rr": 0.6676415801048279}}, {"current_time": 1.1333333924412727, "current_time_step": 68, "data": {"base_link_transform_matrix": [[0.9999960322584216, -0.002782443294548638, 0.0004398598941204261, 0.0], [0.0027825226255452492, 0.9999961126040378, -0.0001798461868942247, 0.0], [-0.00043935777239407576, 0.00018106939341849126, 0.9999998870893049, 0.0], [0.0018386112060397863, 0.0011024101404473186, 0.02236895263195038, 1.0]], "wheel_velocity_fl": -1.4538336992263794, "wheel_velocity_fr": 3.005312919616699, "wheel_velocity_rl": 1.924855351448059, "wheel_velocity_rr": -0.1912655234336853}}, {"current_time": 1.1500000599771738, "current_time_step": 69, "data": {"base_link_transform_matrix": [[0.9999960311723668, -0.002782593382623769, 0.0004413769158253948, 0.0], [0.0027826665034550962, 0.9999961147407744, -0.00016513778045909922, 0.0], [-0.00044091568966653395, 0.0001663653298147785, 0.9999998889579597, 0.0], [0.0018451312789693475, 0.0011018043151125312, 0.022368356585502625, 1.0]], "wheel_velocity_fl": -0.031556181609630585, "wheel_velocity_fr": 1.9757263660430908, "wheel_velocity_rl": 1.326407790184021, "wheel_velocity_rr": 0.6551662683486938}}, {"current_time": 1.1666667275130749, "current_time_step": 70, "data": {"base_link_transform_matrix": [[0.9999960492479941, -0.0027762876225696544, 0.0004401311622708185, 0.0], [0.0027763668246870554, 0.9999961297863447, -0.0001794424336150071, 0.0], [-0.000439631275061775, 0.00018066369023989222, 0.9999998870424801, 0.0], [0.0018482845043763518, 0.001100338064134121, 0.022369086742401123, 1.0]], "wheel_velocity_fl": -1.4439936876296997, "wheel_velocity_fr": 3.027257204055786, "wheel_velocity_rl": 1.9451109170913696, "wheel_velocity_rr": -0.23399963974952698}}, {"current_time": 1.183333395048976, "current_time_step": 71, "data": {"base_link_transform_matrix": [[0.9999960450366695, -0.0027775305550403807, 0.0004418540881105035, 0.0], [0.002777603670416648, 0.999996128847753, -0.00016494653147856563, 0.0], [-0.0004413942335949278, 0.00016617317465800644, 0.9999998887787971, 0.0], [0.0018551136599853635, 0.001100260647945106, 0.022368669509887695, 1.0]], "wheel_velocity_fl": -0.017302963882684708, "wheel_velocity_fr": 1.9507575035095215, "wheel_velocity_rl": 1.6158344745635986, "wheel_velocity_rr": 0.6481273174285889}}, {"current_time": 1.200000062584877, "current_time_step": 72, "data": {"base_link_transform_matrix": [[0.9999960681738046, -0.002769429450042568, 0.00044033788474948576, 0.0], [0.002769508821231369, 0.9999961487492243, -0.00017974317343152004, 0.0], [-0.00043983840285992024, 0.0001809619863687384, 0.999999886897463, 0.0], [0.00185743672773242, 0.001098017324693501, 0.02236923575401306, 1.0]], "wheel_velocity_fl": -1.4388062953948975, "wheel_velocity_fr": 2.9792003631591797, "wheel_velocity_rl": 1.948839783668518, "wheel_velocity_rr": -0.2059994339942932}}, {"current_time": 1.216666730120778, "current_time_step": 73, "data": {"base_link_transform_matrix": [[0.9999960661976396, -0.002769818008644802, 0.0004423770393421973, 0.0], [0.0027698910669181715, 0.9999961502941044, -0.00016462213811555337, 0.0], [-0.0004419193629579268, 0.00016584682673408154, 0.9999998886010472, 0.0], [0.0018636512104421854, 0.0010976672638207674, 0.022368699312210083, 1.0]], "wheel_velocity_fl": -0.030021989718079567, "wheel_velocity_fr": 1.9399429559707642, "wheel_velocity_rl": 1.6191186904907227, "wheel_velocity_rr": 0.6266126036643982}}, {"current_time": 1.2333333976566792, "current_time_step": 74, "data": {"base_link_transform_matrix": [[0.999996090085715, -0.002761466220151862, 0.0004405877864770477, 0.0], [0.002761545518165306, 0.9999961708200984, -0.000179475601798046, 0.0], [-0.00044009048357544414, 0.00018069160329093077, 0.9999998868354489, 0.0], [0.0018655037274584174, 0.0010953356977552176, 0.0223691463470459, 1.0]], "wheel_velocity_fl": -1.4467206001281738, "wheel_velocity_fr": 2.9588239192962646, "wheel_velocity_rl": 1.9404146671295166, "wheel_velocity_rr": -0.21214792132377625}}, {"current_time": 1.2500000651925802, "current_time_step": 75, "data": {"base_link_transform_matrix": [[0.9999960883187544, -0.0027617856326693476, 0.00044259158276337894, 0.0], [0.002761858609687239, 0.9999961725541773, -0.00016435941188466054, 0.0], [-0.0004421359633057373, 0.00016558114433646166, 0.9999998885493311, 0.0], [0.0018715295009315014, 0.0010949427960440516, 0.022368967533111572, 1.0]], "wheel_velocity_fl": -0.041195258498191833, "wheel_velocity_fr": 1.9257317781448364, "wheel_velocity_rl": 1.6416014432907104, "wheel_velocity_rr": 0.6409315466880798}}, {"current_time": 1.2666667327284813, "current_time_step": 76, "data": {"base_link_transform_matrix": [[0.9999960523684135, -0.0027747336777532747, 0.00044283248152167176, 0.0], [0.0027748102895648204, 0.9999961353311766, -0.0001724835298334653, 0.0], [-0.00044235217426169977, 0.00017371162505831465, 0.9999998870744062, 0.0], [0.0018820525147020817, 0.0011006285203620791, 0.022369131445884705, 1.0]], "wheel_velocity_fl": -1.0646049976348877, "wheel_velocity_fr": 2.9130594730377197, "wheel_velocity_rl": 2.070488691329956, "wheel_velocity_rr": -0.4116602838039398}}, {"current_time": 1.2833334002643824, "current_time_step": 77, "data": {"base_link_transform_matrix": [[0.9999960047234678, -0.002792444572362745, 0.00043907905019697287, 0.0], [0.0027925228789847825, 0.9999960850883782, -0.00017783106387670168, 0.0], [-0.0004385807478521764, 0.00017905649168578345, 0.9999998877928439, 0.0], [0.0018964116461575031, 0.0011073799105361104, 0.022368326783180237, 1.0]], "wheel_velocity_fl": -1.0629035234451294, "wheel_velocity_fr": 2.9164366722106934, "wheel_velocity_rl": 1.960351586341858, "wheel_velocity_rr": -0.18535880744457245}}, {"current_time": 1.3000000678002834, "current_time_step": 78, "data": {"base_link_transform_matrix": [[0.9999959267524706, -0.002819681133948877, 0.00044257967674026676, 0.0], [0.002819757127427011, 0.9999960098263345, -0.00017117579222186818, 0.0], [-0.000442095249618579, 0.00017242306217843815, 0.9999998874110326, 0.0], [0.0019169877050444484, 0.0011179830180481076, 0.022367671132087708, 1.0]], "wheel_velocity_fl": 0.28685179352760315, "wheel_velocity_fr": 2.2963671684265137, "wheel_velocity_rl": 1.3535373210906982, "wheel_velocity_rr": 0.3987826704978943}}, {"current_time": 1.3166667353361845, "current_time_step": 79, "data": {"base_link_transform_matrix": [[0.9999958753995871, -0.002838849282131647, 0.00043602587860113427, 0.0], [0.002838935556753749, 0.9999959507359037, -0.00019737451841413126, 0.0], [-0.00043546379650728794, 0.00019861155369353664, 0.9999998854623597, 0.0], [0.0019337029661983252, 0.0011262802872806787, 0.02236737310886383, 1.0]], "wheel_velocity_fl": -1.1230478286743164, "wheel_velocity_fr": 3.142470121383667, "wheel_velocity_rl": 1.9784027338027954, "wheel_velocity_rr": -0.18338260054588318}}, {"current_time": 1.3333334028720856, "current_time_step": 80, "data": {"base_link_transform_matrix": [[0.9999958389745633, -0.0028510248622052666, 0.00044010316308575026, 0.0], [0.0028511045128261797, 0.9999959193102008, -0.00018046053118180881, 0.0], [-0.000439586869700216, 0.0001817145603953311, 0.9999998868715949, 0.0], [0.0019512725993990898, 0.0011336366878822446, 0.02236562967300415, 1.0]], "wheel_velocity_fl": 0.11251241713762283, "wheel_velocity_fr": 2.2286789417266846, "wheel_velocity_rl": 1.246551752090454, "wheel_velocity_rr": 0.7021694183349609}}, {"current_time": 1.3500000704079866, "current_time_step": 81, "data": {"base_link_transform_matrix": [[0.9999958425628703, -0.002850071638630954, 0.0004381194240480279, 0.0], [0.002850158179759431, 0.9999959188801721, -0.00019703134390366546, 0.0], [-0.00043755608258497827, 0.00019827923441840257, 0.9999998846150032, 0.0], [0.0019610344897955656, 0.001135795726440847, 0.022366374731063843, 1.0]], "wheel_velocity_fl": -1.402736783027649, "wheel_velocity_fr": 3.114560127258301, "wheel_velocity_rl": 1.6953024864196777, "wheel_velocity_rr": -0.06574562191963196}}, {"current_time": 1.3666667379438877, "current_time_step": 82, "data": {"base_link_transform_matrix": [[0.999995840706557, -0.002850254937016436, 0.00044115346580649224, 0.0], [0.0028503348377281906, 0.9999959214800441, -0.00018059510027274706, 0.0], [-0.00044063692447712495, 0.00018185178421710344, 0.9999998863845082, 0.0], [0.001971916062757373, 0.0011374347377568483, 0.02236536145210266, 1.0]], "wheel_velocity_fl": -0.046104125678539276, "wheel_velocity_fr": 2.1170101165771484, "wheel_velocity_rl": 0.8949518203735352, "wheel_velocity_rr": 0.8356807827949524}}, {"current_time": 1.3833334054797888, "current_time_step": 83, "data": {"base_link_transform_matrix": [[0.9999958628640893, -0.0028428538728864413, 0.00043867592027680807, 0.0], [0.0028429403330262988, 0.9999959395119153, -0.00019659589141881386, 0.0], [-0.0004381152456471472, 0.0001978422075417739, 0.9999998844567396, 0.0], [0.001977697014808655, 0.001136578037403524, 0.022365882992744446, 1.0]], "wheel_velocity_fl": -1.491467833518982, "wheel_velocity_fr": 3.0852904319763184, "wheel_velocity_rl": 1.5777071714401245, "wheel_velocity_rr": -0.04641224443912506}}, {"current_time": 1.4000000730156898, "current_time_step": 84, "data": {"base_link_transform_matrix": [[0.9999958707843603, -0.0028396660148791463, 0.00044126086720676545, 0.0], [0.002839746308810355, 0.99999595145113, -0.0001814448978455614, 0.0], [-0.0004407438378305949, 0.0001826972175393243, 0.9999998861832916, 0.0], [0.0019862577319145203, 0.001136058708652854, 0.022365018725395203, 1.0]], "wheel_velocity_fl": -0.06427711248397827, "wheel_velocity_fr": 2.064079523086548, "wheel_velocity_rl": 0.8472086191177368, "wheel_velocity_rr": 0.8676236271858215}}, {"current_time": 1.416666740551591, "current_time_step": 85, "data": {"base_link_transform_matrix": [[0.9999958977078713, -0.002830565554077658, 0.00043870955391321674, 0.0], [0.0028306521308002703, 0.9999959743214029, -0.0001968489335492068, 0.0], [-0.0004381505939988939, 0.00019808996015096306, 0.9999998843922057, 0.0], [0.0019907341338694096, 0.001134391874074936, 0.022365882992744446, 1.0]], "wheel_velocity_fl": -1.5287222862243652, "wheel_velocity_fr": 3.0608911514282227, "wheel_velocity_rl": 1.560396671295166, "wheel_velocity_rr": -0.034143414348363876}}, {"current_time": 1.433333408087492, "current_time_step": 86, "data": {"base_link_transform_matrix": [[0.9999959068857015, -0.002826900899399764, 0.00044141040811715904, 0.0], [0.002826981230060065, 0.9999959876150911, -0.00018146857446238188, 0.0], [-0.0004408956433323383, 0.0001827156906292654, 0.9999998861129975, 0.0], [0.0019985416438430548, 0.0011334134032949805, 0.022365137934684753, 1.0]], "wheel_velocity_fl": -0.08132173866033554, "wheel_velocity_fr": 2.0379178524017334, "wheel_velocity_rl": 0.8159376382827759, "wheel_velocity_rr": 0.8440598249435425}}, {"current_time": 1.450000075623393, "current_time_step": 87, "data": {"base_link_transform_matrix": [[0.9999959333269188, -0.00281786714503665, 0.0004392657251969283, 0.0], [0.0028179537330503893, 0.999996010229574, -0.0001966257670352578, 0.0], [-0.0004387099073387325, 0.0001978627979126637, 0.9999998841919585, 0.0], [0.0020026485435664654, 0.0011315442388877273, 0.02236577868461609, 1.0]], "wheel_velocity_fl": -1.5292407274246216, "wheel_velocity_fr": 3.0572335720062256, "wheel_velocity_rl": 1.575900912284851, "wheel_velocity_rr": -0.03515567258000374}}, {"current_time": 1.4666667431592941, "current_time_step": 88, "data": {"base_link_transform_matrix": [[0.9999959419151649, -0.0028144506475439464, 0.00044161154253843276, 0.0], [0.0028145310695607433, 0.9999960227112112, -0.00018159465101846487, 0.0], [-0.00044109869693864613, 0.0001828368434991165, 0.9999998860013076, 0.0], [0.0020099517423659563, 0.0011303145438432693, 0.022365078330039978, 1.0]], "wheel_velocity_fl": -0.0715111643075943, "wheel_velocity_fr": 2.0027904510498047, "wheel_velocity_rl": 0.8399887084960938, "wheel_velocity_rr": 0.853378176689148}}, {"current_time": 1.4833334106951952, "current_time_step": 89, "data": {"base_link_transform_matrix": [[0.9999959677240533, -0.0028056249426889174, 0.00043932256395576806, 0.0], [0.0028057116181579504, 0.9999960446179001, -0.00019680160167662432, 0.0], [-0.0004387686747847375, 0.00019803342054006923, 0.9999998841324005, 0.0], [0.002013726159930229, 0.0011283991625532508, 0.02236577868461609, 1.0]], "wheel_velocity_fl": -1.527357578277588, "wheel_velocity_fr": 3.0357649326324463, "wheel_velocity_rl": 1.5902974605560303, "wheel_velocity_rr": -0.055070582777261734}}, {"current_time": 1.5000000782310963, "current_time_step": 90, "data": {"base_link_transform_matrix": [[0.9999959757895472, -0.0028023549171790644, 0.00044182760145552644, 0.0], [0.002802435383390197, 0.9999960566795446, -0.00018160749707326896, 0.0], [-0.000441316930525288, 0.00018284495955015834, 0.9999998859035373, 0.0], [0.002020857995375991, 0.0011272034607827663, 0.02236504852771759, 1.0]], "wheel_velocity_fl": -0.07742689549922943, "wheel_velocity_fr": 1.994186282157898, "wheel_velocity_rl": 0.835928738117218, "wheel_velocity_rr": 0.860211193561554}}, {"current_time": 1.5166667457669973, "current_time_step": 91, "data": {"base_link_transform_matrix": [[0.9999960005411167, -0.0027938757943538244, 0.000439499507051973, 0.0], [0.002793962456275889, 0.9999960775351412, -0.00019669297083542067, 0.0], [-0.00043894824740046447, 0.00019792012929222615, 0.9999998840760226, 0.0], [0.002024404937401414, 0.0011253218399360776, 0.022365674376487732, 1.0]], "wheel_velocity_fl": -1.530928611755371, "wheel_velocity_fr": 3.024792194366455, "wheel_velocity_rl": 1.6022104024887085, "wheel_velocity_rr": -0.07039595395326614}}, {"current_time": 1.5333334133028984, "current_time_step": 92, "data": {"base_link_transform_matrix": [[0.9999960074375405, -0.0027909950099026244, 0.00044210387143962164, 0.0], [0.0027910755656108525, 0.9999960884338877, -0.00018169785743385905, 0.0], [-0.00044159502430769207, 0.0001829310773068516, 0.9999998857650212, 0.0], [0.0020313612185418606, 0.0011240937747061253, 0.022365093231201172, 1.0]], "wheel_velocity_fl": -0.055735863745212555, "wheel_velocity_fr": 1.979567050933838, "wheel_velocity_rl": 0.8634834885597229, "wheel_velocity_rr": 0.8328148126602173}}, {"current_time": 1.5500000808387995, "current_time_step": 93, "data": {"base_link_transform_matrix": [[0.9999960317738559, -0.002782706024849319, 0.00043929912440532885, 0.0], [0.002782792745277491, 0.999996108636216, -0.00019691866859526327, 0.0], [-0.00043874944816712044, 0.0001981403655938562, 0.9999998841196519, 0.0], [0.0020345731172710657, 0.0011222884058952332, 0.022365733981132507, 1.0]], "wheel_velocity_fl": -1.5396273136138916, "wheel_velocity_fr": 3.0137150287628174, "wheel_velocity_rl": 1.60504150390625, "wheel_velocity_rr": -0.07448768615722656}}, {"current_time": 1.5666667483747005, "current_time_step": 94, "data": {"base_link_transform_matrix": [[0.9999960377048976, -0.002780075099553635, 0.00044244428555608557, 0.0], [0.0027801556495815893, 0.999996118880257, -0.00018154610154924553, 0.0], [-0.00044193785658049566, 0.00018277544619013037, 0.999999885642027, 0.0], [0.002041531028226018, 0.0011211747769266367, 0.02236524224281311, 1.0]], "wheel_velocity_fl": -0.07012739032506943, "wheel_velocity_fr": 1.9604287147521973, "wheel_velocity_rl": 0.8703817129135132, "wheel_velocity_rr": 0.8242499232292175}}, {"current_time": 1.5833334159106016, "current_time_step": 95, "data": {"base_link_transform_matrix": [[0.9999960607185828, -0.002772238083165282, 0.00043959450252010573, 0.0], [0.0027723249059120997, 0.9999961376913602, -0.00019702024806288133, 0.0], [-0.0004390466176356261, 0.00019823817073251785, 0.9999998839698409, 0.0], [0.002044603694230318, 0.001119369873777032, 0.022365719079971313, 1.0]], "wheel_velocity_fl": -1.5281254053115845, "wheel_velocity_fr": 3.006197929382324, "wheel_velocity_rl": 1.665401577949524, "wheel_velocity_rr": -0.07936165481805801}}, {"current_time": 1.6000000834465027, "current_time_step": 96, "data": {"base_link_transform_matrix": [[0.9999960661915734, -0.0027697890063322498, 0.0004425722977247844, 0.0], [0.0027698696425873543, 0.9999961473980107, -0.0001816901184583392, 0.0], [-0.00044206734937720467, 0.00018291527129633817, 0.9999998855592245, 0.0], [0.0020513180643320084, 0.0011182004818692803, 0.022365227341651917, 1.0]], "wheel_velocity_fl": -0.06767330318689346, "wheel_velocity_fr": 1.9455510377883911, "wheel_velocity_rl": 0.8711891174316406, "wheel_velocity_rr": 0.8287668824195862}}, {"current_time": 1.6166667509824038, "current_time_step": 97, "data": {"base_link_transform_matrix": [[0.9999960890191714, -0.002761985891184541, 0.0004397502682498572, 0.0], [0.0027620727891878053, 0.9999961660408482, -0.00019712308753886115, 0.0], [-0.0004392041310786827, 0.00019833693884421588, 0.9999998838810882, 0.0], [0.0020541236735880375, 0.0011163755552843213, 0.022365570068359375, 1.0]], "wheel_velocity_fl": -1.5360082387924194, "wheel_velocity_fr": 2.977036714553833, "wheel_velocity_rl": 1.680637240409851, "wheel_velocity_rr": -0.08344336599111557}}, {"current_time": 1.6333334185183048, "current_time_step": 98, "data": {"base_link_transform_matrix": [[0.9999960942665492, -0.0027595990244622935, 0.0004427921307137076, 0.0], [0.002759679647157135, 0.9999961755929013, -0.00018157041702504084, 0.0], [-0.00044228937575064615, 0.00018279167229044133, 0.9999998854836497, 0.0], [0.0020606142934411764, 0.001115276594646275, 0.02236519753932953, 1.0]], "wheel_velocity_fl": -0.07721193879842758, "wheel_velocity_fr": 1.947632908821106, "wheel_velocity_rl": 0.8943514227867126, "wheel_velocity_rr": 0.808755099773407}}, {"current_time": 1.650000086054206, "current_time_step": 99, "data": {"base_link_transform_matrix": [[0.9999961165293751, -0.0027519699312717762, 0.0004399859835775443, 0.0], [0.0027520568133250294, 0.9999961936834181, -0.00019698216188312413, 0.0], [-0.0004394422198650999, 0.00019819226333255693, 0.9999998838051743, 0.0], [0.0020632476080209017, 0.0011135300155729055, 0.022365614771842957, 1.0]], "wheel_velocity_fl": -1.5343202352523804, "wheel_velocity_fr": 2.9783992767333984, "wheel_velocity_rl": 1.7026406526565552, "wheel_velocity_rr": -0.09791209548711777}}, {"current_time": 1.666666753590107, "current_time_step": 100, "data": {"base_link_transform_matrix": [[0.9999961213295857, -0.002749740458698639, 0.000443004733836289, 0.0], [0.002749821063563015, 0.9999962027738666, -0.0001814441132624126, 0.0], [-0.0004425041274279061, 0.00018266159324885982, 0.9999998854124132, 0.0], [0.0020695494022220373, 0.0011124148732051253, 0.02236524224281311, 1.0]], "wheel_velocity_fl": -0.07195734977722168, "wheel_velocity_fr": 1.9201107025146484, "wheel_velocity_rl": 0.9187171459197998, "wheel_velocity_rr": 0.811835765838623}}, {"current_time": 1.683333421126008, "current_time_step": 101, "data": {"base_link_transform_matrix": [[0.9999961428896514, -0.002742352780995881, 0.00044012162442220694, 0.0], [0.002742439702477095, 0.9999962200981545, -0.00019701238972160963, 0.0], [-0.0004395796833308228, 0.00019821863683981662, 0.9999998837395302, 0.0], [0.002072067465633154, 0.0011107323225587606, 0.02236562967300415, 1.0]], "wheel_velocity_fl": -1.5202008485794067, "wheel_velocity_fr": 2.970607042312622, "wheel_velocity_rl": 1.703989863395691, "wheel_velocity_rr": -0.10047266632318497}}, {"current_time": 1.700000088661909, "current_time_step": 102, "data": {"base_link_transform_matrix": [[0.9999961465733778, -0.002740513548319561, 0.0004431973454301603, 0.0], [0.00274059416057624, 0.9999962281148068, -0.00018138303733847302, 0.0], [-0.00044269859106939405, 0.0001825969624491169, 0.9999998853381468, 0.0], [0.002078255405649543, 0.001109690056182444, 0.02236531674861908, 1.0]], "wheel_velocity_fl": -0.07108870148658752, "wheel_velocity_fr": 1.9094607830047607, "wheel_velocity_rl": 0.9359555840492249, "wheel_velocity_rr": 0.7836973667144775}}, {"current_time": 1.7166667561978102, "current_time_step": 103, "data": {"base_link_transform_matrix": [[0.9999961676623389, -0.0027332766022787006, 0.00044029495898395614, 0.0], [0.0027333636279558765, 0.9999962449160327, -0.00019717279559825667, 0.0], [-0.00043975437785060014, 0.00019837552619198542, 0.9999998836316121, 0.0], [0.002080657985061407, 0.0011080234544351697, 0.02236558496952057, 1.0]], "wheel_velocity_fl": -1.5117344856262207, "wheel_velocity_fr": 2.9530298709869385, "wheel_velocity_rl": 1.721129298210144, "wheel_velocity_rr": -0.10875367373228073}}, {"current_time": 1.7333334237337112, "current_time_step": 104, "data": {"base_link_transform_matrix": [[0.9999961710409747, -0.002731533092058944, 0.0004434302161552699, 0.0], [0.0027316137503322537, 0.9999962526845037, -0.00018139258341144657, 0.0], [-0.0004429330746381069, 0.00018260316894243975, 0.9999998852331805, 0.0], [0.002086702734231949, 0.0011070286855101585, 0.022365346550941467, 1.0]], "wheel_velocity_fl": -0.059586863964796066, "wheel_velocity_fr": 1.9120464324951172, "wheel_velocity_rl": 0.9925554394721985, "wheel_velocity_rr": 0.794634222984314}}, {"current_time": 1.7500000912696123, "current_time_step": 105, "data": {"base_link_transform_matrix": [[0.9999961914269826, -0.0027245480266194573, 0.00044041977741092085, 0.0], [0.0027246350432262897, 0.9999962687512831, -0.00019709741956378492, 0.0], [-0.0004398811327096672, 0.00019829665206313468, 0.9999998835915067, 0.0], [0.0020888561848551035, 0.0011054660426452756, 0.022365599870681763, 1.0]], "wheel_velocity_fl": -1.516855239868164, "wheel_velocity_fr": 2.9306559562683105, "wheel_velocity_rl": 1.7567967176437378, "wheel_velocity_rr": -0.10806570947170258}}, {"current_time": 1.7666667588055134, "current_time_step": 106, "data": {"base_link_transform_matrix": [[0.9999961953483218, -0.0027225487833456743, 0.00044386597432972876, 0.0], [0.0027226294616761837, 0.9999962772098818, -0.00018126001117144298, 0.0], [-0.00044337083268698166, 0.00018246780411898306, 0.999999885063896, 0.0], [0.0020948215387761593, 0.0011044670827686787, 0.022365421056747437, 1.0]], "wheel_velocity_fl": -0.08327537775039673, "wheel_velocity_fr": 1.9013910293579102, "wheel_velocity_rl": 0.8487051725387573, "wheel_velocity_rr": 0.7822265625}}, {"current_time": 1.7833334263414145, "current_time_step": 107, "data": {"base_link_transform_matrix": [[0.9999962149756905, -0.0027158726969972037, 0.00044053352472979917, 0.0], [0.0027159597069788695, 0.9999962923636342, -0.00019703262443062595, 0.0], [-0.00043999677586657374, 0.0001982283499600922, 0.9999998835541725, 0.0], [0.002096800832077861, 0.0011028876760974526, 0.022365450859069824, 1.0]], "wheel_velocity_fl": -1.5376023054122925, "wheel_velocity_fr": 2.9046716690063477, "wheel_velocity_rl": 1.7900935411453247, "wheel_velocity_rr": -0.11313968151807785}}, {"current_time": 1.8000000938773155, "current_time_step": 108, "data": {"base_link_transform_matrix": [[0.9999962182049458, -0.0027141031580548087, 0.0004440944201370978, 0.0], [0.002714183846105448, 0.9999963001813601, -0.00018118951601325375, 0.0], [-0.0004436010100306663, 0.0001823941846929199, 0.9999998849752461, 0.0], [0.002102683996781707, 0.001101936213672161, 0.022365495562553406, 1.0]], "wheel_velocity_fl": -0.07378091663122177, "wheel_velocity_fr": 1.8879462480545044, "wheel_velocity_rl": 0.8853288292884827, "wheel_velocity_rr": 0.7891783118247986}}, {"current_time": 1.8166667614132166, "current_time_step": 109, "data": {"base_link_transform_matrix": [[0.9999962377848969, -0.002707449685350505, 0.00044060441807917413, 0.0], [0.0027075366468778408, 0.9999963152326212, -0.00019689206642312196, 0.0], [-0.0004400697191911022, 0.00019808427828154162, 0.9999998835506237, 0.0], [0.0021045065950602293, 0.0011004311963915825, 0.022365540266036987, 1.0]], "wheel_velocity_fl": -1.5233988761901855, "wheel_velocity_fr": 2.9222888946533203, "wheel_velocity_rl": 1.8191754817962646, "wheel_velocity_rr": -0.11612039059400558}}, {"current_time": 1.8333334289491177, "current_time_step": 110, "data": {"base_link_transform_matrix": [[0.9999962404603201, -0.002705866923796693, 0.0004442402687227485, 0.0], [0.0027059476493628094, 0.9999963224973447, -0.00018121563266925269, 0.0], [-0.0004437482896414661, 0.00018241704229279366, 0.9999998849057324, 0.0], [0.002110246103256941, 0.0010994618060067296, 0.022365376353263855, 1.0]], "wheel_velocity_fl": -0.0532427541911602, "wheel_velocity_fr": 1.8813295364379883, "wheel_velocity_rl": 0.8623545169830322, "wheel_velocity_rr": 0.780051589012146}}, {"current_time": 1.8500000964850187, "current_time_step": 111, "data": {"base_link_transform_matrix": [[0.9999962595999948, -0.0026993866054536545, 0.0004405655161369339, 0.0], [0.002699473747249727, 0.9999963369463117, -0.00019732066930301887, 0.0], [-0.0004400312575500994, 0.00019850922628954158, 0.999999883483283, 0.0], [0.0021118558943271637, 0.0010978919453918934, 0.02236555516719818, 1.0]], "wheel_velocity_fl": -1.525948166847229, "wheel_velocity_fr": 2.912877321243286, "wheel_velocity_rl": 1.8510208129882812, "wheel_velocity_rr": -0.11559642851352692}}, {"current_time": 1.8666667640209198, "current_time_step": 112, "data": {"base_link_transform_matrix": [[0.9999962546103535, -0.0027005674846904957, 0.00044463527268677597, 0.0], [0.002700654234215009, 0.9999963342885538, -0.00019461799043195906, 0.0], [-0.00044410806376527114, 0.00019581806764361554, 0.9999998822116491, 0.0], [0.002108542947098613, 0.0010975439799949527, 0.022365376353263855, 1.0]], "wheel_velocity_fl": 0.45816439390182495, "wheel_velocity_fr": -1.057701826095581, "wheel_velocity_rl": 0.16313816606998444, "wheel_velocity_rr": 0.4128267765045166}}, {"current_time": 1.8833334315568209, "current_time_step": 113, "data": {"base_link_transform_matrix": [[0.9999962828538099, -0.0026938130599374246, 0.00042148518487216167, 0.0], [0.0026939161346992762, 0.9999963415905176, -0.0002441750189351238, 0.0], [-0.00042082588105184676, 0.0002453095570409463, 0.9999998813643924, 0.0], [0.0021060812287032604, 0.0010899814078584313, 0.022366121411323547, 1.0]], "wheel_velocity_fl": -0.40474432706832886, "wheel_velocity_fr": 0.5884759426116943, "wheel_velocity_rl": 0.9382929801940918, "wheel_velocity_rr": 0.2667708992958069}}, {"current_time": 1.900000099092722, "current_time_step": 114, "data": {"base_link_transform_matrix": [[0.9999962943453891, -0.002688153375043067, 0.0004302637820764495, 0.0], [0.002688250015352347, 0.9999963615194911, -0.00022418660573781543, 0.0], [-0.00042965956858921124, 0.00022534243159845873, 0.9999998823067149, 0.0], [0.0021140966564416885, 0.0010956815676763654, 0.02236582338809967, 1.0]], "wheel_velocity_fl": -0.14965501427650452, "wheel_velocity_fr": 0.3507159948348999, "wheel_velocity_rl": 0.6506404280662537, "wheel_velocity_rr": 0.366874635219574}}, {"current_time": 1.916666766628623, "current_time_step": 115, "data": {"base_link_transform_matrix": [[0.9999963089084226, -0.0026806681127103647, 0.00044293114605244795, 0.0], [0.0026807568290615094, 0.9999963868005435, -0.00019982162362857273, 0.0], [-0.00044239389019918066, 0.00020100827676324491, 0.9999998819416523, 0.0], [0.0021204997319728136, 0.0010991028975695372, 0.022365689277648926, 1.0]], "wheel_velocity_fl": -0.2275601029396057, "wheel_velocity_fr": 0.5825265645980835, "wheel_velocity_rl": 0.8197743892669678, "wheel_velocity_rr": 0.3489474654197693}}, {"current_time": 1.933333434164524, "current_time_step": 116, "data": {"base_link_transform_matrix": [[0.9999963220500424, -0.0026745766798151964, 0.000450028856560927, 0.0], [0.002674660984985582, 0.9999964056341201, -0.00018683537080861984, 0.0], [-0.0004495275334668306, 0.00018803835826223687, 0.9999998812832792, 0.0], [0.002124758204445243, 0.0010993569158017635, 0.022366851568222046, 1.0]], "wheel_velocity_fl": -0.04997445270419121, "wheel_velocity_fr": 0.2378237247467041, "wheel_velocity_rl": 0.4850527346134186, "wheel_velocity_rr": 0.40820398926734924}}, {"current_time": 1.9500001017004251, "current_time_step": 117, "data": {"base_link_transform_matrix": [[0.9999963354785124, -0.0026698049015670866, 0.00044852127483951135, 0.0], [0.0026698918369608654, 0.9999964171422167, -0.00019333987908416614, 0.0], [-0.0004480034880947234, 0.00019453667387642215, 0.9999998807241715, 0.0], [0.0021267388947308064, 0.0010957455961033702, 0.022365957498550415, 1.0]], "wheel_velocity_fl": -0.4455348253250122, "wheel_velocity_fr": 0.7956594228744507, "wheel_velocity_rl": 1.0458647012710571, "wheel_velocity_rr": 0.24980565905570984}}, {"current_time": 1.9666667692363262, "current_time_step": 118, "data": {"base_link_transform_matrix": [[0.9999963438248506, -0.002665821381489679, 0.00045357832096924055, 0.0], [0.002665905105270432, 0.9999964295257601, -0.0001840806922797312, 0.0], [-0.000453085975234131, 0.0001852892160099905, 0.9999998801904956, 0.0], [0.0021315431222319603, 0.0010963063687086105, 0.022366389632225037, 1.0]], "wheel_velocity_fl": -0.33241796493530273, "wheel_velocity_fr": 0.6834875345230103, "wheel_velocity_rl": 0.90628981590271, "wheel_velocity_rr": 0.26060715317726135}}, {"current_time": 1.9833334367722273, "current_time_step": 119, "data": {"base_link_transform_matrix": [[0.9999963542304129, -0.0026620988512031955, 0.00045249926956511614, 0.0], [0.002662183580068613, 0.9999964389456675, -0.00018674734263192464, 0.0], [-0.00045200051830434604, 0.00018795129791957172, 0.9999998801849134, 0.0], [0.0021349284797906876, 0.001094984239898622, 0.02236635982990265, 1.0]], "wheel_velocity_fl": -0.3652016520500183, "wheel_velocity_fr": 0.7493354082107544, "wheel_velocity_rl": 1.0047858953475952, "wheel_velocity_rr": 0.2531052827835083}}, {"current_time": 2.0000001043081284, "current_time_step": 120, "data": {"base_link_transform_matrix": [[0.9999963635405394, -0.0026585391950451993, 0.0004528521233076597, 0.0], [0.0026586237467394695, 0.999996448516547, -0.00018620973694187667, 0.0], [-0.0004523554691266781, 0.00018741302320650425, 0.999999880125437, 0.0], [0.0021387790329754353, 0.001094368053600192, 0.022366434335708618, 1.0]], "wheel_velocity_fl": -0.35826390981674194, "wheel_velocity_fr": 0.7331645488739014, "wheel_velocity_rl": 0.9633565545082092, "wheel_velocity_rr": 0.25078538060188293}}, {"current_time": 2.0166667718440294, "current_time_step": 121, "data": {"base_link_transform_matrix": [[0.9999963733618522, -0.0026548816116965415, 0.0004526221060217543, 0.0], [0.0026549662632025088, 0.9999964581747252, -0.00018652652998335948, 0.0], [-0.0004521252970587929, 0.0001877275499405977, 0.9999998801705342, 0.0], [0.0021423446014523506, 0.00109351915307343, 0.022366225719451904, 1.0]], "wheel_velocity_fl": -0.36492469906806946, "wheel_velocity_fr": 0.7391617894172668, "wheel_velocity_rl": 0.9778376221656799, "wheel_velocity_rr": 0.2436063289642334}}, {"current_time": 2.0333334393799305, "current_time_step": 122, "data": {"base_link_transform_matrix": [[0.9999963829377992, -0.0026512603786979713, 0.00045269164209911695, 0.0], [0.00265134507192973, 0.9999964677703875, -0.00018659061551467107, 0.0], [-0.00045219534278234246, 0.00018779018235919195, 0.9999998801271025, 0.0], [0.002145875943824649, 0.001092688413336873, 0.022366344928741455, 1.0]], "wheel_velocity_fl": -0.37247902154922485, "wheel_velocity_fr": 0.7263160347938538, "wheel_velocity_rl": 0.9874954223632812, "wheel_velocity_rr": 0.2450101226568222}}, {"current_time": 2.0500001069158316, "current_time_step": 123, "data": {"base_link_transform_matrix": [[0.9999963926739703, -0.0026475912141622235, 0.00045265860123130865, 0.0], [0.0026476758865867007, 0.9999964774978639, -0.00018655900895506189, 0.0], [-0.00045216307474738667, 0.000187756829239229, 0.9999998801479563, 0.0], [0.002149219624698162, 0.0010918228654190898, 0.02236616611480713, 1.0]], "wheel_velocity_fl": -0.3635699152946472, "wheel_velocity_fr": 0.7151942253112793, "wheel_velocity_rl": 0.9805130362510681, "wheel_velocity_rr": 0.2534655034542084}}, {"current_time": 2.0666667744517326, "current_time_step": 124, "data": {"base_link_transform_matrix": [[0.9999964023022889, -0.0026439730035611756, 0.0004525364463455321, 0.0], [0.0026440577270252074, 0.9999964870403959, -0.00018672333385968116, 0.0], [-0.0004520411651494168, 0.00018791919457329076, 0.9999998801725735, 0.0], [0.0021525162737816572, 0.0010909761767834425, 0.022366225719451904, 1.0]], "wheel_velocity_fl": -0.35760948061943054, "wheel_velocity_fr": 0.7258144021034241, "wheel_velocity_rl": 0.9789413809776306, "wheel_velocity_rr": 0.24781711399555206}}, {"current_time": 2.0833334419876337, "current_time_step": 125, "data": {"base_link_transform_matrix": [[0.9999964117693725, -0.002640391174723138, 0.0004525293626394082, 0.0], [0.0026404758284919445, 0.9999964965328634, -0.00018657276907617116, 0.0], [-0.00045203515212474546, 0.00018776699245377912, 0.9999998802038818, 0.0], [0.002155729103833437, 0.0010902003850787878, 0.022366195917129517, 1.0]], "wheel_velocity_fl": -0.3622611165046692, "wheel_velocity_fr": 0.6983852386474609, "wheel_velocity_rl": 0.9957514405250549, "wheel_velocity_rr": 0.24488689005374908}}, {"current_time": 2.1000001095235348, "current_time_step": 126, "data": {"base_link_transform_matrix": [[0.9999964210615171, -0.002636870751900968, 0.0004525227008239461, 0.0], [0.002636955458580754, 0.9999965057996655, -0.00018669324859669627, 0.0], [-0.00045202883365217154, 0.00018788586263911378, 0.9999998801844109, 0.0], [0.0021588183008134365, 0.0010893597500398755, 0.022366151213645935, 1.0]], "wheel_velocity_fl": -0.37361225485801697, "wheel_velocity_fr": 0.706979513168335, "wheel_velocity_rl": 0.9782739281654358, "wheel_velocity_rr": 0.2391703575849533}}, {"current_time": 2.116666777059436, "current_time_step": 127, "data": {"base_link_transform_matrix": [[0.9999964301318198, -0.0026334490918358327, 0.00045240413037727316, 0.0], [0.0026335337659515352, 0.9999965148208236, -0.00018667112781797486, 0.0], [-0.00045191096475579443, 0.00018786188297986001, 0.9999998802421892, 0.0], [0.002161848358809948, 0.0010885413503274322, 0.022366151213645935, 1.0]], "wheel_velocity_fl": -0.36850014328956604, "wheel_velocity_fr": 0.7036203742027283, "wheel_velocity_rl": 0.9878535866737366, "wheel_velocity_rr": 0.2345978170633316}}, {"current_time": 2.133333444595337, "current_time_step": 128, "data": {"base_link_transform_matrix": [[0.9999964394234779, -0.0026299025855877063, 0.0004524961399443303, 0.0], [0.0026299873253863783, 0.9999965241341208, -0.00018677886671357666, 0.0], [-0.00045200335690393385, 0.00018796826078596886, 0.999999880180442, 0.0], [0.0021648569963872433, 0.0010877198074012995, 0.022366151213645935, 1.0]], "wheel_velocity_fl": -0.36481621861457825, "wheel_velocity_fr": 0.6980050802230835, "wheel_velocity_rl": 0.9843160510063171, "wheel_velocity_rr": 0.24703066051006317}}, {"current_time": 2.150000112131238, "current_time_step": 129, "data": {"base_link_transform_matrix": [[0.999996448258732, -0.002626551722296915, 0.00045243338860027763, 0.0], [0.002626636396967618, 0.9999965329633536, -0.00018666148657094623, 0.0], [-0.00045194154394809986, 0.00018784920160334214, 0.999999880230752, 0.0], [0.002167756436392665, 0.0010869493708014488, 0.022366181015968323, 1.0]], "wheel_velocity_fl": -0.3702254593372345, "wheel_velocity_fr": 0.5985972285270691, "wheel_velocity_rl": 1.0118199586868286, "wheel_velocity_rr": 0.23460747301578522}}, {"current_time": 2.166666779667139, "current_time_step": 130, "data": {"base_link_transform_matrix": [[0.9999964696844941, -0.0026183079617014336, 0.00045285976472810523, 0.0], [0.0026183925022035975, 0.999996554671173, -0.000186189387926301, 0.0], [-0.0004523707033205115, 0.0001873744952315315, 0.9999998801257655, 0.0], [0.002171614672988653, 0.0010870936093851924, 0.022366151213645935, 1.0]], "wheel_velocity_fl": -0.4057762324810028, "wheel_velocity_fr": 0.5047640204429626, "wheel_velocity_rl": 0.9838981628417969, "wheel_velocity_rr": 0.28530406951904297}}, {"current_time": 2.18333344720304, "current_time_step": 131, "data": {"base_link_transform_matrix": [[0.9999964997512318, -0.002606862173933866, 0.00045249849797448637, 0.0], [0.0026069468660268706, 0.9999965844840977, -0.00018667666309717874, 0.0], [-0.0004520103121268866, 0.00018785564922359517, 0.9999998801984592, 0.0], [0.0021755669731646776, 0.0010873590363189578, 0.02236613631248474, 1.0]], "wheel_velocity_fl": -0.44505417346954346, "wheel_velocity_fr": 0.820637047290802, "wheel_velocity_rl": 0.9656947255134583, "wheel_velocity_rr": 0.32335975766181946}}, {"current_time": 2.200000114738941, "current_time_step": 132, "data": {"base_link_transform_matrix": [[0.999996522797506, -0.002598066064650959, 0.0004521566331650009, 0.0], [0.0025981509261446896, 0.9999966072