{"Isaac Sim Data": [{"current_time": 1.183333395048976, "current_time_step": 71, "data": {"base_link_transform_matrix": [[0.9999986626183118, 0.0015359502349808465, -0.0005617993088593428, 0.0], [-0.0015363376679855126, 0.99999858188671, -0.0006898486347908536, 0.0], [0.0005607389389915684, 0.0006907108256399706, 0.9999996042451205, 0.0], [0.0018540337914600968, 0.0005588451749645174, 0.022226989269256592, 1.0]], "wheel_velocity_fl": -0.26545166969299316, "wheel_velocity_fr": 0.2918732762336731, "wheel_velocity_rl": 0.5191440582275391, "wheel_velocity_rr": 0.2768370509147644}}, {"current_time": 1.200000062584877, "current_time_step": 72, "data": {"base_link_transform_matrix": [[0.9999986875919277, 0.0015191643162271735, -0.0005629868582206816, 0.0], [-0.0015195538419798375, 0.9999986059684632, -0.0006921107219679336, 0.0], [0.0005619346434875546, 0.0006929653024796285, 0.9999996020141938, 0.0], [0.0018666033865883946, 0.0005557020776905119, 0.022226840257644653, 1.0]], "wheel_velocity_fl": -0.2663984000682831, "wheel_velocity_fr": 0.3115615248680115, "wheel_velocity_rl": 0.5128040909767151, "wheel_velocity_rr": 0.28337159752845764}}, {"current_time": 1.216666730120778, "current_time_step": 73, "data": {"base_link_transform_matrix": [[0.9999987124718703, 0.0015022764645443397, -0.0005641099411616148, 0.0], [-0.0015026679885924165, 0.9999986299845908, -0.0006942750589909049, 0.0], [0.0005630661752412607, 0.000695121835042867, 0.9999995998809783, 0.0], [0.0018790472531691194, 0.0005525486776605248, 0.022226572036743164, 1.0]], "wheel_velocity_fl": -0.26254773139953613, "wheel_velocity_fr": 0.30708831548690796, "wheel_velocity_rl": 0.5124087929725647, "wheel_velocity_rr": 0.28217053413391113}}, {"current_time": 1.2333333976566792, "current_time_step": 74, "data": {"base_link_transform_matrix": [[0.9999987368949265, 0.0014855107591780791, -0.0005652135312919235, 0.0], [-0.0014859042289967778, 0.9999986535835639, -0.0006963617462072779, 0.0], [0.0005641783174128641, 0.0006972007198056562, 0.9999995978069104, 0.0], [0.0018914189422503114, 0.0005494518554769456, 0.022226601839065552, 1.0]], "wheel_velocity_fl": -0.28398698568344116, "wheel_velocity_fr": 0.4007428288459778, "wheel_velocity_rl": 0.5008494257926941, "wheel_velocity_rr": 0.2814903259277344}}, {"current_time": 1.2500000651925802, "current_time_step": 75, "data": {"base_link_transform_matrix": [[0.999998761482825, 0.001468379618145604, -0.000566475165512829, 0.0], [-0.0014687752821484067, 0.999998677269, -0.0006986840637080556, 0.0], [0.0005654484827798949, 0.0006995152230968991, 0.9999995954731512, 0.0], [0.001903808326460421, 0.0005462129483930767, 0.022226452827453613, 1.0]], "wheel_velocity_fl": -0.2633344233036041, "wheel_velocity_fr": 0.320451557636261, "wheel_velocity_rl": 0.5063453912734985, "wheel_velocity_rr": 0.28318852186203003}}, {"current_time": 1.2666667327284813, "current_time_step": 76, "data": {"base_link_transform_matrix": [[0.9999987859162104, 0.0014511710106342869, -0.0005676872405070377, 0.0], [-0.0014515687367015757, 0.999998700895969, -0.0007008242125900051, 0.0], [0.0005666694872413939, 0.0007016473987812336, 0.9999995932882273, 0.0], [0.0019161535892635584, 0.0005426799179986119, 0.02222628891468048, 1.0]], "wheel_velocity_fl": -0.27721449732780457, "wheel_velocity_fr": 0.3029699921607971, "wheel_velocity_rl": 0.497506707906723, "wheel_velocity_rr": 0.2710725963115692}}, {"current_time": 1.2833334002643824, "current_time_step": 77, "data": {"base_link_transform_matrix": [[0.9999988096527084, 0.0014342111123947841, -0.0005689742097671316, 0.0], [-0.0014346110413805777, 0.9999987237626359, -0.0007031104176048712, 0.0], [0.0005679650748468165, 0.0007039258373428826, 0.999999590951961, 0.0], [0.001928561134263873, 0.0005392651073634624, 0.022226259112358093, 1.0]], "wheel_velocity_fl": -0.2899148464202881, "wheel_velocity_fr": 0.31805115938186646, "wheel_velocity_rl": 0.4976016879081726, "wheel_velocity_rr": 0.2866094708442688}}, {"current_time": 1.3000000678002834, "current_time_step": 78, "data": {"base_link_transform_matrix": [[0.9999988330889762, 0.001417292284399415, -0.0005701782760215332, 0.0], [-0.0014176944644187278, 0.9999987461533341, -0.0007055736427323587, 0.0], [0.0005691775570254826, 0.0007063811579763444, 0.9999995885311994, 0.0], [0.0019410063978284597, 0.0005360017530620098, 0.022226065397262573, 1.0]], "wheel_velocity_fl": -0.2786934971809387, "wheel_velocity_fr": 0.33115798234939575, "wheel_velocity_rl": 0.5103433132171631, "wheel_velocity_rr": 0.2775581479072571}}, {"current_time": 1.3166667353361845, "current_time_step": 79, "data": {"base_link_transform_matrix": [[0.9999988561230628, 0.0014004260362659915, -0.000571453832639845, 0.0], [-0.001400830314764627, 0.9999987684379192, -0.0007076701732505664, 0.0], [0.0005704620891232647, 0.0007084698736152265, 0.999999586321636, 0.0], [0.001953423721715808, 0.0005328473635017872, 0.02222590148448944, 1.0]], "wheel_velocity_fl": -0.27850261330604553, "wheel_velocity_fr": 0.3362177312374115, "wheel_velocity_rl": 0.5031851530075073, "wheel_velocity_rr": 0.28636863827705383}}, {"current_time": 1.3333334028720856, "current_time_step": 80, "data": {"base_link_transform_matrix": [[0.9999988791336181, 0.0013833873501732938, -0.00057268747750176, 0.0], [-0.001383793780749027, 0.9999987905754307, -0.0007099031259221691, 0.0], [0.000571704713875205, 0.0007106948115853006, 0.999999584033216, 0.0], [0.0019658224191516638, 0.0005297502502799034, 0.02222590148448944, 1.0]], "wheel_velocity_fl": -0.310156911611557, "wheel_velocity_fr": 0.6105068325996399, "wheel_velocity_rl": 0.4963207244873047, "wheel_velocity_rr": 0.27101075649261475}}, {"current_time": 1.3500000704079866, "current_time_step": 81, "data": {"base_link_transform_matrix": [[0.999998901988316, 0.0013662546916899348, -0.0005739079019058735, 0.0], [-0.0013666633243520337, 0.9999988124790871, -0.0007122301408675999, 0.0], [0.0005729341326067145, 0.0007130136977116741, 0.9999995816788858, 0.0], [0.0019781726878136396, 0.0005264204810373485, 0.02222573757171631, 1.0]], "wheel_velocity_fl": -0.2808396518230438, "wheel_velocity_fr": 0.33967843651771545, "wheel_velocity_rl": 0.4769213795661926, "wheel_velocity_rr": 0.29037395119667053}}, {"current_time": 1.3666667379438877, "current_time_step": 82, "data": {"base_link_transform_matrix": [[0.9999989252803917, 0.0013485803853265541, -0.000575125208871514, 0.0], [-0.001348991316069367, 0.9999988346994795, -0.0007147182047983794, 0.0], [0.0005741606837257817, 0.0007154932755891306, 0.9999995792043523, 0.0], [0.0019906361121684313, 0.0005225480999797583, 0.022225454449653625, 1.0]], "wheel_velocity_fl": -0.2757571041584015, "wheel_velocity_fr": 0.32776665687561035, "wheel_velocity_rl": 0.48813921213150024, "wheel_velocity_rr": 0.2843511700630188}}, {"current_time": 1.3833334054797888, "current_time_step": 83, "data": {"base_link_transform_matrix": [[0.9999989474875707, 0.001331454989655949, -0.0005764124924671866, 0.0], [-0.0013318680305444259, 0.9999988561749857, -0.0007167818840540553, 0.0], [0.0005754574703361405, 0.0007175488350033366, 0.9999995769860951, 0.0], [0.0020032047759741545, 0.0005189276998862624, 0.022225365042686462, 1.0]], "wheel_velocity_fl": -0.28081369400024414, "wheel_velocity_fr": 0.3457728922367096, "wheel_velocity_rl": 0.4876290261745453, "wheel_velocity_rr": 0.2912423014640808}}, {"current_time": 1.4000000730156898, "current_time_step": 84, "data": {"base_link_transform_matrix": [[0.9999989694598836, 0.0013142649708035616, -0.0005777428123559927, 0.0], [-0.0013146803808514605, 0.999998877160022, -0.0007192316674309888, 0.0], [0.0005767969026568687, 0.000719990473374485, 0.9999995744594351, 0.0], [0.002015795325860381, 0.0005153894890099764, 0.022225141525268555, 1.0]], "wheel_velocity_fl": -0.2921409606933594, "wheel_velocity_fr": 0.34709373116493225, "wheel_velocity_rl": 0.48754003643989563, "wheel_velocity_rr": 0.28560948371887207}}, {"current_time": 1.416666740551591, "current_time_step": 85, "data": {"base_link_transform_matrix": [[0.9999989911253939, 0.0012971559527489513, -0.0005789081348477443, 0.0], [-0.001297573546285956, 0.9999988978299358, -0.0007215551299406338, 0.0], [0.0005779715272604891, 0.0007223055778634946, 0.9999995721116914, 0.0], [0.0020283700432628393, 0.0005119774723425508, 0.022224992513656616, 1.0]], "wheel_velocity_fl": -0.3050752580165863, "wheel_velocity_fr": 0.3506883978843689, "wheel_velocity_rl": 0.4726824462413788, "wheel_velocity_rr": 0.2910976707935333}}, {"current_time": 1.433333408087492, "current_time_step": 86, "data": {"base_link_transform_matrix": [[0.9999989868274435, 0.0013006104941121366, -0.0005785813936502052, 0.0], [-0.0013010285638872432, 0.9999988924499641, -0.0007227887112501321, 0.0], [0.0005776406862594843, 0.0007235407298601184, 0.999999571409933, 0.0], [0.002048903377726674, 0.0005165380425751209, 0.022224605083465576, 1.0]], "wheel_velocity_fl": -0.1720716804265976, "wheel_velocity_fr": 0.48887911438941956, "wheel_velocity_rl": 0.6282254457473755, "wheel_velocity_rr": 0.502098560333252}}, {"current_time": 1.450000075623393, "current_time_step": 87, "data": {"base_link_transform_matrix": [[0.9999989578193547, 0.0013213801360006578, -0.0005816482963729677, 0.0], [-0.0013217998544641785, 0.9999988659172067, -0.0007218098400510193, 0.0], [0.0005806938515510298, 0.0007225779104282695, 0.9999995703378147, 0.0], [0.0020767662208527327, 0.0005257600569166243, 0.022224023938179016, 1.0]], "wheel_velocity_fl": -0.41597291827201843, "wheel_velocity_fr": 0.8238143920898438, "wheel_velocity_rl": 0.6274452805519104, "wheel_velocity_rr": 0.676251232624054}}, {"current_time": 1.4666667431592941, "current_time_step": 88, "data": {"base_link_transform_matrix": [[0.9999989436347817, 0.0013319612524555766, -0.0005819008014469446, 0.0], [-0.0013323795447038372, 0.9999988538707066, -0.0007190424340726266, 0.0], [0.0005809423978523341, 0.0007198169872261035, 0.9999995721846261, 0.0], [0.0021046027541160583, 0.0005343072698451579, 0.022223085165023804, 1.0]], "wheel_velocity_fl": -0.22644899785518646, "wheel_velocity_fr": 0.6140879392623901, "wheel_velocity_rl": 0.5631186962127686, "wheel_velocity_rr": 0.539845883846283}}, {"current_time": 1.4833334106951952, "current_time_step": 89, "data": {"base_link_transform_matrix": [[0.9999989451227148, 0.0013305669379513958, -0.0005825333306520907, 0.0], [-0.0013309852475053025, 0.9999988562688698, -0.00071828909456813, 0.0], [0.0005815769326694626, 0.000719063680130558, 0.9999995723577562, 0.0], [0.002127502579241991, 0.0005378482164815068, 0.022222518920898438, 1.0]], "wheel_velocity_fl": -0.11294283717870712, "wheel_velocity_fr": 0.42598915100097656, "wheel_velocity_rl": 0.4490630626678467, "wheel_velocity_rr": 0.41309109330177307}}, {"current_time": 1.5000000782310963, "current_time_step": 90, "data": {"base_link_transform_matrix": [[0.9999989551266898, 0.0013226732843218546, -0.000583336019384957, 0.0], [-0.0013230925223213633, 0.9999988663102837, -0.0007188910381154796, 0.0], [0.0005823845000924571, 0.0007196620944906698, 0.9999995714572901, 0.0], [0.002146843122318387, 0.0005378946661949158, 0.022222056984901428, 1.0]], "wheel_velocity_fl": -0.06355837732553482, "wheel_velocity_fr": 0.2867034077644348, "wheel_velocity_rl": 0.3703583776950836, "wheel_velocity_rr": 0.3525239825248718}}, {"current_time": 1.5166667457669973, "current_time_step": 91, "data": {"base_link_transform_matrix": [[0.9999989699839884, 0.0013108076057401006, -0.0005846489399061295, 0.0], [-0.0013112285746487945, 0.9999988809693096, -0.0007202359013508677, 0.0], [0.0005837041949686047, 0.0007210017678925002, 0.9999995697228392, 0.0], [0.002163930330425501, 0.0005361026851460338, 0.02222183346748352, 1.0]], "wheel_velocity_fl": -0.022112524136900902, "wheel_velocity_fr": 0.23746943473815918, "wheel_velocity_rl": 0.31993183493614197, "wheel_velocity_rr": 0.29345616698265076}}, {"current_time": 1.5333334133028984, "current_time_step": 92, "data": {"base_link_transform_matrix": [[0.9999989879408887, 0.0012964730439018943, -0.0005858966161268475, 0.0], [-0.001296896104933402, 0.9999988981909214, -0.000722272411395369, 0.0], [0.0005849595638689085, 0.0007230315274523428, 0.999999567523766, 0.0], [0.0021796743385493755, 0.0005331341526471078, 0.022221416234970093, 1.0]], "wheel_velocity_fl": -0.024370862171053886, "wheel_velocity_fr": 0.14939673244953156, "wheel_velocity_rl": 0.2810673713684082, "wheel_velocity_rr": 0.26240503787994385}}, {"current_time": 1.5500000808387995, "current_time_step": 93, "data": {"base_link_transform_matrix": [[0.9999990071920711, 0.001280914455997382, -0.0005872589109289551, 0.0], [-0.0012813397535651615, 0.999998916702621, -0.0007244045971347976, 0.0], [0.0005863303744324552, 0.0007251563561283784, 0.9999995651823811, 0.0], [0.002194651635363698, 0.0005297466414049268, 0.022221088409423828, 1.0]], "wheel_velocity_fl": -0.0180266834795475, "wheel_velocity_fr": 0.16155947744846344, "wheel_velocity_rl": 0.2708984911441803, "wheel_velocity_rr": 0.25844112038612366}}, {"current_time": 1.5666667483747005, "current_time_step": 94, "data": {"base_link_transform_matrix": [[0.9999990273361529, 0.0012644653362386092, -0.00058860356912106, 0.0], [-0.0012648929358634402, 0.9999989360049563, -0.0007266600416494148, 0.0], [0.0005876841064158843, 0.0007274038553500684, 0.9999995627554156, 0.0], [0.002209204714745283, 0.0005261051119305193, 0.022220954298973083, 1.0]], "wheel_velocity_fl": 0.0058893305249512196, "wheel_velocity_fr": 0.15128575265407562, "wheel_velocity_rl": 0.2603827118873596, "wheel_velocity_rr": 0.23691138625144958}}, {"current_time": 1.5833334159106016, "current_time_step": 95, "data": {"base_link_transform_matrix": [[0.9999990472084772, 0.0012479562862853057, -0.0005900739319815246, 0.0], [-0.0012483863736893577, 0.9999989549975223, -0.0007290646920540001, 0.0], [0.0005891634744872462, 0.000729800637663497, 0.999999560138618, 0.0], [0.002223641611635685, 0.0005225123604759574, 0.022220700979232788, 1.0]], "wheel_velocity_fl": 0.004622757434844971, "wheel_velocity_fr": 0.1717216819524765, "wheel_velocity_rl": 0.2579752504825592, "wheel_velocity_rr": 0.22226658463478088}}, {"current_time": 1.6000000834465027, "current_time_step": 96, "data": {"base_link_transform_matrix": [[0.999999068006214, 0.0012305366879682782, -0.0005914103169090167, 0.0], [-0.0012309692444399376, 0.9999989747436853, -0.0007315916194089017, 0.0], [0.0005905094602335619, 0.0007323189454810179, 0.9999995575036719, 0.0], [0.002237760927528143, 0.0005187129136174917, 0.0222206711769104, 1.0]], "wheel_velocity_fl": -0.007652586791664362, "wheel_velocity_fr": 0.16777655482292175, "wheel_velocity_rl": 0.2505849301815033, "wheel_velocity_rr": 0.21640712022781372}}, {"current_time": 1.6166667509824038, "current_time_step": 97, "data": {"base_link_transform_matrix": [[0.9999990887892964, 0.001212854895309912, -0.0005927930328615968, 0.0], [-0.001213289891557954, 0.9999989945852876, -0.0007340000360014928, 0.0], [0.0005919022013219381, 0.0007347185969673605, 0.9999995549200846, 0.0], [0.0022516895551234484, 0.0005149348871782422, 0.02222035825252533, 1.0]], "wheel_velocity_fl": -0.0170416422188282, "wheel_velocity_fr": 0.1580018550157547, "wheel_velocity_rl": 0.24539941549301147, "wheel_velocity_rr": 0.2020224630832672}}, {"current_time": 1.6333334185183048, "current_time_step": 98, "data": {"base_link_transform_matrix": [[0.999999109522727, 0.0011949233158255858, -0.0005942322965917668, 0.0], [-0.001195360903965706, 0.9999990142782217, -0.0007365832568315392, 0.0], [0.0005933515503364159, 0.0007372929229761088, 0.9999995521664414, 0.0], [0.0022655040957033634, 0.0005111926002427936, 0.022220119833946228, 1.0]], "wheel_velocity_fl": -0.009042423218488693, "wheel_velocity_fr": 0.1518602967262268, "wheel_velocity_rl": 0.25619271397590637, "wheel_velocity_rr": 0.20277683436870575}}, {"current_time": 1.650000086054206, "current_time_step": 99, "data": {"base_link_transform_matrix": [[0.9999991300520729, 0.0011769637798011053, -0.0005955261190163785, 0.0], [-0.0011774037604269814, 0.9999990337995646, -0.0007389995413781599, 0.0], [0.0005946557679252913, 0.000739700073179003, 0.9999995496140582, 0.0], [0.002279325621202588, 0.0005076631787233055, 0.02222001552581787, 1.0]], "wheel_velocity_fl": -0.030011210590600967, "wheel_velocity_fr": 0.14756661653518677, "wheel_velocity_rl": 0.26260119676589966, "wheel_velocity_rr": 0.20637044310569763}}, {"current_time": 1.666666753590107, "current_time_step": 100, "data": {"base_link_transform_matrix": [[0.9999991503469368, 0.0011588764881376539, -0.0005969176574703739, 0.0], [-0.001159318958210051, 0.99999905311804, -0.0007414462735260488, 0.0], [0.0005960578476062058, 0.0007421376615107469, 0.9999995469732642, 0.0], [0.002293042140081525, 0.0005041829426772892, 0.022219881415367126, 1.0]], "wheel_velocity_fl": -0.028923610225319862, "wheel_velocity_fr": 0.26130008697509766, "wheel_velocity_rl": 0.244662344455719, "wheel_velocity_rr": 0.19022731482982635}}, {"current_time": 1.683333421126008, "current_time_step": 101, "data": {"base_link_transform_matrix": [[0.9999991703287593, 0.0011407809402175504, -0.0005982981193164615, 0.0], [-0.0011412261129884586, 0.999999071845308, -0.0007442522970219335, 0.0], [0.000597448535168099, 0.0007449344729743225, 0.9999995440638355, 0.0], [0.0023067479487508535, 0.0005005677230656147, 0.022219613194465637, 1.0]], "wheel_velocity_fl": -0.007459420245140791, "wheel_velocity_fr": 0.13171732425689697, "wheel_velocity_rl": 0.2535378038883209, "wheel_velocity_rr": 0.20225737988948822}}, {"current_time": 1.700000088661909, "current_time_step": 102, "data": {"base_link_transform_matrix": [[0.9999991907198531, 0.0011220407158458918, -0.0005996534589382362, 0.0], [-0.0011224882956449554, 0.9999990913166455, -0.0007465828214932559, 0.0], [0.0005988152177196531, 0.0007472553212877017, 0.9999995415148049, 0.0], [0.0023203943856060505, 0.0004966329433955252, 0.02221938967704773, 1.0]], "wheel_velocity_fl": -0.01268643606454134, "wheel_velocity_fr": 0.12094520032405853, "wheel_velocity_rl": 0.23414577543735504, "wheel_velocity_rr": 0.19953709840774536}}, {"current_time": 1.7166667561978102, "current_time_step": 103, "data": {"base_link_transform_matrix": [[0.9999992108416591, 0.0011032742703909943, -0.0006009175844271502, 0.0], [-0.001103724313380142, 0.9999991103128123, -0.000749110288246417, 0.0], [0.000600090575691767, 0.0007497729444280546, 0.9999995388658101, 0.0], [0.0023340987972915173, 0.0004928248818032444, 0.022219225764274597, 1.0]], "wheel_velocity_fl": -0.02567991055548191, "wheel_velocity_fr": 0.12456781417131424, "wheel_velocity_rl": 0.24694587290287018, "wheel_velocity_rr": 0.19682319462299347}}, {"current_time": 1.7333334237337112, "current_time_step": 104, "data": {"base_link_transform_matrix": [[0.9999992301606621, 0.0010847700627955698, -0.0006024549726352677, 0.0], [-0.001085222893065284, 0.9999991285255124, -0.0007518241071100349, 0.0], [0.0006016388913272481, 0.000752477326254607, 0.9999995359041512, 0.0], [0.002347795059904456, 0.0004891199059784412, 0.02221892774105072, 1.0]], "wheel_velocity_fl": -0.04076128825545311, "wheel_velocity_fr": 0.21443337202072144, "wheel_velocity_rl": 0.2469625174999237, "wheel_velocity_rr": 0.19846978783607483}}, {"current_time": 1.7500000912696123, "current_time_step": 105, "data": {"base_link_transform_matrix": [[0.9999992485249211, 0.001066815235730385, -0.0006040321563288355, 0.0], [-0.0010672712851365934, 0.9999991453095047, -0.0007551902171072226, 0.0], [0.0006032259916388082, 0.0007558343157763436, 0.9999995324163358, 0.0], [0.002362055703997612, 0.00048439932288601995, 0.022218868136405945, 1.0]], "wheel_velocity_fl": 0.018030205741524696, "wheel_velocity_fr": 0.11383683979511261, "wheel_velocity_rl": 0.20717579126358032, "wheel_velocity_rr": 0.2548617124557495}}, {"current_time": 1.7666667588055134, "current_time_step": 106, "data": {"base_link_transform_matrix": [[0.9999992689907278, 0.00104654531671917, -0.000605607884775633, 0.0], [-0.001047004251574859, 0.9999991646174925, -0.0007579883998607224, 0.0], [0.0006048141096513981, 0.0007586219197943212, 0.999999529346227, 0.0], [0.0023761955089867115, 0.00047824770445004106, 0.022218674421310425, 1.0]], "wheel_velocity_fl": 0.06967123597860336, "wheel_velocity_fr": 0.019224422052502632, "wheel_velocity_rl": 0.2130306363105774, "wheel_velocity_rr": 0.24755756556987762}}, {"current_time": 1.7833334263414145, "current_time_step": 107, "data": {"base_link_transform_matrix": [[0.999999288205906, 0.0010269638323179532, -0.0006073985252596866, 0.0], [-0.0010274260648965563, 0.9999991824985092, -0.0007611819720250222, 0.0], [0.0006066163223554046, 0.0007618054872968215, 0.9999995258344061, 0.0], [0.0023903977125883102, 0.0004724217869807035, 0.022218406200408936, 1.0]], "wheel_velocity_fl": 0.018394766375422478, "wheel_velocity_fr": 0.0679863691329956, "wheel_velocity_rl": 0.22713664174079895, "wheel_velocity_rr": 0.25084421038627625}}, {"current_time": 1.8000000938773155, "current_time_step": 108, "data": {"base_link_transform_matrix": [[0.9999993066679701, 0.0010079152536366794, -0.000608909205566915, 0.0], [-0.0010083805301533634, 0.9999991995132003, -0.0007642916099235116, 0.0], [0.0006081383769712652, 0.0007649050922031831, 0.9999995225438432, 0.0], [0.002404978731647134, 0.0004670787020586431, 0.022218376398086548, 1.0]], "wheel_velocity_fl": 0.028442829847335815, "wheel_velocity_fr": 0.12495681643486023, "wheel_velocity_rl": 0.2232816219329834, "wheel_velocity_rr": 0.25367578864097595}}, {"current_time": 1.8166667614132166, "current_time_step": 109, "data": {"base_link_transform_matrix": [[0.999999324494394, 0.0009889889664044845, -0.0006106648672480421, 0.0], [-0.0009894574093787967, 0.9999992161288046, -0.0007672781837936501, 0.0], [0.0006099055589075078, 0.0007678818923704815, 0.9999995191861887, 0.0], [0.0024196298327296972, 0.00046188957639969885, 0.02221807837486267, 1.0]], "wheel_velocity_fl": 0.013495814055204391, "wheel_velocity_fr": 0.07428465783596039, "wheel_velocity_rl": 0.24560438096523285, "wheel_velocity_rr": 0.2602198123931885}}, {"current_time": 1.8333334289491177, "current_time_step": 110, "data": {"base_link_transform_matrix": [[0.9999993425328767, 0.0009696047217508993, -0.0006122095211584446, 0.0], [-0.0009700761732920422, 0.9999992328292364, -0.0007702552542053423, 0.0], [0.0006114622083577678, 0.0007708486376573745, 0.9999995159530556, 0.0], [0.0024345070123672485, 0.00045643054181709886, 0.022218018770217896, 1.0]], "wheel_velocity_fl": 0.009681259281933308, "wheel_velocity_fr": 0.016962507739663124, "wheel_velocity_rl": 0.22649513185024261, "wheel_velocity_rr": 0.25776544213294983}}, {"current_time": 1.8500000964850187, "current_time_step": 111, "data": {"base_link_transform_matrix": [[0.9999993599782353, 0.0009503743874640975, -0.0006138661446243625, 0.0], [-0.0009508490624213413, 0.9999992488485677, -0.0007734263770512903, 0.0], [0.0006131306388985901, 0.0007740095760896437, 0.9999995124898791, 0.0], [0.0024494307581335306, 0.0004512136220000684, 0.022217661142349243, 1.0]], "wheel_velocity_fl": -0.003598976181820035, "wheel_velocity_fr": 0.02250312641263008, "wheel_velocity_rl": 0.2653489112854004, "wheel_velocity_rr": 0.25472134351730347}}, {"current_time": 1.8666667640209198, "current_time_step": 112, "data": {"base_link_transform_matrix": [[0.999999377272218, 0.0009308630281244822, -0.0006155884981658105, 0.0], [-0.0009313409233705056, 0.9999992648317695, -0.0007764921152773594, 0.0], [0.0006148652378029616, 0.0007770649544944447, 0.9999995090552775, 0.0], [0.0024644078221172094, 0.0004464331432245672, 0.022217541933059692, 1.0]], "wheel_velocity_fl": -0.008147028274834156, "wheel_velocity_fr": 0.013134827837347984, "wheel_velocity_rl": 0.15648485720157623, "wheel_velocity_rr": 0.24280284345149994}}, {"current_time": 1.8833334315568209, "current_time_step": 113, "data": {"base_link_transform_matrix": [[0.9999993945596992, 0.0009110634977657176, -0.0006171252207240416, 0.0], [-0.0009115444666944922, 0.9999992807035805, -0.0007795376879365445, 0.0], [0.0006164145684954683, 0.0007800997530532208, 0.9999995057386054, 0.0], [0.0024794889613986015, 0.0004419602919369936, 0.022217363119125366, 1.0]], "wheel_velocity_fl": -0.004862454254180193, "wheel_velocity_fr": 0.4152640402317047, "wheel_velocity_rl": 0.16277176141738892, "wheel_velocity_rr": 0.23606902360916138}}, {"current_time": 1.900000099092722, "current_time_step": 114, "data": {"base_link_transform_matrix": [[0.9999994115709602, 0.0008910416818397761, -0.0006187911236439391, 0.0], [-0.0008915258215869932, 0.9999992963893768, -0.0007825614741779461, 0.0], [0.0006180933933638364, 0.0007831126819609467, 0.9999995023474184, 0.0], [0.0024945451878011227, 0.0004371238755993545, 0.022217124700546265, 1.0]], "wheel_velocity_fl": -0.008611801080405712, "wheel_velocity_fr": 0.013356221839785576, "wheel_velocity_rl": 0.15163344144821167, "wheel_velocity_rr": 0.2541293799877167}}, {"current_time": 1.916666766628623, "current_time_step": 115, "data": {"base_link_transform_matrix": [[0.9999994286615252, 0.0008704404106716753, -0.000620491832841608, 0.0], [-0.00087092783453075, 0.999999312074009, -0.0007857074618427101, 0.0], [0.0006198074944633948, 0.0007862474165461279, 0.9999994988267094, 0.0], [0.002509797690436244, 0.0004318245919421315, 0.022216856479644775, 1.0]], "wheel_velocity_fl": 0.0066313669085502625, "wheel_velocity_fr": 0.00043425062904134393, "wheel_velocity_rl": 0.17376074194908142, "wheel_velocity_rr": 0.26145514845848083}}, {"current_time": 1.933333434164524, "current_time_step": 116, "data": {"base_link_transform_matrix": [[0.9999994450487292, 0.0008502447629701151, -0.0006220820497990542, 0.0], [-0.0008507354049960906, 0.9999993269661075, -0.0007888704600660871, 0.0], [0.0006214108981394177, 0.0007893992495059995, 0.9999994953485329, 0.0], [0.0025251968763768673, 0.00042674149153754115, 0.0222165584564209, 1.0]], "wheel_velocity_fl": -0.0009314670460298657, "wheel_velocity_fr": 0.04792679846286774, "wheel_velocity_rl": 0.16577863693237305, "wheel_velocity_rr": 0.2513847053050995}}, {"current_time": 1.9500001017004251, "current_time_step": 117, "data": {"base_link_transform_matrix": [[0.9999994608766937, 0.0008301654477505461, -0.0006237560832240745, 0.0], [-0.0008306593752066706, 0.9999993413555626, -0.000792018587773006, 0.0], [0.0006230981659250547, 0.0007925362896156984, 0.9999994918173235, 0.0], [0.002540634013712406, 0.00042189285159111023, 0.022216469049453735, 1.0]], "wheel_velocity_fl": -0.01245474349707365, "wheel_velocity_fr": 0.00756864994764328, "wheel_velocity_rl": 0.1707409769296646, "wheel_velocity_rr": 0.2588249444961548}}, {"current_time": 1.9666667692363262, "current_time_step": 118, "data": {"base_link_transform_matrix": [[0.9999994763239984, 0.0008099643832113722, -0.0006255473017890117, 0.0], [-0.0008104616554321044, 0.9999993554873318, -0.0007950954824622829, 0.0], [0.0006249028995938043, 0.0007956020481916188, 0.9999994882567426, 0.0], [0.0025560299400240183, 0.0004172490444034338, 0.022216185927391052, 1.0]], "wheel_velocity_fl": -0.021837502717971802, "wheel_velocity_fr": 0.03613404929637909, "wheel_velocity_rl": 0.17612026631832123, "wheel_velocity_rr": 0.2560509741306305}}, {"current_time": 1.9833334367722273, "current_time_step": 119, "data": {"base_link_transform_matrix": [[0.9999994962049388, 0.0007842533436409746, -0.000626527383047999, 0.0], [-0.0007847526412113155, 0.9999993744126932, -0.0007970806197545243, 0.0], [0.0006259018779592268, 0.0007975718872078829, 0.9999994860628298, 0.0], [0.002570286625996232, 0.0004157107905484736, 0.02221590280532837, 1.0]], "wheel_velocity_fl": -0.0812714621424675, "wheel_velocity_fr": 0.16251902282238007, "wheel_velocity_rl": 0.26698967814445496, "wheel_velocity_rr": 0.09224924445152283}}, {"current_time": 2.0000001043081284, "current_time_step": 120, "data": {"base_link_transform_matrix": [[0.9999995151508567, 0.0007586313335401802, -0.0006278348121211164, 0.0], [-0.0007591334766025249, 0.9999993918981691, -0.0007999497838212521, 0.0], [0.0006272275633623523, 0.0008004260063899423, 0.9999994829517623, 0.0], [0.0025846282951533794, 0.0004168361774645746, 0.02221536636352539, 1.0]], "wheel_velocity_fl": -0.14186441898345947, "wheel_velocity_fr": 0.27659133076667786, "wheel_velocity_rl": 0.3185710608959198, "wheel_velocity_rr": 0.06544315069913864}}, {"current_time": 2.0166667718440294, "current_time_step": 121, "data": {"base_link_transform_matrix": [[0.9999995338497987, 0.0007324447983464218, -0.0006291460901572577, 0.0], [-0.0007329496542140344, 0.9999994093162541, -0.0008025907720331816, 0.0], [0.0006285578650947119, 0.0008030515303145625, 0.9999994800114897, 0.0], [0.002598903840407729, 0.0004173286142759025, 0.022215276956558228, 1.0]], "wheel_velocity_fl": -0.1337698996067047, "wheel_velocity_fr": 0.2584378123283386, "wheel_velocity_rl": 0.3054945766925812, "wheel_velocity_rr": 0.06857091933488846}}, {"current_time": 2.0333334393799305, "current_time_step": 122, "data": {"base_link_transform_matrix": [[0.9999995518602762, 0.0007062729834494673, -0.000630442479212017, 0.0], [-0.0007067806811051489, 0.9999994258599594, -0.0008054444862541924, 0.0], [0.0006298732535694367, 0.0008058897098673778, 0.9999994769005932, 0.0], [0.0026129961479455233, 0.0004173860070295632, 0.022214889526367188, 1.0]], "wheel_velocity_fl": -0.1177607849240303, "wheel_velocity_fr": 0.30586227774620056, "wheel_velocity_rl": 0.2795398235321045, "wheel_velocity_rr": 0.07505747675895691}}, {"current_time": 2.0500001069158316, "current_time_step": 123, "data": {"base_link_transform_matrix": [[0.9999995693969781, 0.000679761647996869, -0.0006317673308337002, 0.0], [-0.0006802721775309254, 0.9999994419935231, -0.0008082341287407953, 0.0], [0.0006312175717401176, 0.0008086635544505762, 0.9999994738136779, 0.0], [0.0026269794907420874, 0.00041701088775880635, 0.02221459150314331, 1.0]], "wheel_velocity_fl": -0.12302931398153305, "wheel_velocity_fr": 0.18295547366142273, "wheel_velocity_rl": 0.26985040307044983, "wheel_velocity_rr": 0.08159695565700531}}, {"current_time": 2.0666667744517326, "current_time_step": 124, "data": {"base_link_transform_matrix": [[0.9999995858244782, 0.0006538770539984682, -0.0006330842520996236, 0.0], [-0.0006543903769334343, 0.9999994570572367, -0.0008109614456561194, 0.0], [0.0006325536392901183, 0.0008113753940181016, 0.9999994707727916, 0.0], [0.0026410971768200397, 0.0004165933351032436, 0.02221432328224182, 1.0]], "wheel_velocity_fl": -0.11122258752584457, "wheel_velocity_fr": 0.1978636384010315, "wheel_velocity_rl": 0.2714768648147583, "wheel_velocity_rr": 0.09316862374544144}}, {"current_time": 2.0833334419876337, "current_time_step": 125, "data": {"base_link_transform_matrix": [[0.9999996010509256, 0.0006287287169902482, -0.0006345062569539311, 0.0], [-0.0006292450888091369, 0.9999994707715169, -0.0008139455168930882, 0.0], [0.0006339941702346109, 0.0008143444521162846, 0.9999994674471109, 0.0], [0.0026554770302027464, 0.0004158223164267838, 0.022214099764823914, 1.0]], "wheel_velocity_fl": -0.10512269288301468, "wheel_velocity_fr": 0.25716549158096313, "wheel_velocity_rl": 0.2699587047100067, "wheel_velocity_rr": 0.11848112940788269}}, {"current_time": 2.1000001095235348, "current_time_step": 126, "data": {"base_link_transform_matrix": [[0.9999996160448926, 0.0006030167988132774, -0.0006358308011250498, 0.0], [-0.0006035361331537453, 0.9999994842046828, -0.0008169054440412606, 0.0], [0.0006353378654607011, 0.0008172888772492941, 0.9999994641922004, 0.0], [0.0026697146240621805, 0.000414518202887848, 0.022213876247406006, 1.0]], "wheel_velocity_fl": -0.08837538957595825, "wheel_velocity_fr": 0.2298663854598999, "wheel_velocity_rl": 0.2375752180814743, "wheel_velocity_rr": 0.12375469505786896}}, {"current_time": 2.116666777059436, "current_time_step": 127, "data": {"base_link_transform_matrix": [[0.9999996300262356, 0.0005776944085193024, -0.0006373512079373361, 0.0], [-0.0005782169329351831, 0.999999496666848, -0.0008199580655449299, 0.0], [0.000636877201947658, 0.0008203262894426139, 0.9999994607259588, 0.0], [0.002683959435671568, 0.00041313335532322526, 0.022213608026504517, 1.0]], "wheel_velocity_fl": -0.11993502825498581, "wheel_velocity_fr": 0.24927933514118195, "wheel_velocity_rl": 0.22429391741752625, "wheel_velocity_rr": 0.12992723286151886}}, {"current_time": 2.133333444595337, "current_time_step": 128, "data": {"base_link_transform_matrix": [[0.9999996433338325, 0.0005524848907531338, -0.0006388212998953778, 0.0], [-0.0005530105896291977, 0.9999995083949913, -0.0008230364897382268, 0.0], [0.0006383662706225081, 0.0008233894711326792, 0.9999994572589944, 0.0], [0.00269832881167531, 0.0004118134966120124, 0.022213369607925415, 1.0]], "wheel_velocity_fl": -0.10922235995531082, "wheel_velocity_fr": 0.2407153993844986, "wheel_velocity_rl": 0.22235171496868134, "wheel_velocity_rr": 0.12727563083171844}}, {"current_time": 2.150000112131238, "current_time_step": 129, "data": {"base_link_transform_matrix": [[0.9999996559622595, 0.0005274443751453386, -0.0006402169895862622, 0.0], [-0.0005279731348059736, 0.9999995194682791, -0.0008260191158713553, 0.0], [0.0006397810028052615, 0.000826356849060553, 0.9999994539071642, 0.0], [0.0027127652429044247, 0.00041040946962311864, 0.02221296727657318, 1.0]], "wheel_velocity_fl": -0.11816547811031342, "wheel_velocity_fr": 0.2495255470275879, "wheel_velocity_rl": 0.2212483435869217, "wheel_velocity_rr": 0.1236770898103714}}, {"current_time": 2.166666779667139, "current_time_step": 130, "data": {"base_link_transform_matrix": [[0.9999996659759861, 0.0005060886224411161, -0.0006418116721350081, 0.0], [-0.0005066207700826071, 0.9999995278462128, -0.0008292422727014636, 0.0], [0.000641391699021735, 0.0008295671508382163, 0.9999994502173642, 0.0], [0.002727639628574252, 0.00040792906656861305, 0.022212833166122437, 1.0]], "wheel_velocity_fl": -0.12602505087852478, "wheel_velocity_fr": 0.33137747645378113, "wheel_velocity_rl": 0.19191686809062958, "wheel_velocity_rr": 0.23080474138259888}}, {"current_time": 2.18333344720304, "current_time_step": 131, "data": {"base_link_transform_matrix": [[0.9999996771193846, 0.0004814071077434301, -0.0006434347854207163, 0.0], [-0.00048194243010138074, 0.9999995376869572, -0.0008320801439371784, 0.0], [0.0006430339186569193, 0.000832389973798727, 0.9999994468170025, 0.0], [0.0027424581348896027, 0.00040554627776145935, 0.022212475538253784, 1.0]], "wheel_velocity_fl": -0.09356687217950821, "wheel_velocity_fr": 0.2639481723308563, "wheel_velocity_rl": 0.21251383423805237, "wheel_velocity_rr": 0.14851582050323486}}, {"current_time": 2.200000114738941, "current_time_step": 132, "data": {"base_link_transform_matrix": [[0.9999996913194729, 0.00044877813905390196, -0.0006449489443856934, 0.0], [-0.00044931695570576095, 0.9999995499944377, -0.0008355388652296836, 0.0], [0.000644573682578036, 0.0008358283938113834, 0.9999994429576767, 0.0], [0.0027572878170758486, 0.00040637567872181535, 0.022212237119674683, 1.0]], "wheel_velocity_fl": -0.08727317303419113, "wheel_velocity_fr": 0.22184331715106964, "wheel_velocity_rl": 0.2625303268432617, "wheel_velocity_rr": 0.00413557281717658}}, {"current_time": 2.2166667822748423, "current_time_step": 133, "data": {"base_link_transform_matrix": [[0.9999997043324406, 0.0004164247347545418, -0.0006464715551814788, 0.0], [-0.00041696691025201716, 0.999999561309496, -0.0008387606401510317, 0.0], [0.000646121990903449, 0.0008390299494036502, 0.9999994392774012, 0.0], [0.002772146835923195, 0.00040788689511828125, 0.022211864590644836, 1.0]], "wheel_velocity_fl": -0.12442299723625183, "wheel_velocity_fr": 0.286217600107193, "wheel_velocity_rl": 0.2446863204240799, "wheel_velocity_rr": 0.008959372527897358}}, {"current_time": 2.2333334498107433, "current_time_step": 134, "data": {"base_link_transform_matrix": [[0.9999997162654136, 0.00038481456108162694, -0.0006476008384104436, 0.0], [-0.00038535979193482755, 0.9999995712582508, -0.0008420101813115229, 0.0], [0.0006472765429785796, 0.0008422595017284591, 0.9999994358158452, 0.0], [0.0027871765196323395, 0.0004089314315933734, 0.022211670875549316, 1.0]], "wheel_velocity_fl": -0.11652623116970062, "wheel_velocity_fr": 0.23335954546928406, "wheel_velocity_rl": 0.22395309805870056, "wheel_velocity_rr": 0.025127092376351357}}, {"current_time": 2.2500001173466444, "current_time_step": 135, "data": {"base_link_transform_matrix": [[0.9999997268073376, 0.0003539796950652421, -0.0006489095666000176, 0.0], [-0.0003545281341023568, 0.9999995799309438, -0.0008452501038319215, 0.0], [0.0006486100926391802, 0.0008454799296136432, 0.999999432234157, 0.0], [0.0028021996840834618, 0.000409732514526695, 0.0222112238407135, 1.0]], "wheel_velocity_fl": -0.12782645225524902, "wheel_velocity_fr": 0.2639431059360504, "wheel_velocity_rl": 0.22171832621097565, "wheel_velocity_rr": 0.040739040821790695}}, {"current_time": 2.2666667848825455, "current_time_step": 136, "data": {"base_link_transform_matrix": [[0.9999997361911822, 0.0003236055845880608, -0.0006503053063977876, 0.0], [-0.0003241572833294947, 0.9999995875335496, -0.0008484425652117751, 0.0], [0.0006500304774163613, 0.0008486531425866017, 0.9999994286239478, 0.0], [0.0028173273894935846, 0.000410219538025558, 0.022210821509361267, 1.0]], "wheel_velocity_fl": -0.11617415398359299, "wheel_velocity_fr": 0.25530344247817993, "wheel_velocity_rl": 0.20711426436901093, "wheel_velocity_rr": 0.06966541707515717}}, {"current_time": 2.2833334524184465, "current_time_step": 137, "data": {"base_link_transform_matrix": [[0.9999997449663264, 0.0002920056189556704, -0.0006517668300586425, 0.0], [-0.00029256067164039746, 0.9999995945250265, -0.0008516795382558687, 0.0], [0.0006515178705727841, 0.0008518700023904623, 0.9999994249208163, 0.0], [0.0028320152778178453, 0.00041154614882543683, 0.02221056818962097, 1.0]], "wheel_velocity_fl": -0.14085280895233154, "wheel_velocity_fr": 0.26131317019462585, "wheel_velocity_rl": 0.22711680829524994, "wheel_velocity_rr": 0.010138758458197117}}, {"current_time": 2.3000001199543476, "current_time_step": 138, "data": {"base_link_transform_matrix": [[0.9999997524152241, 0.00026191701693835243, -0.0006531224745429371, 0.0], [-0.00026247524514287954, 0.9999996002394762, -0.0008547675903006923, 0.0], [0.0006528983352729274, 0.0008549388071548641, 0.9999994214015325, 0.0], [0.002847133670002222, 0.0004125733976252377, 0.02221018075942993, 1.0]], "wheel_velocity_fl": -0.13296201825141907, "wheel_velocity_fr": 0.26968756318092346, "wheel_velocity_rl": 0.2017282247543335, "wheel_velocity_rr": 0.033697087317705154}}, {"current_time": 2.3166667874902487, "current_time_step": 139, "data": {"base_link_transform_matrix": [[0.9999997586385521, 0.0002327375429808711, -0.0006546419430611229, 0.0], [-0.0002332992143132674, 0.999999604671885, -0.000858037033233373, 0.0], [0.0006544419868318561, 0.0008581895535872848, 0.9999994176080184, 0.0], [0.002862602472305298, 0.00041310364031232893, 0.02220979332923889, 1.0]], "wheel_velocity_fl": -0.1298384815454483, "wheel_velocity_fr": 0.30912914872169495, "wheel_velocity_rl": 0.1895093321800232, "wheel_velocity_rr": 0.05025627836585045}}, {"current_time": 2.3333334550261497, "current_time_step": 140, "data": {"base_link_transform_matrix": [[0.9999997642111698, 0.00020309617769104717, -0.0006559950819493259, 0.0], [-0.00020366123665408817, 0.999999608234531, -0.0008614249155441192, 0.0], [0.0006558198728453901, 0.0008615583131993748, 0.9999994138086119, 0.0], [0.0028780195862054825, 0.0004130782908760011, 0.022209569811820984, 1.0]], "wheel_velocity_fl": -0.1243191584944725, "wheel_velocity_fr": 0.31044697761535645, "wheel_velocity_rl": 0.40923601388931274, "wheel_velocity_rr": 0.05840383470058441}}, {"current_time": 2.350000122562051, "current_time_step": 141, "data": {"base_link_transform_matrix": [[0.9999997691802869, 0.0001717396562580347, -0.000657377261144001, 0.0], [-0.00017230800