{"Isaac Sim Data": [{"current_time": 0.950000049546361, "current_time_step": 57, "data": {"base_link_transform_matrix": [[0.9999995564973662, -0.0006500759915802367, 0.0006814736064132022, 0.0], [0.0006501360427087265, 0.9999997847981853, -8.79017006847751e-05, 0.0], [-0.0006814163169736113, 8.834471225382324e-05, 0.9999997639334796, 0.0], [-0.0021015936508774757, -0.000343902240274474, 0.02223806083202362, 1.0]], "wheel_velocity_fl": 0.3099534809589386, "wheel_velocity_fr": -0.15908075869083405, "wheel_velocity_rl": -0.4297461211681366, "wheel_velocity_rr": -0.516241192817688}}, {"current_time": 0.966666717082262, "current_time_step": 58, "data": {"base_link_transform_matrix": [[0.9999995431080592, -0.0006701477677885311, 0.0006816785476623247, 0.0], [0.0006702055479576823, 0.9999997718390083, -8.453670636169347e-05, 0.0], [-0.0006816217400448069, 8.499353248212066e-05, 0.9999997640839237, 0.0], [-0.0021498692221939564, -0.0003600417112465948, 0.022236749529838562, 1.0]], "wheel_velocity_fl": 0.2569487690925598, "wheel_velocity_fr": -0.1418703943490982, "wheel_velocity_rl": -0.46366846561431885, "wheel_velocity_rr": -0.5025850534439087}}, {"current_time": 0.9833333846181631, "current_time_step": 59, "data": {"base_link_transform_matrix": [[0.9999995301294413, -0.0006891833491604932, 0.0006817383720596544, 0.0], [0.000689238706261018, 0.9999997591970402, -8.096831160068403e-05, 0.0], [-0.0006816824058828719, 8.14381540296251e-05, 0.9999997643384345, 0.0], [-0.002198912901803851, -0.0003756203514058143, 0.02223546802997589, 1.0]], "wheel_velocity_fl": 0.22650054097175598, "wheel_velocity_fr": -0.1522475928068161, "wheel_velocity_rl": -0.47374293208122253, "wheel_velocity_rr": -0.5053820013999939}}, {"current_time": 1.0000000521540642, "current_time_step": 60, "data": {"base_link_transform_matrix": [[0.9999995182582083, -0.0007062107183639054, 0.0006817255845667674, 0.0], [0.0007062642133948269, 0.9999997475352377, -7.82324860068925e-05, 0.0], [-0.0006816701638349373, 7.871392670276971e-05, 0.999999764564925, 0.0], [-0.002248251810669899, -0.00039089415804482996, 0.0222339928150177, 1.0]], "wheel_velocity_fl": 0.17441774904727936, "wheel_velocity_fr": -0.027222145348787308, "wheel_velocity_rl": -0.4715615510940552, "wheel_velocity_rr": -0.5272530913352966}}, {"current_time": 1.0166667196899652, "current_time_step": 61, "data": {"base_link_transform_matrix": [[0.9999995049704367, -0.0007245430521254615, 0.0006819796530550587, 0.0], [0.0007245943218262983, 0.999999734673971, -7.493368039349362e-05, 0.0], [-0.0006819251794306061, 7.54278018833113e-05, 0.9999997646443205, 0.0], [-0.002298662904649973, -0.00040615678881295025, 0.022232741117477417, 1.0]], "wheel_velocity_fl": 0.18502773344516754, "wheel_velocity_fr": -0.11493639647960663, "wheel_velocity_rl": -0.4731720983982086, "wheel_velocity_rr": -0.5602020025253296}}, {"current_time": 1.0333333872258663, "current_time_step": 62, "data": {"base_link_transform_matrix": [[0.9999994888251936, -0.0007463570697825912, 0.0006821293689137073, 0.0], [0.0007464060117802255, 0.999999718883076, -7.149709353073488e-05, 0.0], [-0.0006820758147943717, 7.200620244499099e-05, 0.9999997647938171, 0.0], [-0.002349528018385172, -0.00042323116213083267, 0.02223104238510132, 1.0]], "wheel_velocity_fl": 0.25618159770965576, "wheel_velocity_fr": -0.1689663976430893, "wheel_velocity_rl": -0.5385181307792664, "wheel_velocity_rr": -0.6227176189422607}}, {"current_time": 1.0500000547617674, "current_time_step": 63, "data": {"base_link_transform_matrix": [[0.9999994710178851, -0.0007697091056007192, 0.000682284282987078, 0.0], [0.0007697553768573705, 0.9999997014562337, -6.755814669735124e-05, 0.0], [-0.0006822320791746881, 6.80833029556745e-05, 0.9999997649619994, 0.0], [-0.0024014096707105637, -0.00044051723671145737, 0.022229671478271484, 1.0]], "wheel_velocity_fl": 0.2368403822183609, "wheel_velocity_fr": -0.18458907306194305, "wheel_velocity_rl": -0.462531715631485, "wheel_velocity_rr": -0.6239701509475708}}, {"current_time": 1.0666667222976685, "current_time_step": 64, "data": {"base_link_transform_matrix": [[0.9999994527449851, -0.0007930839695752401, 0.0006822957917719118, 0.0], [0.0007931275480906225, 0.9999996834516754, -6.360221223604507e-05, 0.0], [-0.0006822451338973682, 6.414332501781606e-05, 0.999999765213578, 0.0], [-0.002454223809763789, -0.00045679023605771363, 0.022228077054023743, 1.0]], "wheel_velocity_fl": 0.1963612139225006, "wheel_velocity_fr": -0.1632280796766281, "wheel_velocity_rl": -0.47453540563583374, "wheel_velocity_rr": -0.7917514443397522}}, {"current_time": 1.0833333898335695, "current_time_step": 65, "data": {"base_link_transform_matrix": [[0.99999943440229, -0.0008157040494383358, 0.0006825115410897941, 0.0], [0.000815744830114341, 0.999999665511513, -5.9474651733952694e-05, 0.0], [-0.000682462799083283, 6.003137335636324e-05, 0.9999997653203535, 0.0], [-0.0025080416817218065, -0.00047271783114410937, 0.022226378321647644, 1.0]], "wheel_velocity_fl": 0.17001745104789734, "wheel_velocity_fr": -0.14656732976436615, "wheel_velocity_rl": -0.48714759945869446, "wheel_velocity_rr": -0.7208983898162842}}, {"current_time": 1.1000000573694706, "current_time_step": 66, "data": {"base_link_transform_matrix": [[0.9999994157395324, -0.0008383260194604355, 0.000682444194658084, 0.0], [0.0008383641795577263, 0.9999996470251928, -5.563265466337899e-05, 0.0], [-0.0006823973154705399, 5.620475892676662e-05, 0.999999765587437, 0.0], [-0.0025628614239394665, -0.0004890093696303666, 0.022224828600883484, 1.0]], "wheel_velocity_fl": 0.14501839876174927, "wheel_velocity_fr": -0.19819480180740356, "wheel_velocity_rl": -0.4829282760620117, "wheel_velocity_rr": -0.6676433086395264}}, {"current_time": 1.1166667249053717, "current_time_step": 67, "data": {"base_link_transform_matrix": [[0.9999993979977563, -0.0008591004143540006, 0.0006826057450216656, 0.0], [0.0008591358492057654, 0.9999996296104349, -5.1619623980400086e-05, 0.0], [-0.0006825611457512704, 5.220604397169255e-05, 0.9999997656923781, 0.0], [-0.002618466503918171, -0.0005056028021499515, 0.022223129868507385, 1.0]], "wheel_velocity_fl": 0.13372521102428436, "wheel_velocity_fr": -0.15946784615516663, "wheel_velocity_rl": -0.5305863618850708, "wheel_velocity_rr": -0.668959379196167}}, {"current_time": 1.1333333924412727, "current_time_step": 68, "data": {"base_link_transform_matrix": [[0.9999993837532644, -0.0008750021865087247, 0.0006832746630004379, 0.0], [0.0008750345502761835, 0.999999616049488, -4.706816973109157e-05, 0.0], [-0.0006832332159053513, 4.766602966293933e-05, 0.9999997654601337, 0.0], [-0.002676923293620348, -0.0005193353863433003, 0.022221416234970093, 1.0]], "wheel_velocity_fl": 0.048681389540433884, "wheel_velocity_fr": -0.10807685554027557, "wheel_velocity_rl": -0.6211419701576233, "wheel_velocity_rr": -0.7622572779655457}}, {"current_time": 1.1500000599771738, "current_time_step": 69, "data": {"base_link_transform_matrix": [[0.9999993656861288, -0.0008954571241652965, 0.0006832158361302802, 0.0], [0.000895486557574477, 0.9999995981369387, -4.277600024926279e-05, 0.0], [-0.0006831772574969064, 4.3387783713029155e-05, 0.9999997656931401, 0.0], [-0.00273548299446702, -0.0005337090697139502, 0.022219568490982056, 1.0]], "wheel_velocity_fl": 0.0821206271648407, "wheel_velocity_fr": -0.11251861602067947, "wheel_velocity_rl": -0.6384690999984741, "wheel_velocity_rr": -0.776522696018219}}, {"current_time": 1.1666667275130749, "current_time_step": 70, "data": {"base_link_transform_matrix": [[0.9999993460746824, -0.0009170512550140386, 0.0006832768129286585, 0.0], [0.0009170776191607703, 0.9999995787518371, -3.827255970068239e-05, 0.0], [-0.0006832414272006502, 3.889915254611501e-05, 0.9999997658339767, 0.0], [-0.0027942382730543613, -0.0005483331624418497, 0.022217631340026855, 1.0]], "wheel_velocity_fl": 0.04641186445951462, "wheel_velocity_fr": -0.12924319505691528, "wheel_velocity_rl": -0.5701383352279663, "wheel_velocity_rr": -0.7435575723648071}}, {"current_time": 1.183333395048976, "current_time_step": 71, "data": {"base_link_transform_matrix": [[0.9999993270303942, -0.0009373771656900136, 0.000683566242653785, 0.0], [0.0009374007930965, 0.9999995600534081, -3.4245342547314076e-05, 0.0], [-0.0006835338411190112, 3.488609503923705e-05, 0.9999997657821967, 0.0], [-0.00285450741648674, -0.0005619379808194935, 0.022215604782104492, 1.0]], "wheel_velocity_fl": -0.18664485216140747, "wheel_velocity_fr": -0.15693597495555878, "wheel_velocity_rl": -0.5652188062667847, "wheel_velocity_rr": -0.7607259750366211}}, {"current_time": 1.200000062584877, "current_time_step": 72, "data": {"base_link_transform_matrix": [[0.999999306491775, -0.000958882836706531, 0.0006837833534805892, 0.0], [0.0009589033629907996, 0.9999995398112722, -2.9691486154084912e-05, 0.0], [-0.0006837545681547282, 3.0347147720004715e-05, 0.9999997657793431, 0.0], [-0.0029144876170903444, -0.0005759893683716655, 0.022213533520698547, 1.0]], "wheel_velocity_fl": -0.006843726150691509, "wheel_velocity_fr": -0.1391155868768692, "wheel_velocity_rl": -0.559251070022583, "wheel_velocity_rr": -0.731128990650177}}, {"current_time": 1.216666730120778, "current_time_step": 73, "data": {"base_link_transform_matrix": [[0.9999992853543872, -0.0009806332736985346, 0.0006838487386113462, 0.0], [0.0009806506930099398, 0.9999995188460434, -2.5137619328434843e-05, 0.0], [-0.0006838237587888848, 2.5808218103378668e-05, 0.999999765859474, 0.0], [-0.002975259441882372, -0.0005898427916690707, 0.02221141755580902, 1.0]], "wheel_velocity_fl": -0.0018858759431168437, "wheel_velocity_fr": -0.12558294832706451, "wheel_velocity_rl": -0.546285092830658, "wheel_velocity_rr": -0.7437365055084229}}, {"current_time": 1.2333333976566792, "current_time_step": 74, "data": {"base_link_transform_matrix": [[0.9999992639686249, -0.0010020916114577493, 0.0006840136041949313, 0.0], [0.0010021060684368454, 0.9999994976754109, -2.079311399378341e-05, 0.0], [-0.0006839924239929694, 2.1478552873056222e-05, 0.9999997658464904, 0.0], [-0.003036698093637824, -0.0006037952261976898, 0.022209540009498596, 1.0]], "wheel_velocity_fl": -0.03151293843984604, "wheel_velocity_fr": -0.16872072219848633, "wheel_velocity_rl": -0.5519839525222778, "wheel_velocity_rr": -0.8344611525535583}}, {"current_time": 1.2500000651925802, "current_time_step": 75, "data": {"base_link_transform_matrix": [[0.9999992434553562, -0.0010222860010289903, 0.0006841199072367539, 0.0], [0.0010222975476076666, 0.9999994773171293, -1.6528529873781704e-05, 0.0], [-0.0006841026527742894, 1.7227891472648678e-05, 0.9999997658533527, 0.0], [-0.0030993942636996508, -0.0006163691869005561, 0.022207245230674744, 1.0]], "wheel_velocity_fl": -0.09807578474283218, "wheel_velocity_fr": -0.14006134867668152, "wheel_velocity_rl": -0.5263656377792358, "wheel_velocity_rr": -0.8418049812316895}}, {"current_time": 1.2666667327284813, "current_time_step": 76, "data": {"base_link_transform_matrix": [[0.999999222073181, -0.0010428981945234917, 0.0006842633912317211, 0.0], [0.001042906386725838, 0.9999994561055253, -1.1615591548293656e-05, 0.0], [-0.0006842509051851894, 1.2329205173131716e-05, 0.9999997658243173, 0.0], [-0.0031626152340322733, -0.0006289808661676943, 0.022205010056495667, 1.0]], "wheel_velocity_fl": -0.11519638448953629, "wheel_velocity_fr": -0.18126671016216278, "wheel_velocity_rl": -0.5191980600357056, "wheel_velocity_rr": -0.7003187537193298}}, {"current_time": 1.2833334002643824, "current_time_step": 77, "data": {"base_link_transform_matrix": [[0.9999992014555419, -0.0010624577833025096, 0.000684303834079538, 0.0], [0.001062462810694664, 0.9999994355618458, -6.983243169468654e-06, 0.0], [-0.000684296028431287, 7.710284967963801e-06, 0.999999765839721, 0.0], [-0.0032266525086015463, -0.0006413926021195948, 0.022202685475349426, 1.0]], "wheel_velocity_fl": -0.13300438225269318, "wheel_velocity_fr": -0.1292666643857956, "wheel_velocity_rl": -0.520150899887085, "wheel_velocity_rr": -0.8852165341377258}}, {"current_time": 1.3000000678002834, "current_time_step": 78, "data": {"base_link_transform_matrix": [[0.9999991795304974, -0.0010827508381446268, 0.0006845355757331108, 0.0], [0.0010827528068416096, 0.9999994138198693, -2.5053750519803953e-06, 0.0], [-0.0006845324617750203, 3.2465558124045355e-06, 0.9999997657023568, 0.0], [-0.0032913333270698786, -0.0006536871078424156, 0.022200584411621094, 1.0]], "wheel_velocity_fl": -0.13035841286182404, "wheel_velocity_fr": -0.08603957295417786, "wheel_velocity_rl": -0.5288883447647095, "wheel_velocity_rr": -0.9166041612625122}}, {"current_time": 1.3166667353361845, "current_time_step": 79, "data": {"base_link_transform_matrix": [[0.9999991532912981, -0.001106581354234406, 0.0006847586388325354, 0.0], [0.0011065799523614342, 0.999999387737274, 2.426118103684342e-06, 0.0], [-0.0006847609042774014, -1.668375867530644e-06, 0.9999997655498327, 0.0], [-0.003356654429808259, -0.000667853222694248, 0.022197991609573364, 1.0]], "wheel_velocity_fl": -0.02293824404478073, "wheel_velocity_fr": -0.18985098600387573, "wheel_velocity_rl": -0.5153050422668457, "wheel_velocity_rr": -0.947594940662384}}, {"current_time": 1.3333334028720856, "current_time_step": 80, "data": {"base_link_transform_matrix": [[0.9999991245254731, -0.0011322718144611522, 0.0006847691768448628, 0.0], [0.0011322670258051353, 0.9999993589582481, 7.3807256797281154e-06, 0.0], [-0.0006847770948668875, -6.605377658861629e-06, 0.9999997655183221, 0.0], [-0.0034230093006044626, -0.0006842432194389403, 0.022195711731910706, 1.0]], "wheel_velocity_fl": -0.4185643792152405, "wheel_velocity_fr": -0.27870917320251465, "wheel_velocity_rl": -0.5457333922386169, "wheel_velocity_rr": -0.9306313991546631}}, {"current_time": 1.3500000704079866, "current_time_step": 81, "data": {"base_link_transform_matrix": [[0.9999990965810523, -0.001156672989635487, 0.0006847953520668415, 0.0], [0.0011566643513909506, 0.999999330978932, 1.3010249561294616e-05, 0.0], [-0.0006848099425285796, -1.2218159435854717e-05, 0.9999997654430021, 0.0], [-0.003489855444058776, -0.0006999287870712578, 0.022193416953086853, 1.0]], "wheel_velocity_fl": 0.052273064851760864, "wheel_velocity_fr": -0.24646738171577454, "wheel_velocity_rl": -0.5880053639411926, "wheel_velocity_rr": -0.9898914098739624}}, {"current_time": 1.3666667379438877, "current_time_step": 82, "data": {"base_link_transform_matrix": [[0.9999990641324479, -0.0011842672086700861, 0.0006850148954072488, 0.0], [0.0011842547102029108, 0.9999992985962173, 1.8650869225883707e-05, 0.0], [-0.0006850365025480474, -1.7839619654695187e-05, 0.9999997652033416, 0.0], [-0.0035592082422226667, -0.0007167720468714833, 0.0221908837556839, 1.0]], "wheel_velocity_fl": 0.07495652884244919, "wheel_velocity_fr": -0.4403833746910095, "wheel_velocity_rl": -0.627727746963501, "wheel_velocity_rr": -1.0454754829406738}}, {"current_time": 1.3833334054797888, "current_time_step": 83, "data": {"base_link_transform_matrix": [[0.9999990280449789, -0.001214225163659435, 0.0006852491149410828, 0.0], [0.0012142084926336056, 0.9999992625424657, 2.474390992352851e-05, 0.0], [-0.0006852786542770366, -2.391185057862989e-05, 0.9999997649106671, 0.0], [-0.003629501210525632, -0.0007334608235396445, 0.02218833565711975, 1.0]], "wheel_velocity_fl": 0.030622337013483047, "wheel_velocity_fr": -0.4914500415325165, "wheel_velocity_rl": -0.5765444040298462, "wheel_velocity_rr": -1.0631135702133179}}, {"current_time": 1.4000000730156898, "current_time_step": 84, "data": {"base_link_transform_matrix": [[0.9999989887993491, -0.0012460880182056553, 0.0006853210417190165, 0.0], [0.0012460669499008736, 0.9999992231725431, 3.1168360236950706e-05, 0.0], [-0.0006853593478630528, -3.0314372819326844e-05, 0.9999997646817739, 0.0], [-0.00370031944476068, -0.0007498220074921846, 0.022185608744621277, 1.0]], "wheel_velocity_fl": 0.00578292366117239, "wheel_velocity_fr": -0.5352383852005005, "wheel_velocity_rl": -0.5833413004875183, "wheel_velocity_rr": -1.102854609489441}}, {"current_time": 1.416666740551591, "current_time_step": 85, "data": {"base_link_transform_matrix": [[0.999998951738132, -0.0012750234614026875, 0.0006861762237029028, 0.0], [0.0012749978277977934, 0.9999991864757714, 3.779331478582786e-05, 0.0], [-0.0006862238528449557, -3.691840197382941e-05, 0.9999997638668998, 0.0], [-0.0037739898543804884, -0.000763945747166872, 0.022183015942573547, 1.0]], "wheel_velocity_fl": -0.2908061146736145, "wheel_velocity_fr": -0.5805511474609375, "wheel_velocity_rl": -0.5930272340774536, "wheel_velocity_rr": -1.1634305715560913}}, {"current_time": 1.433333408087492, "current_time_step": 86, "data": {"base_link_transform_matrix": [[0.9999989112975921, -0.0013060528770708604, 0.0006867528760081361, 0.0], [0.0013060218024010795, 0.9999991461091354, 4.569520323506546e-05, 0.0], [-0.0006868119699477825, -4.4798239257659394e-05, 0.9999997631411898, 0.0], [-0.0038499413058161736, -0.0007776682614348829, 0.022180110216140747, 1.0]], "wheel_velocity_fl": -0.25263598561286926, "wheel_velocity_fr": -0.5762067437171936, "wheel_velocity_rl": -0.7248781323432922, "wheel_velocity_rr": -1.2058500051498413}}, {"current_time": 1.450000075623393, "current_time_step": 87, "data": {"base_link_transform_matrix": [[0.99999886447044, -0.0013413669021780461, 0.0006868716505950253, 0.0], [0.0013413306503807017, 0.999999098998598, 5.323606594656289e-05, 0.0], [-0.000686942440819568, -5.231468349761565e-05, 0.9999997626866003, 0.0], [-0.003926072269678116, -0.0007922144141048193, 0.02217729389667511, 1.0]], "wheel_velocity_fl": -0.05477071553468704, "wheel_velocity_fr": -0.5983625650405884, "wheel_velocity_rl": -0.6587428450584412, "wheel_velocity_rr": -1.1171493530273438}}, {"current_time": 1.4666667431592941, "current_time_step": 88, "data": {"base_link_transform_matrix": [[0.9999988177409254, -0.001375570648830832, 0.0006872569691272074, 0.0], [0.0013755292709260935, 0.9999990521183522, 6.067637055911055e-05, 0.0], [-0.0006873397823233578, -5.973095674623841e-05, 0.9999997619980899, 0.0], [-0.004002487286925316, -0.0008064035209827125, 0.022174254059791565, 1.0]], "wheel_velocity_fl": -0.2891606092453003, "wheel_velocity_fr": -0.5833653807640076, "wheel_velocity_rl": -0.667896032333374, "wheel_velocity_rr": -1.149366855621338}}, {"current_time": 1.4833334106951952, "current_time_step": 89, "data": {"base_link_transform_matrix": [[0.9999987690432189, -0.001410336216057778, 0.000687650932258356, 0.0], [0.0014102899442747987, 0.9999990032442607, 6.776989028294573e-05, 0.0], [-0.000687745825168967, -6.680001966620458e-05, 0.9999997612716902, 0.0], [-0.004079192411154509, -0.0008195369737222791, 0.02217116951942444, 1.0]], "wheel_velocity_fl": -0.2943578362464905, "wheel_velocity_fr": -0.6745444536209106, "wheel_velocity_rl": -0.6015353798866272, "wheel_velocity_rr": -1.2051750421524048}}, {"current_time": 1.5000000782310963, "current_time_step": 90, "data": {"base_link_transform_matrix": [[0.9999987184437853, -0.0014456774539201936, 0.0006878426319239562, 0.0], [0.0014456260614032466, 0.9999989522540627, 7.52068321010299e-05, 0.0], [-0.0006879506360611823, -7.421237248439336e-05, 0.9999997606081944, 0.0], [-0.004156325478106737, -0.0008332853903993964, 0.02216799557209015, 1.0]], "wheel_velocity_fl": -0.3222304880619049, "wheel_velocity_fr": -0.6829882860183716, "wheel_velocity_rl": -0.6047391891479492, "wheel_velocity_rr": -1.2699408531188965}}, {"current_time": 1.5166667457669973, "current_time_step": 91, "data": {"base_link_transform_matrix": [[0.9999986689380532, -0.0014794520771696956, 0.0006879997625346367, 0.0], [0.001479395591519979, 0.9999989022821174, 8.260292951519113e-05, 0.0], [-0.0006881212143806457, -8.158499574991442e-05, 0.9999997599165126, 0.0], [-0.004234582185745239, -0.0008462482364848256, 0.022164613008499146, 1.0]], "wheel_velocity_fl": -0.3262510895729065, "wheel_velocity_fr": -0.6905536651611328, "wheel_velocity_rl": -0.5966359376907349, "wheel_velocity_rr": -1.2827510833740234}}, {"current_time": 1.5333334133028984, "current_time_step": 92, "data": {"base_link_transform_matrix": [[0.9999986211021389, -0.0015114268902875925, 0.0006880280344337915, 0.0], [0.001511365242967984, 0.9999988538268868, 9.011112620730393e-05, 0.0], [-0.0006881634422138211, -8.907114029583394e-05, 0.9999997592486755, 0.0], [-0.004313865676522255, -0.0008582224254496396, 0.022161319851875305, 1.0]], "wheel_velocity_fl": -0.36769333481788635, "wheel_velocity_fr": -0.6386024355888367, "wheel_velocity_rl": -0.6063001155853271, "wheel_velocity_rr": -1.1435917615890503}}, {"current_time": 1.5500000808387995, "current_time_step": 93, "data": {"base_link_transform_matrix": [[0.9999985545200771, -0.0015554457294201136, 0.0006866923176815084, 0.0], [0.0015553810362709166, 0.9999987859069336, 9.4733789365662e-05, 0.0], [-0.0006868388372412274, -9.366558422119672e-05, 0.9999997597395561, 0.0], [-0.0043990942649543285, -0.0008696232107467949, 0.022158607840538025, 1.0]], "wheel_velocity_fl": -0.43261954188346863, "wheel_velocity_fr": -1.0483901500701904, "wheel_velocity_rl": -0.5641555786132812, "wheel_velocity_rr": -1.3752224445343018}}, {"current_time": 1.5666667483747005, "current_time_step": 94, "data": {"base_link_transform_matrix": [[0.9999985084303343, -0.0015848958908066114, 0.0006864707726997272, 0.0], [0.0015848248994140748, 0.9999987387617706, 0.00010394665123770107, 0.0], [-0.0006866346515169551, -0.0001028585602207347, 0.9999997589764569, 0.0], [-0.00448387349024415, -0.000883778091520071, 0.022154957056045532, 1.0]], "wheel_velocity_fl": -0.4019230604171753, "wheel_velocity_fr": -0.8904677033424377, "wheel_velocity_rl": -0.7708358764648438, "wheel_velocity_rr": -1.211566686630249}}, {"current_time": 1.5833334159106016, "current_time_step": 95, "data": {"base_link_transform_matrix": [[0.9999984721705367, -0.001607655410656854, 0.0006863677387695049, 0.0], [0.0016075795628573888, 0.9999987016778061, 0.00011104346530458398, 0.0], [-0.0006865453672708514, -0.0001099399048996555, 0.9999997582843088, 0.0], [-0.004566691815853119, -0.0008983730222098529, 0.022151485085487366, 1.0]], "wheel_velocity_fl": -0.38742345571517944, "wheel_velocity_fr": -0.8765236139297485, "wheel_velocity_rl": -0.7543656826019287, "wheel_velocity_rr": -1.1242287158966064}}, {"current_time": 1.6000000834465027, "current_time_step": 96, "data": {"base_link_transform_matrix": [[0.9999984292870899, -0.0016340228914104326, 0.0006865803255553593, 0.0], [0.001633942383294494, 0.9999986581763369, 0.0001178041326588645, 0.0], [-0.0006867718989350991, -0.00011668211492893142, 0.999999757364792, 0.0], [-0.004651451483368874, -0.0009102398180402815, 0.02214770019054413, 1.0]], "wheel_velocity_fl": -0.42854657769203186, "wheel_velocity_fr": -0.800061047077179, "wheel_velocity_rl": -0.7650099396705627, "wheel_velocity_rr": -1.2824252843856812}}, {"current_time": 1.6166667509824038, "current_time_step": 97, "data": {"base_link_transform_matrix": [[0.9999983842306349, -0.0016612339376588282, 0.0006869045958769749, 0.0], [0.0016611484955409569, 0.9999986124869996, 0.0001249389908748411, 0.0], [-0.0006871111956796963, -0.00012379773846622592, 0.9999997562761327, 0.0], [-0.004738487768918276, -0.0009208180708810687, 0.022143691778182983, 1.0]], "wheel_velocity_fl": -0.5029215216636658, "wheel_velocity_fr": -0.8090490698814392, "wheel_velocity_rl": -0.8435551524162292, "wheel_velocity_rr": -1.2499542236328125}}, {"current_time": 1.6333334185183048, "current_time_step": 98, "data": {"base_link_transform_matrix": [[0.9999983385189058, -0.0016883270686652223, 0.0006873944551844854, 0.0], [0.001688236665788552, 0.999998566205643, 0.00013207429222641362, 0.0], [-0.000687616454204835, -0.00013091358826437186, 0.9999997550225922, 0.0], [-0.004824888426810503, -0.0009345196303911507, 0.022139832377433777, 1.0]], "wheel_velocity_fl": -0.37211769819259644, "wheel_velocity_fr": -0.9664778709411621, "wheel_velocity_rl": -0.8725214600563049, "wheel_velocity_rr": -1.1785515546798706}}, {"current_time": 1.650000086054206, "current_time_step": 99, "data": {"base_link_transform_matrix": [[0.999998289823753, -0.0017166761902728642, 0.0006880206587282114, 0.0], [0.001716580155939861, 0.9999985168546187, 0.00014014681975885572, 0.0], [-0.0006882602250021716, -0.000138965537473444, 0.9999997534931907, 0.0], [-0.004911729134619236, -0.0009491503005847335, 0.022135987877845764, 1.0]], "wheel_velocity_fl": -0.38870880007743835, "wheel_velocity_fr": -1.0429363250732422, "wheel_velocity_rl": -0.8794483542442322, "wheel_velocity_rr": -1.1826138496398926}}, {"current_time": 1.666666753590107, "current_time_step": 100, "data": {"base_link_transform_matrix": [[0.9999982417072097, -0.001743928873346452, 0.0006894161106684178, 0.0], [0.0017438268458416836, 0.9999984684970725, 0.00014856460297247434, 0.0], [-0.000689674140926307, -0.00014736211943066472, 0.9999997513169616, 0.0], [-0.004998736083507538, -0.0009639927884563804, 0.02213233709335327, 1.0]], "wheel_velocity_fl": -0.46795788407325745, "wheel_velocity_fr": -1.2122797966003418, "wheel_velocity_rl": -0.9253566265106201, "wheel_velocity_rr": -1.1578115224838257}}, {"current_time": 1.683333421126008, "current_time_step": 101, "data": {"base_link_transform_matrix": [[0.9999981886910184, -0.0017736705863409326, 0.000690439956520561, 0.0], [0.00177356190739098, 0.9999984147580644, 0.00015798581837789965, 0.0], [-0.0006907190768053039, -0.00015676099421054233, 0.9999997491665423, 0.0], [-0.005087611731141806, -0.0009786542505025864, 0.022128239274024963, 1.0]], "wheel_velocity_fl": -0.48911651968955994, "wheel_velocity_fr": -1.336714267730713, "wheel_velocity_rl": -0.919694185256958, "wheel_velocity_rr": -1.2626861333847046}}, {"current_time": 1.700000088661909, "current_time_step": 102, "data": {"base_link_transform_matrix": [[0.9999981362401061, -0.0018025027825425992, 0.0006917369681567179, 0.0], [0.0018023867426551668, 0.9999983615307974, 0.00016833820313261576, 0.0], [-0.000692039264846554, -0.00016709111184981401, 0.999999746581076, 0.0], [-0.005176991689950228, -0.000991902081295848, 0.022124439477920532, 1.0]], "wheel_velocity_fl": -0.42895469069480896, "wheel_velocity_fr": -1.3494065999984741, "wheel_velocity_rl": -0.8900985717773438, "wheel_velocity_rr": -1.0562033653259277}}, {"current_time": 1.7166667561978102, "current_time_step": 103, "data": {"base_link_transform_matrix": [[0.9999981049246662, -0.001822460576131134, 0.0006846784096677541, 0.0], [0.0018223419076420597, 0.9999983244122922, 0.00017390393804245523, 0.0], [-0.0006849941955001434, -0.00017265589032219652, 0.9999997504864168, 0.0], [-0.005267460830509663, -0.0010059404885396361, 0.022119730710983276, 1.0]], "wheel_velocity_fl": -1.1350734233856201, "wheel_velocity_fr": -1.5216401815414429, "wheel_velocity_rl": -0.996203601360321, "wheel_velocity_rr": -1.1229358911514282}}, {"current_time": 1.7333334237337112, "current_time_step": 104, "data": {"base_link_transform_matrix": [[0.9999981198712266, -0.0018139004796904627, 0.0006855793621016609, 0.0], [0.001813777068244419, 0.9999983387987381, 0.0001805893432278167, 0.0], [-0.0006859057943126674, -0.0001793455155711547, 0.9999997486841821, 0.0], [-0.005347427446395159, -0.0010233126813545823, 0.022116288542747498, 1.0]], "wheel_velocity_fl": -0.9752196669578552, "wheel_velocity_fr": -1.004773736000061, "wheel_velocity_rl": -1.3575443029403687, "wheel_velocity_rr": -0.2943057119846344}}, {"current_time": 1.7500000912696123, "current_time_step": 105, "data": {"base_link_transform_matrix": [[0.9999981895507815, -0.001776082403032821, 0.0006829542128860899, 0.0], [0.0017759622326481844, 0.9999984073976329, 0.00017652293339582415, 0.0], [-0.0006832666444873298, -0.00017530971292130365, 0.9999997512065676, 0.0], [-0.005415184888988733, -0.0010496405884623528, 0.022114232182502747, 1.0]], "wheel_velocity_fl": -0.7350205779075623, "wheel_velocity_fr": -0.6477264761924744, "wheel_velocity_rl": -1.2095147371292114, "wheel_velocity_rr": -0.31002506613731384}}, {"current_time": 1.7666667588055134, "current_time_step": 106, "data": {"base_link_transform_matrix": [[0.999998256817673, -0.0017381050880489871, 0.0006821673682601258, 0.0], [0.0017379871923519702, 0.9999984746687939, 0.00017337994332215578, 0.0], [-0.0006824676802906051, -0.00017219404294022616, 0.9999997522935078, 0.0], [-0.005483229644596577, -0.0010724358726292849, 0.022111594676971436, 1.0]], "wheel_velocity_fl": -0.8124713897705078, "wheel_velocity_fr": -0.6548097133636475, "wheel_velocity_rl": -1.1085894107818604, "wheel_velocity_rr": -0.5433726906776428}}, {"current_time": 1.7833334263414145, "current_time_step": 107, "data": {"base_link_transform_matrix": [[0.9999983462152885, -0.001686587841403908, 0.0006804323193185946, 0.0], [0.0016864734233566511, 0.9999985636738885, 0.00016869366402164052, 0.0], [-0.000680715858678548, -0.0001675458540157143, 0.9999997542771231, 0.0], [-0.005551212467253208, -0.0010929006384685636, 0.022109106183052063, 1.0]], "wheel_velocity_fl": -0.8381250500679016, "wheel_velocity_fr": -0.5485933423042297, "wheel_velocity_rl": -1.6031062602996826, "wheel_velocity_rr": -0.5756821632385254}}, {"current_time": 1.8000000938773155, "current_time_step": 108, "data": {"base_link_transform_matrix": [[0.9999984446122061, -0.0016278496912677895, 0.0006788803659043839, 0.0], [0.001627739669149211, 0.9999986620139293, 0.00016258511856125476, 0.0], [-0.0006791441217069654, -0.0001614798251761568, 0.9999997563437343, 0.0], [-0.005613747052848339, -0.001111552119255066, 0.02210657298564911, 1.0]], "wheel_velocity_fl": -0.8325437307357788, "wheel_velocity_fr": -0.40920016169548035, "wheel_velocity_rl": -1.5742697715759277, "wheel_velocity_rr": -0.5546562671661377}}, {"current_time": 1.8166667614132166, "current_time_step": 109, "data": {"base_link_transform_matrix": [[0.9999985514572342, -0.0015614108422870479, 0.0006775541417701478, 0.0], [0.0015613063002419842, 0.9999987691798481, 0.00015479478555966315, 0.0], [-0.0006777950060793585, -0.00015373669178249557, 0.9999997584794506, 0.0], [-0.005673987325280905, -0.0011245593195781112, 0.022104337811470032, 1.0]], "wheel_velocity_fl": -0.8222825527191162, "wheel_velocity_fr": -0.20013287663459778, "wheel_velocity_rl": -1.4841183423995972, "wheel_velocity_rr": -0.5296280384063721}}, {"current_time": 1.8333334289491177, "current_time_step": 110, "data": {"base_link_transform_matrix": [[0.9999986591250968, -0.0014912368401341959, 0.000676727932889846, 0.0], [0.0014911380040581017, 0.99999887751743, 0.00014653099634411734, 0.0], [-0.0006769456856945067, -0.00014552170512524204, 0.9999997602839572, 0.0], [-0.005732487887144089, -0.001136714592576027, 0.02210211753845215, 1.0]], "wheel_velocity_fl": -0.9178112745285034, "wheel_velocity_fr": -0.2592872083187103, "wheel_velocity_rl": -1.448934555053711, "wheel_velocity_rr": -0.6619184613227844}}, {"current_time": 1.8500000964850187, "current_time_step": 111, "data": {"base_link_transform_matrix": [[0.999998757508187, -0.0014243264737545472, 0.0006754821820486907, 0.0], [0.0014242328376027024, 0.9999989761079907, 0.00013908197060836714, 0.0], [-0.0006756795885606415, -0.00013811975389526804, 0.9999997621899853, 0.0], [-0.00578771997243166, -0.0011508549796417356, 0.022099792957305908, 1.0]], "wheel_velocity_fl": -0.7659921050071716, "wheel_velocity_fr": -0.2897931635379791, "wheel_velocity_rl": -1.2556474208831787, "wheel_velocity_rr": -0.6299179792404175}}, {"current_time": 1.8666667640209198, "current_time_step": 112, "data": {"base_link_transform_matrix": [[0.9999988548597298, -0.0013548102653077587, 0.0006743651636419162, 0.0], [0.001354721943703299, 0.9999990737295622, 0.0001314095614549543, 0.0], [-0.0006745425740202197, -0.0001304958336873188, 0.9999997639815488, 0.0], [-0.0058412374928593636, -0.001165234949439764, 0.0220976322889328, 1.0]], "wheel_velocity_fl": -0.7339968085289001, "wheel_velocity_fr": -0.2903263568878174, "wheel_velocity_rl": -1.4560809135437012, "wheel_velocity_rr": -0.6965286135673523}}, {"current_time": 1.8833334315568209, "current_time_step": 113, "data": {"base_link_transform_matrix": [[0.9999989444247482, -0.001287459350227018, 0.0006734967043060206, 0.0], [0.0012873766386760058, 0.9999991637377447, 0.0001232282500286535, 0.0], [-0.0006736547924488592, -0.0001223610760286136, 0.9999997656084664, 0.0], [-0.005893354769796133, -0.001177637604996562, 0.02209530770778656, 1.0]], "wheel_velocity_fl": -0.7200995087623596, "wheel_velocity_fr": -0.27005115151405334, "wheel_velocity_rl": -1.304822325706482, "wheel_velocity_rr": -0.7336838841438293}}, {"current_time": 1.900000099092722, "current_time_step": 114, "data": {"base_link_transform_matrix": [[0.9999990358932116, -0.0012148974381126756, 0.00067248558506095, 0.0], [0.001214820366615964, 0.9999992554925559, 0.00011500352543618725, 0.0], [-0.0006726248018788521, -0.00011418646537551999, 0.9999997672686364, 0.0], [-0.005944869481027126, -0.0011908212909474969, 0.02209329605102539, 1.0]], "wheel_velocity_fl": -0.7906505465507507, "wheel_velocity_fr": -0.2662760019302368, "wheel_velocity_rl": -1.4906498193740845, "wheel_velocity_rr": -0.6570376753807068}}, {"current_time": 1.916666766628623, "current_time_step": 115, "data": {"base_link_transform_matrix": [[0.9999991209298968, -0.0011432331809254673, 0.00067168246040728, 0.0], [0.0011431621667518889, 0.9999993409612845, 0.00010610022225695618, 0.0], [-0.0006718033150371218, -0.00010533228701061443, 0.9999997687926809, 0.0], [-0.005995488725602627, -0.0012029737699776888, 0.022090867161750793, 1.0]], "wheel_velocity_fl": -0.7490678429603577, "wheel_velocity_fr": -0.29032376408576965, "wheel_velocity_rl": -1.5447875261306763, "wheel_velocity_rr": -0.7071656584739685}}, {"current_time": 1.933333434164524, "current_time_step": 116, "data": {"base_link_transform_matrix": [[0.9999992094517771, -0.0010634236901432617, 0.0006709887302000584, 0.0], [0.0010633591888836488, 0.9999994299794426, 9.647810768178601e-05, 0.0], [-0.0006710909448279774, -9.576452937929382e-05, 0.999999770233023, 0.0], [-0.006045449059456587, -0.0012158912140876055, 0.022088557481765747, 1.0]], "wheel_velocity_fl": -0.7245606780052185, "wheel_velocity_fr": -0.42561987042427063, "wheel_velocity_rl": -1.5870784521102905, "wheel_velocity_rr": -0.5770021080970764}}, {"current_time": 1.9500001017004251, "current_time_step": 117, "data": {"base_link_transform_matrix": [[0.9999992894658271, -0.00098559930142538, 0.0006705683097151964, 0.0], [0.0009855415479376466, 0.9999995106169067, 8.645116717786903e-05, 0.0], [-0.0006706531877603807, -8.579023282140581e-05, 0.9999997714321427, 0.0], [-0.006095293443650007, -0.0012278597569093108, 0.02208644151687622, 1.0]], "wheel_velocity_fl": -0.6847054958343506, "wheel_velocity_fr": -0.37535035610198975, "wheel_velocity_rl": -1.5100752115249634, "wheel_velocity_rr": -0.7270671129226685}}, {"current_time": 1.9666667692363262, "current_time_step": 118, "data": {"base_link_transform_matrix": [[0.99999936074737, -0.0009110379649254988, 0.0006697123845436226, 0.0], [0.0009109864022283222, 0.9999995820646715, 7.729331855578405e-05, 0.0], [-0.0006697825217947966, -7.668317027010373e-05, 0.9999997727555067, 0.0], [-0.0061454735696315765, -0.0012379364343360066, 0.022084027528762817, 1.0]], "wheel_velocity_fl": -0.7756118774414062, "wheel_velocity_fr": -0.3653356730937958, "wheel_velocity_rl": -1.4760620594024658, "wheel_velocity_rr": -0.7757733464241028}}, {"current_time": 1.9833334367722273, "current_time_step": 119, "data": {"base_link_transform_matrix": [[0.9999994256894335, -0.0008375716690952699, 0.0006686512561261188, 0.0], [0.0008375259853621866, 0.999999646922118, 6.859929545501807e-05, 0.0], [-0.0006687084768665425, -6.803924325556714e-05, 0.9999997740997917, 0.0], [-0.006195476278662682, -0.0012464545434340835, 0.02208174765110016, 1.0]], "wheel_velocity_fl": -0.7879626154899597, "wheel_velocity_fr": -0.3280278742313385, "wheel_velocity_rl": -1.0277390480041504, "wheel_velocity_rr": -0.8781482577323914}}, {"current_time": 2.0000001043081284, "current_time_step": 120, "data": {"base_link_transform_matrix": [[0.9999994888939296, -0.0007609060652929382, 0.0006657580936610946, 0.0], [0.0007608714643034518, 0.9999997091735894, 5.222404993909386e-05, 0.0], [-0.0006657976376374107, -5.171746691146912e-05, 0.9999997770193798, 0.0], [-0.006250122562050819, -0.0012631651479750872, 0.02207981050014496, 1.0]], "wheel_velocity_fl": -0.8413057923316956, "wheel_velocity_fr": -0.24342919886112213, "wheel_velocity_rl": -1.6765238046646118, "wheel_velocity_rr": -1.1942356824874878}}, {"current_time": 2.0166667718440294, "current_time_step": 121, "data": {"base_link_transform_matrix": [[0.9999995501961023, -0.0006780253090231919, 0.0006632414894665749, 0.0], [0.0006779946781961073, 0.9999997690847643, 4.640726771206151e-05, 0.0], [-0.0006632728016160415, -4.5957572637674414e-05, 0.9999997789785217, 0.0], [-0.006303839385509491, -0.0012824040604755282, 0.022077471017837524, 1.0]], "wheel_velocity_fl": -0.8754111528396606, "wheel_velocity_fr": -0.21165089309215546, "wheel_velocity_rl": -2.221390962600708, "wheel_velocity_rr": -0.6331038475036621}}, {"current_time": 2.0333334393799305, "current_time_step": 122, "data": {"base_link_transform_matrix": [[0.9999995954148804, -0.000616262227504739, 0.000655279285825712, 0.0], [0.0006162319922662744, 0.999999809055262, 4.634189632731283e-05, 0.0], [-0.0006553077194638378, -4.5938073518275966e-05, 0.9999997842307198, 0.0], [-0.006355596240609884, -0.0013039049226790667, 0.022078663110733032, 1.0]], "wheel_velocity_fl": -0.6548624038696289, "wheel_velocity_fr": 0.043045852333307266, "wheel_velocity_rl": -3.394200325012207, "wheel_velocity_rr": -1.057299256324768}}, {"current_time": 2.0500001069158316, "current_time_step": 123, "data": {"base_link_transform_matrix": [[0.9999996367182945, -0.0005382326056007373, 0.0006609606201481695, 0.0], [0.0005382114460691701, 0.9999998546460869, 3.2190752482381976e-05, 0.0], [-0.0006609778501875418, -3.183500421690579e-05, 0.9999997810473831, 0.0], [-0.0064096469432115555, -0.0013332524104043841, 0.02207273244857788, 1.0]], "wheel_velocity_fl": -0.8178226947784424, "wheel_velocity_fr": -0.4564291536808014, "wheel_velocity_rl": -2.1556684970855713, "wheel_velocity_rr": -0.8177611231803894}}, {"current_time": 2.0666667744517326, "current_time_step": 124, "data": {"base_link_transform_matrix": [[0.9999996637272222, -0.0004917822321103414, 0.0006562740881517387, 0.0], [0.0004917736853052562, 0.999999878992398, 1.318453060401317e-05, 0.0], [-0.0006562804926554749, -1.286178784351371e-05, 0.9999997845652214, 0.0], [-0.00645848736166954, -0.001355771441012621, 0.0220700204372406, 1.0]], "wheel_velocity_fl": -0.24861371517181396, "wheel_velocity_fr": -0.27949923276901245, "wheel_velocity_rl": -1.6024020910263062, "wheel_velocity_rr": -1.4911381006240845}}, {"current_time": 2.0833334419876337, "current_time_step": 125, "data": {"base_link_transform_matrix": [[0.9999996819892835, -0.0004641218771639015, 0.0006485462321048647, 0.0], [0.00046411755419529686, 0.9999998922742125, 6.816114020952321e-06, 0.0], [-0.0006485493257473453, -6.515110162327932e-06, 0.9999997896706406, 0.0], [-0.006498831324279308, -0.001371277729049325, 0.022069349884986877, 1.0]], "wheel_velocity_fl": 0.42342472076416016, "wheel_velocity_fr": -0.19043105840682983, "wheel_velocity_rl": -1.3723713159561157, "wheel_velocity_rr": -1.292946457862854}}, {"current_time": 2.1000001095235348, "current_time_step": 126, "data": {"base_link_transform_matrix": [[0.9999996882582007, -0.0004592532012510947, 0.0006423161204123051, 0.0], [0.00045925449121722134, 0.9999998945409193, -1.8608122818400238e-06, 0.0], [-0.0006423151980902402, 2.1557982648276277e-06, 0.9999997937132481, 0.0], [-0.006526249460875988, -0.0013737028930336237, 0.022067934274673462, 1.0]], "wheel_velocity_fl": 0.848461389541626, "wheel_velocity_fr": -0.07765474170446396, "wheel_velocity_rl": -1.2679462432861328, "wheel_velocity_rr": -1.1240187883377075}}, {"current_time": 2.