{"Isaac Sim Data": [{"current_time": 1.1000000573694706, "current_time_step": 66, "data": {"base_link_transform_matrix": [[0.999998561909662, 0.0016743032576034753, -0.0002699763130263849, 0.0], [-0.0016744397865368472, 0.9999984699665551, -0.0005062765549395826, 0.0], [0.00026912823946841297, 0.0005067278859481145, 0.9999998353984066, 0.0], [-0.0006088055088184774, -0.00032777152955532074, 0.02221056818962097, 1.0]], "wheel_velocity_fl": -0.17054273188114166, "wheel_velocity_fr": -1.2137547731399536, "wheel_velocity_rl": -0.2914474904537201, "wheel_velocity_rr": 0.18605899810791016}}, {"current_time": 1.1166667249053717, "current_time_step": 67, "data": {"base_link_transform_matrix": [[0.9999985601904435, 0.001673596332620992, -0.00028052157710687075, 0.0], [-0.0016737434080272265, 0.9999984615405698, -0.0005248804603893857, 0.0], [0.000279642707522233, 0.0005253492258019749, 0.9999998229040579, 0.0], [-0.0006168351392261684, -0.00033010588958859444, 0.02221064269542694, 1.0]], "wheel_velocity_fl": -0.10750821232795715, "wheel_velocity_fr": -1.3299599885940552, "wheel_velocity_rl": -0.34446993470191956, "wheel_velocity_rr": 0.1870681345462799}}, {"current_time": 1.1333333924412727, "current_time_step": 68, "data": {"base_link_transform_matrix": [[0.9999985591542935, 0.0016727246519882902, -0.00028927767920381456, 0.0], [-0.0016728807336802926, 0.9999984548479572, -0.0005401590033584982, 0.0], [0.00028837369494490644, 0.0005406421521289411, 0.9999998122733201, 0.0], [-0.0006237671477720141, -0.00033132266253232956, 0.022210463881492615, 1.0]], "wheel_velocity_fl": -0.04895171895623207, "wheel_velocity_fr": -1.4091978073120117, "wheel_velocity_rl": -0.3733275830745697, "wheel_velocity_rr": 0.19272831082344055}}, {"current_time": 1.1500000599771738, "current_time_step": 69, "data": {"base_link_transform_matrix": [[0.9999985584597183, 0.0016718451756536712, -0.0002966684918233943, 0.0], [-0.0016720091250326894, 0.9999984491486644, -0.0005532501710172124, 0.0], [0.0002957430831053228, 0.0005537454059102435, 0.9999998029510077, 0.0], [-0.0006296933279372752, -0.0003317444061394781, 0.02221056818962097, 1.0]], "wheel_velocity_fl": 0.01383194699883461, "wheel_velocity_fr": -1.5006111860275269, "wheel_velocity_rl": -0.45925161242485046, "wheel_velocity_rr": 0.1930549591779709}}, {"current_time": 1.1666667275130749, "current_time_step": 70, "data": {"base_link_transform_matrix": [[0.9999985576978523, 0.0016710267795091902, -0.00030376260042765655, 0.0], [-0.00167119840590202, 0.9999984435788263, -0.0005656286883218462, 0.0], [0.000302816946959669, 0.0005661355200879815, 0.9999997938962135, 0.0], [-0.0006350048934109509, -0.0003316145739518106, 0.02221047878265381, 1.0]], "wheel_velocity_fl": 0.05468873679637909, "wheel_velocity_fr": -1.6126970052719116, "wheel_velocity_rl": -0.5106320977210999, "wheel_velocity_rr": 0.18925435841083527}}, {"current_time": 1.183333395048976, "current_time_step": 71, "data": {"base_link_transform_matrix": [[0.9999985572083361, 0.0016700440305941248, -0.00031069950451308203, 0.0], [-0.001670223549269289, 0.999998437885211, -0.0005784292810846928, 0.0], [0.0003097330167967947, 0.0005789473841609319, 0.9999997844426691, 0.0], [-0.0006397613906301558, -0.0003312107583042234, 0.022210493683815002, 1.0]], "wheel_velocity_fl": 0.10288218408823013, "wheel_velocity_fr": -1.6743886470794678, "wheel_velocity_rl": -0.5537136197090149, "wheel_velocity_rr": 0.20422373712062836}}, {"current_time": 1.200000062584877, "current_time_step": 72, "data": {"base_link_transform_matrix": [[0.9999985563935273, 0.0016691942326848425, -0.00031780729213294417, 0.0], [-0.0016693820654445231, 0.999998431536652, -0.0005916821405771512, 0.0], [0.00031681916124722074, 0.0005922118282147376, 0.9999997744553594, 0.0], [-0.0006442828453145921, -0.00033069722121581435, 0.022210612893104553, 1.0]], "wheel_velocity_fl": 0.3662174344062805, "wheel_velocity_fr": -1.6887223720550537, "wheel_velocity_rl": -0.6209068894386292, "wheel_velocity_rr": 0.22194203734397888}}, {"current_time": 1.216666730120778, "current_time_step": 73, "data": {"base_link_transform_matrix": [[0.9999985534040294, 0.0016700830435597447, -0.0003225096528845651, 0.0], [-0.0016702766690164827, 0.9999984244634165, -0.0006010378803790239, 0.0], [0.00032150536158625034, 0.0006015756912687936, 0.999999767370468, 0.0], [-0.0006471725646406412, -0.0003272761241532862, 0.022210940718650818, 1.0]], "wheel_velocity_fl": 0.13472086191177368, "wheel_velocity_fr": -1.3479863405227661, "wheel_velocity_rl": -0.583809494972229, "wheel_velocity_rr": 0.2138679474592209}}, {"current_time": 1.2333333976566792, "current_time_step": 74, "data": {"base_link_transform_matrix": [[0.9999985522747596, 0.0016719461539987125, -0.0003162980286295857, 0.0], [-0.0016721323624146742, 0.999998428309107, -0.0005893663361944687, 0.0], [0.000315312142727758, 0.0005898943751237875, 0.9999997763014145, 0.0], [-0.0006493913242593408, -0.0003236010961700231, 0.022210687398910522, 1.0]], "wheel_velocity_fl": 0.313445508480072, "wheel_velocity_fr": -1.6567294597625732, "wheel_velocity_rl": -0.6947188377380371, "wheel_velocity_rr": 0.24128471314907074}}, {"current_time": 1.2500000651925802, "current_time_step": 75, "data": {"base_link_transform_matrix": [[0.9999985534561995, 0.0016713697520543533, -0.0003156083974725859, 0.0], [-0.0016715548559022915, 0.9999984305793522, -0.000587148359507424, 0.0], [0.00031462656014220126, 0.0005876750669209634, 0.999999777824047, 0.0], [-0.0006534173735417426, -0.00032284657936543226, 0.02221059799194336, 1.0]], "wheel_velocity_fl": 0.3131857216358185, "wheel_velocity_fr": -1.6432929039001465, "wheel_velocity_rl": -0.6500165462493896, "wheel_velocity_rr": 0.23525631427764893}}, {"current_time": 1.2666667327284813, "current_time_step": 76, "data": {"base_link_transform_matrix": [[0.9999985559649422, 0.001670616739115795, -0.00031162115011133367, 0.0], [-0.0016707968323776115, 0.9999984368510547, -0.0005785614851410017, 0.0], [0.00031065410849937734, 0.000579081305308442, 0.99999978407941, 0.0], [-0.0006569961551576853, -0.0003219854843337089, 0.022210463881492615, 1.0]], "wheel_velocity_fl": 0.1853671371936798, "wheel_velocity_fr": -1.8289732933044434, "wheel_velocity_rl": -0.6366946697235107, "wheel_velocity_rr": 0.22746141254901886}}, {"current_time": 1.2833334002643824, "current_time_step": 77, "data": {"base_link_transform_matrix": [[0.999998557011218, 0.0016693167059535906, -0.000315209798491313, 0.0], [-0.0016695008047580165, 0.9999984354484226, -0.0005846945953468537, 0.0], [0.00031423326487343224, 0.0005852199946513606, 0.9999997793874822, 0.0], [-0.0006605522357858717, -0.00032123352866619825, 0.022210359573364258, 1.0]], "wheel_velocity_fl": 0.3463580310344696, "wheel_velocity_fr": -1.7674849033355713, "wheel_velocity_rl": -0.6364264488220215, "wheel_velocity_rr": 0.23505546152591705}}, {"current_time": 1.3000000678002834, "current_time_step": 78, "data": {"base_link_transform_matrix": [[0.9999985562851309, 0.0016690639598788547, -0.00031883091391928875, 0.0], [-0.0016692524657610926, 0.9999984316284266, -0.0005918926360744304, 0.0], [0.00031784250720695714, 0.0005924239908394514, 0.9999997740049523, 0.0], [-0.0006629247800447047, -0.0003191751893609762, 0.02221064269542694, 1.0]], "wheel_velocity_fl": 0.33414381742477417, "wheel_velocity_fr": -1.6299762725830078, "wheel_velocity_rl": -0.6875085234642029, "wheel_velocity_rr": 0.23919261991977692}}, {"current_time": 1.3166667353361845, "current_time_step": 79, "data": {"base_link_transform_matrix": [[0.9999985532512133, 0.001670500683025918, -0.0003208160659125628, 0.0], [-0.001670691898598975, 0.9999984263744931, -0.0005966884592250997, 0.0], [0.00031981879258952925, 0.0005972235807690559, 0.9999997705199409, 0.0], [-0.0006638586637564003, -0.0003148360410705209, 0.022210881114006042, 1.0]], "wheel_velocity_fl": 0.19759243726730347, "wheel_velocity_fr": -1.3776291608810425, "wheel_velocity_rl": -0.5737143158912659, "wheel_velocity_rr": 0.25496307015419006}}, {"current_time": 1.3333334028720856, "current_time_step": 80, "data": {"base_link_transform_matrix": [[0.9999985522523765, 0.0016720437653368692, -0.00031585249355667387, 0.0], [-0.0016722291979386975, 0.9999984291060514, -0.000587737134266861, 0.0], [0.0003148692751748952, 0.0005882644611337888, 0.9999997774011069, 0.0], [-0.0006651102448813617, -0.00031155801843851805, 0.022210806608200073, 1.0]], "wheel_velocity_fl": 0.33622631430625916, "wheel_velocity_fr": -1.6299993991851807, "wheel_velocity_rl": -0.6878249645233154, "wheel_velocity_rr": 0.26499906182289124}}, {"current_time": 1.3500000704079866, "current_time_step": 81, "data": {"base_link_transform_matrix": [[0.9999985525724935, 0.001671943495528064, -0.00031536941167130135, 0.0], [-0.0016721280688955546, 0.999998430348554, -0.0005859079701977253, 0.0], [0.00031438931163149816, 0.0005864344601837396, 0.9999997786269679, 0.0], [-0.0006681046215817332, -0.0003109523095190525, 0.02221071720123291, 1.0]], "wheel_velocity_fl": 0.19349701702594757, "wheel_velocity_fr": -1.6186310052871704, "wheel_velocity_rl": -0.711621105670929, "wheel_velocity_rr": 0.26768410205841064}}, {"current_time": 1.3666667379438877, "current_time_step": 82, "data": {"base_link_transform_matrix": [[0.9999985528930324, 0.0016717073015291442, -0.00031560503653383986, 0.0], [-0.0016718920830300402, 0.9999984306128813, -0.0005861302219706795, 0.0], [0.00031462470305564566, 0.0005866570313394967, 0.9999997784223874, 0.0], [-0.0006707058637402952, -0.0003099317254964262, 0.022210687398910522, 1.0]], "wheel_velocity_fl": 0.16086339950561523, "wheel_velocity_fr": -1.5973660945892334, "wheel_velocity_rl": -0.6368396878242493, "wheel_velocity_rr": 0.25922325253486633}}, {"current_time": 1.3833334054797888, "current_time_step": 83, "data": {"base_link_transform_matrix": [[0.9999985528888253, 0.001671654507472952, -0.00031589786787208256, 0.0], [-0.0016718396376977185, 0.9999984303711068, -0.0005866920388134005, 0.0], [0.00031491662563848096, 0.0005872193203817678, 0.9999997780004697, 0.0], [-0.0006728221196681261, -0.00030861812410876155, 0.022210657596588135, 1.0]], "wheel_velocity_fl": 0.1745384782552719, "wheel_velocity_fr": -1.5897107124328613, "wheel_velocity_rl": -0.6518892049789429, "wheel_velocity_rr": 0.2668982744216919}}, {"current_time": 1.4000000730156898, "current_time_step": 84, "data": {"base_link_transform_matrix": [[0.9999985527632868, 0.001671693672056573, -0.0003160879605751287, 0.0], [-0.0016718789373463222, 0.9999984302617511, -0.0005867664378326024, 0.0], [0.000315106570658667, 0.0005872940494463058, 0.9999997778967497, 0.0], [-0.0006746596773155034, -0.0003071508836001158, 0.02221071720123291, 1.0]], "wheel_velocity_fl": 0.17930687963962555, "wheel_velocity_fr": -1.5843565464019775, "wheel_velocity_rl": -0.6646209359169006, "wheel_velocity_rr": 0.27136820554733276}}, {"current_time": 1.416666740551591, "current_time_step": 85, "data": {"base_link_transform_matrix": [[0.9999985527953571, 0.0016716785382025752, -0.00031606653780476816, 0.0], [-0.0016718638026935982, 0.9999984302651147, -0.0005868038273588271, 0.0], [0.00031508509429976683, 0.0005873313983374022, 0.9999997778815812, 0.0], [-0.0006764034042134881, -0.0003056794230360538, 0.022210806608200073, 1.0]], "wheel_velocity_fl": 0.18772345781326294, "wheel_velocity_fr": -1.5811657905578613, "wheel_velocity_rl": -0.7026005387306213, "wheel_velocity_rr": 0.28585460782051086}}, {"current_time": 1.433333408087492, "current_time_step": 86, "data": {"base_link_transform_matrix": [[0.9999985526144373, 0.0016718153022176302, -0.00031591553593844017, 0.0], [-0.001672000381924186, 0.9999984302157379, -0.0005864987492381697, 0.0], [0.0003149345224354958, 0.0005870261112450924, 0.999999778108271, 0.0], [-0.0006780436960980296, -0.0003042308089789003, 0.022210776805877686, 1.0]], "wheel_velocity_fl": 0.1810499131679535, "wheel_velocity_fr": -1.579012155532837, "wheel_velocity_rl": -0.6939975619316101, "wheel_velocity_rr": 0.2747461795806885}}, {"current_time": 1.450000075623393, "current_time_step": 87, "data": {"base_link_transform_matrix": [[0.9999985526050303, 0.0016718550859647643, -0.0003157347239206278, 0.0], [-0.001672039993211681, 0.9999984302730505, -0.0005862880659022546, 0.0], [0.00031475403961850356, 0.0005868151383974981, 0.9999997782889194, 0.0], [-0.00067959597799927, -0.00030287893605418503, 0.022210687398910522, 1.0]], "wheel_velocity_fl": 0.18873722851276398, "wheel_velocity_fr": -1.566445231437683, "wheel_velocity_rl": -0.6623637080192566, "wheel_velocity_rr": 0.29696351289749146}}, {"current_time": 1.4666667431592941, "current_time_step": 88, "data": {"base_link_transform_matrix": [[0.9999985522206061, 0.0016720813404223836, -0.0003157541493608941, 0.0], [-0.0016722661294129126, 0.999998430136272, -0.0005858762531125718, 0.0], [0.0003147740209192819, 0.000586403429862203, 0.9999997785241421, 0.0], [-0.0006811749190092087, -0.00030158626032061875, 0.022210747003555298, 1.0]], "wheel_velocity_fl": 0.18027637898921967, "wheel_velocity_fr": -1.5952423810958862, "wheel_velocity_rl": -0.6638017892837524, "wheel_velocity_rr": 0.2833765149116516}}, {"current_time": 1.4833334106951952, "current_time_step": 89, "data": {"base_link_transform_matrix": [[0.9999985519494858, 0.00167226510671011, -0.0003156395797283759, 0.0], [-0.0016724497690261066, 0.9999984299398684, -0.0005856872613419591, 0.0], [0.0003146596597846691, 0.0005862143045794315, 0.9999997786710193, 0.0], [-0.0006826382013969123, -0.00030036590760573745, 0.02221071720123291, 1.0]], "wheel_velocity_fl": 0.18807020783424377, "wheel_velocity_fr": -1.5657451152801514, "wheel_velocity_rl": -0.6637369990348816, "wheel_velocity_rr": 0.28501296043395996}}, {"current_time": 1.5000000782310963, "current_time_step": 90, "data": {"base_link_transform_matrix": [[0.9999985519060487, 0.001672277199713128, -0.0003157131182920205, 0.0], [-0.001672461890277942, 0.9999984299472463, -0.0005856400497052548, 0.0], [0.0003147332701034088, 0.0005861672198020453, 0.9999997786754551, 0.0], [-0.0006840078276582062, -0.0002991619985550642, 0.02221086621284485, 1.0]], "wheel_velocity_fl": 0.18975181877613068, "wheel_velocity_fr": -1.5664341449737549, "wheel_velocity_rl": -0.6908619999885559, "wheel_velocity_rr": 0.287177175283432}}, {"current_time": 1.5166667457669973, "current_time_step": 91, "data": {"base_link_transform_matrix": [[0.9999985516566376, 0.0016724409111091292, -0.00031563590699995093, 0.0], [-0.0016726255387880518, 0.9999984297063057, -0.00058558409275877, 0.0], [0.000314656056565252, 0.0005861111853109429, 0.9999997787325978, 0.0], [-0.0006852855440229177, -0.00029799569165334105, 0.022210806608200073, 1.0]], "wheel_velocity_fl": 0.1945611536502838, "wheel_velocity_fr": -1.555618405342102, "wheel_velocity_rl": -0.6919662356376648, "wheel_velocity_rr": 0.28511708974838257}}, {"current_time": 1.5333334133028984, "current_time_step": 92, "data": {"base_link_transform_matrix": [[0.9999985514032762, 0.0016726305363056872, -0.0003154337301944798, 0.0], [-0.0016728149617680512, 0.999998429545278, -0.0005853179319186598, 0.0], [0.0003144542141737143, 0.0005858447462923368, 0.9999997789522158, 0.0], [-0.0006865445175208151, -0.000296883808914572, 0.022210747003555298, 1.0]], "wheel_velocity_fl": 0.19325396418571472, "wheel_velocity_fr": -1.555389165878296, "wheel_velocity_rl": -0.6682884097099304, "wheel_velocity_rr": 0.3022873103618622}}, {"current_time": 1.5500000808387995, "current_time_step": 93, "data": {"base_link_transform_matrix": [[0.9999985513260853, 0.0016726810914137952, -0.0003154103630918268, 0.0], [-0.0016728654550857067, 0.9999984295503281, -0.0005851649737372615, 0.0], [0.0003144310733687976, 0.0005856917651246206, 0.9999997790491038, 0.0], [-0.0006878257263451815, -0.00029585364973172545, 0.022210776805877686, 1.0]], "wheel_velocity_fl": 0.20911774039268494, "wheel_velocity_fr": -1.5575745105743408, "wheel_velocity_rl": -0.6808071732521057, "wheel_velocity_rr": 0.2994537651538849}}, {"current_time": 1.5666667483747005, "current_time_step": 94, "data": {"base_link_transform_matrix": [[0.9999985513058843, 0.0016727179186355236, -0.00031527907846229353, 0.0], [-0.0016729022024064147, 0.9999984294944473, -0.0005851554153022056, 0.0], [0.0003142997833663876, 0.0005856819986557308, 0.9999997790960969, 0.0], [-0.0006890593795105815, -0.0002948622568510473, 0.022210776805877686, 1.0]], "wheel_velocity_fl": 0.19102956354618073, "wheel_velocity_fr": -1.5650876760482788, "wheel_velocity_rl": -0.698199987411499, "wheel_velocity_rr": 0.3011305332183838}}, {"current_time": 1.5833334159106016, "current_time_step": 95, "data": {"base_link_transform_matrix": [[0.9999985512981138, 0.0016727257649105684, -0.0003152620958549247, 0.0], [-0.0016729099556665288, 0.9999984296361034, -0.0005848911071985619, 0.0], [0.00031428323835403334, 0.0005854176649645117, 0.9999997792560774, 0.0], [-0.0006902845925651491, -0.0002938488032668829, 0.022210747003555298, 1.0]], "wheel_velocity_fl": 0.2094900757074356, "wheel_velocity_fr": -1.5626153945922852, "wheel_velocity_rl": -0.6948432922363281, "wheel_velocity_rr": 0.30012330412864685}}, {"current_time": 1.6000000834465027, "current_time_step": 96, "data": {"base_link_transform_matrix": [[0.9999985511659337, 0.0016728358637744713, -0.00031509713803846035, 0.0], [-0.001673019881320454, 0.9999984295948526, -0.0005846471630403533, 0.0], [0.00031411862446630495, 0.0005851734797601123, 0.9999997794507198, 0.0], [-0.0006914290715940297, -0.0002928607282228768, 0.02221071720123291, 1.0]], "wheel_velocity_fl": 0.1988232433795929, "wheel_velocity_fr": -1.5757901668548584, "wheel_velocity_rl": -0.6913449764251709, "wheel_velocity_rr": 0.31274306774139404}}, {"current_time": 1.6166667509824038, "current_time_step": 97, "data": {"base_link_transform_matrix": [[0.99999855094054, 0.001672965359720328, -0.00031512493617501925, 0.0], [-0.001673149293334301, 0.9999984295647315, -0.0005843282578663637, 0.0], [0.00031414688035758936, 0.0005848546622042473, 0.9999997796283565, 0.0], [-0.0006925386260263622, -0.0002918851678259671, 0.022210776805877686, 1.0]], "wheel_velocity_fl": 0.21585121750831604, "wheel_velocity_fr": -1.5912011861801147, "wheel_velocity_rl": -0.6617726683616638, "wheel_velocity_rr": 0.30446919798851013}}, {"current_time": 1.6333334185183048, "current_time_step": 98, "data": {"base_link_transform_matrix": [[0.9999985508957836, 0.0016729828060624344, -0.00031517433814000286, 0.0], [-0.0016731667714430158, 0.9999984295301396, -0.0005843374105869925, 0.0], [0.0003141962567273529, 0.0005848639030509744, 0.9999997796074392, 0.0], [-0.0006935544079169631, -0.0002909528266172856, 0.02221071720123291, 1.0]], "wheel_velocity_fl": 0.20343522727489471, "wheel_velocity_fr": -1.5645304918289185, "wheel_velocity_rl": -0.6880545020103455, "wheel_velocity_rr": 0.30397680401802063}}, {"current_time": 1.650000086054206, "current_time_step": 99, "data": {"base_link_transform_matrix": [[0.9999985510121095, 0.001672921027384961, -0.00031513317427618256, 0.0], [-0.001673104916705527, 0.9999984297303246, -0.0005841719120288538, 0.0], [0.00031415540595687455, 0.0005846983164341259, 0.9999997797171055, 0.0], [-0.0006949919043108821, -0.0002899520914070308, 0.022210747003555298, 1.0]], "wheel_velocity_fl": 0.13430486619472504, "wheel_velocity_fr": -1.484134316444397, "wheel_velocity_rl": -0.6761237978935242, "wheel_velocity_rr": 0.3063754141330719}}, {"current_time": 1.666666753590107, "current_time_step": 100, "data": {"base_link_transform_matrix": [[0.9999985489172205, 0.00167425990130626, -0.0003146700435317664, 0.0], [-0.0016744433616029397, 0.9999984277843049, -0.0005836680110545401, 0.0], [0.0003136923368560014, 0.0005841940612694273, 0.9999997801571842, 0.0], [-0.0006961384206078947, -0.00028861063765361905, 0.022210806608200073, 1.0]], "wheel_velocity_fl": 0.1604272723197937, "wheel_velocity_fr": -1.5005658864974976, "wheel_velocity_rl": -0.6506120562553406, "wheel_velocity_rr": 0.3116035759449005}}, {"current_time": 1.683333421126008, "current_time_step": 101, "data": {"base_link_transform_matrix": [[0.9999985471119882, 0.001675330439458209, -0.0003147091216963792, 0.0], [-0.0016755139330379824, 0.9999984259714275, -0.000583701745460975, 0.0], [0.000313730733033494, 0.0005842281969259631, 0.9999997801251964, 0.0], [-0.0006973154959268868, -0.0002873630728572607, 0.022210806608200073, 1.0]], "wheel_velocity_fl": 0.14906221628189087, "wheel_velocity_fr": -1.5014526844024658, "wheel_velocity_rl": -0.6377769112586975, "wheel_velocity_rr": 0.3100646138191223}}, {"current_time": 1.700000088661909, "current_time_step": 102, "data": {"base_link_transform_matrix": [[0.9999985461468435, 0.0016759010700098762, -0.0003147376733197984, 0.0], [-0.0016760846379320277, 0.9999984249076224, -0.0005838857429191508, 0.0], [0.0003137586428375665, 0.0005844124210142502, 0.9999997800087939, 0.0], [-0.0006985681247897446, -0.0002861826797015965, 0.02221086621284485, 1.0]], "wheel_velocity_fl": 0.1337134689092636, "wheel_velocity_fr": -1.4904159307479858, "wheel_velocity_rl": -0.6571745276451111, "wheel_velocity_rr": 0.32767781615257263}}, {"current_time": 1.7166667561978102, "current_time_step": 103, "data": {"base_link_transform_matrix": [[0.9999985455619594, 0.0016762668592019325, -0.00031464802964465896, 0.0], [-0.001676450169878568, 0.9999984246759313, -0.0005832327870339305, 0.0], [0.0003136698801799397, 0.0005837594305007282, 0.9999997804180427, 0.0], [-0.0006997736054472625, -0.0002849581651389599, 0.022210896015167236, 1.0]], "wheel_velocity_fl": 0.17038047313690186, "wheel_velocity_fr": -1.5224134922027588, "wheel_velocity_rl": -0.6447535157203674, "wheel_velocity_rr": 0.3161379098892212}}, {"current_time": 1.7333334237337112, "current_time_step": 104, "data": {"base_link_transform_matrix": [[0.9999985448926276, 0.0016767140896611695, -0.00031439225319358245, 0.0], [-0.0016768972412569874, 0.9999984239444151, -0.0005832017901905832, 0.0], [0.0003134138950351878, 0.0005837281450714115, 0.9999997805165675, 0.0], [-0.0007009410765022039, -0.00028395227855071425, 0.022210747003555298, 1.0]], "wheel_velocity_fl": 0.167854443192482, "wheel_velocity_fr": -1.5199098587036133, "wheel_velocity_rl": -0.6519805788993835, "wheel_velocity_rr": 0.31646862626075745}}, {"current_time": 1.7500000912696123, "current_time_step": 105, "data": {"base_link_transform_matrix": [[0.999998544230218, 0.0016770842761418788, -0.0003145246821171661, 0.0], [-0.0016772674561215553, 0.9999984234144277, -0.0005830459156226834, 0.0], [0.00031354636910473055, 0.00058357260885552, 0.9999997805658183, 0.0], [-0.0007021707133390009, -0.00028295876109041274, 0.022210806608200073, 1.0]], "wheel_velocity_fl": 0.16462014615535736, "wheel_velocity_fr": -1.4901384115219116, "wheel_velocity_rl": -0.6422473788261414, "wheel_velocity_rr": 0.3180907368659973}}, {"current_time": 1.7666667588055134, "current_time_step": 106, "data": {"base_link_transform_matrix": [[0.9999985439842798, 0.0016772592055843826, -0.0003143737867231258, 0.0], [-0.0016774422379188531, 0.999998423232055, -0.000582855850237792, 0.0], [0.0003133956906882761, 0.0005833823454588552, 0.999999780724066, 0.0], [-0.0007032938301563263, -0.00028200194356031716, 0.022210747003555298, 1.0]], "wheel_velocity_fl": 0.17806489765644073, "wheel_velocity_fr": -1.532267689704895, "wheel_velocity_rl": -0.6768966317176819, "wheel_velocity_rr": 0.3189048767089844}}, {"current_time": 1.7833334263414145, "current_time_step": 107, "data": {"base_link_transform_matrix": [[0.99999854377028, 0.001677399543174965, -0.0003143057303085709, 0.0], [-0.0016775824617722224, 0.9999984231344876, -0.0005826196204852637, 0.0], [0.0003133279488054577, 0.0005831460458380571, 0.9999997808831188, 0.0], [-0.0007044427329674363, -0.0002810481237247586, 0.02221083641052246, 1.0]], "wheel_velocity_fl": 0.18184395134449005, "wheel_velocity_fr": -1.5049090385437012, "wheel_velocity_rl": -0.6629768013954163, "wheel_velocity_rr": 0.32359778881073}}, {"current_time": 1.8000000938773155, "current_time_step": 108, "data": {"base_link_transform_matrix": [[0.9999985437120823, 0.001677432471738815, -0.0003143151561776661, 0.0], [-0.0016776154234743996, 0.9999984230277827, -0.0005827078501217961, 0.0], [0.0003133372074420659, 0.0005832343014852298, 0.999999780828748, 0.0], [-0.0007054930902086198, -0.00028017646400257945, 0.02221083641052246, 1.0]], "wheel_velocity_fl": 0.16602098941802979, "wheel_velocity_fr": -1.4805954694747925, "wheel_velocity_rl": -0.6689247488975525, "wheel_velocity_rr": 0.3208017349243164}}, {"current_time": 1.8166667614132166, "current_time_step": 109, "data": {"base_link_transform_matrix": [[0.9999985435987387, 0.001677515752980386, -0.00031423128425912643, 0.0], [-0.001677698616112006, 0.9999984229620121, -0.0005825811893258927, 0.0], [0.00031325349958196997, 0.0005831075262446543, 0.999999780928905, 0.0], [-0.0007065745303407311, -0.0002793471794575453, 0.022210925817489624, 1.0]], "wheel_velocity_fl": 0.17957675457000732, "wheel_velocity_fr": -1.5065982341766357, "wheel_velocity_rl": -0.6978208422660828, "wheel_velocity_rr": 0.3200721740722656}}, {"current_time": 1.8333334289491177, "current_time_step": 110, "data": {"base_link_transform_matrix": [[0.9999985433807652, 0.0016776629794206064, -0.0003141389428131446, 0.0], [-0.0016778456876300502, 0.9999984229032106, -0.0005822584821949957, 0.0], [0.0003131616138855943, 0.0005827847107366065, 0.9999997811458683, 0.0], [-0.0007076149340718985, -0.0002785537508316338, 0.02221083641052246, 1.0]], "wheel_velocity_fl": 0.1846771240234375, "wheel_velocity_fr": -1.516713261604309, "wheel_velocity_rl": -0.6883015036582947, "wheel_velocity_rr": 0.33239245414733887}}, {"current_time": 1.8500000964850187, "current_time_step": 111, "data": {"base_link_transform_matrix": [[0.9999985433218104, 0.0016777267213055817, -0.00031398615566145024, 0.0], [-0.0016779093039539653, 0.9999984228643817, -0.0005821418357800621, 0.0], [0.00031300898554922235, 0.0005826678280786437, 0.9999997812617646, 0.0], [-0.0007085070246830583, -0.00027773610781878233, 0.022210806608200073, 1.0]], "wheel_velocity_fl": 0.18317054212093353, "wheel_velocity_fr": -1.4963356256484985, "wheel_velocity_rl": -0.6842485666275024, "wheel_velocity_rr": 0.32952681183815}}, {"current_time": 1.8666667640209198, "current_time_step": 112, "data": {"base_link_transform_matrix": [[0.9999985431823513, 0.0016777897780916927, -0.0003140933550404052, 0.0], [-0.0016779724417531796, 0.9999984227239335, -0.0005822011078766556, 0.0], [0.00031311604856088454, 0.000582727299709702, 0.9999997811935932, 0.0], [-0.0007094654720276594, -0.00027697772020474076, 0.02221086621284485, 1.0]], "wheel_velocity_fl": 0.1708982139825821, "wheel_velocity_fr": -1.510304570198059, "wheel_velocity_rl": -0.686880886554718, "wheel_velocity_rr": 0.3219573199748993}}, {"current_time": 1.8833334315568209, "current_time_step": 113, "data": {"base_link_transform_matrix": [[0.9999985429961528, 0.001677921870099013, -0.0003139805238485029, 0.0], [-0.0016781043792903957, 0.9999984226674913, -0.0005819177104337265, 0.0], [0.00031300361614388083, 0.0005824437546694658, 0.9999997813939806, 0.0], [-0.0007103204261511564, -0.00027620719629339874, 0.02221083641052246, 1.0]], "wheel_velocity_fl": 0.16112680733203888, "wheel_velocity_fr": -1.4983439445495605, "wheel_velocity_rl": -0.6856161952018738, "wheel_velocity_rr": 0.33324769139289856}}, {"current_time": 1.900000099092722, "current_time_step": 114, "data": {"base_link_transform_matrix": [[0.9999985431200565, 0.0016778699896077577, -0.0003138631268254777, 0.0], [-0.0016780524172940266, 0.9999984227791143, -0.0005818757328914417, 0.0], [0.00031288631996409923, 0.0005824015639470258, 0.9999997814552607, 0.0], [-0.0007111559389159083, -0.0002755214518401772, 0.022210776805877686, 1.0]], "wheel_velocity_fl": 0.19260455667972565, "wheel_velocity_fr": -1.4943867921829224, "wheel_velocity_rl": -0.6969818472862244, "wheel_velocity_rr": 0.33545997738838196}}, {"current_time": 1.916666766628623, "current_time_step": 115, "data": {"base_link_transform_matrix": [[0.9999985430997781, 0.0016778624312362843, -0.00031396812448378285, 0.0], [-0.0016780448415434923, 0.9999984229377904, -0.000581624829078173, 0.0], [0.0003129917428867342, 0.0005821508343005294, 0.9999997815682636, 0.0], [-0.0007119558867998421, -0.00027480904827825725, 0.022210776805877686, 1.0]], "wheel_velocity_fl": 0.18456460535526276, "wheel_velocity_fr": -1.4885473251342773, "wheel_velocity_rl": -0.6881678700447083, "wheel_velocity_rr": 0.32867297530174255}}, {"current_time": 1.933333434164524, "current_time_step": 116, "data": {"base_link_transform_matrix": [[0.9999985431329318, 0.001677851390816297, -0.0003139215258072665, 0.0], [-0.0016780337630624433, 0.9999984229767032, -0.0005815898870898335, 0.0], [0.0003129452093447685, 0.0005821158107099364, 0.9999997816032156, 0.0], [-0.0007126553682610393, -0.0002741105272434652, 0.022210925817489624, 1.0]], "wheel_velocity_fl": 0.18463923037052155, "wheel_velocity_fr": -1.504080891609192, "wheel_velocity_rl": -0.6532020568847656, "wheel_velocity_rr": 0.3293969929218292}}, {"current_time": 1.9500001017004251, "current_time_step": 117, "data": {"base_link_transform_matrix": [[0.9999985431212116, 0.001677858385267018, -0.00031392147640298265, 0.0], [-0.0016780407383019716, 0.9999984230006445, -0.0005815285933291304, 0.0], [0.0003129452587224268, 0.00058205451913849, 0.999999781638877, 0.0], [-0.0007133791805244982, -0.0002734644222073257, 0.022210925817489624, 1.0]], "wheel_velocity_fl": 0.181257963180542, "wheel_velocity_fr": -1.5153263807296753, "wheel_velocity_rl": -0.6818012595176697, "wheel_velocity_rr": 0.3322835862636566}}, {"current_time": 1.9666667692363262, "current_time_step": 118, "data": {"base_link_transform_matrix": [[0.9999985429733551, 0.0016779698190188723, -0.00031379683437909585, 0.0], [-0.0016781521235727653, 0.99999842276896, -0.0005816055728500852, 0.0], [0.0003128204228511728, 0.0005821313242592524, 0.9999997816332283, 0.0], [-0.0007140990346670151, -0.00027293816674500704, 0.02221086621284485, 1.0]], "wheel_velocity_fl": 0.1689356565475464, "wheel_velocity_fr": -1.4854202270507812, "wheel_velocity_rl": -0.6803207993507385, "wheel_velocity_rr": 0.3355063199996948}}, {"current_time": 1.9833334367722273, "current_time_step": 119, "data": {"base_link_transform_matrix": [[0.9999985428967468, 0.0016780182842824891, -0.00031378180431694514, 0.0], [-0.0016782005159187748, 0.9999984228070264, -0.0005814004540482364, 0.0], [0.00031280570883010506, 0.0005819261956736342, 0.9999997817572218, 0.0], [-0.0007148255244828761, -0.00027234270237386227, 0.022210747003555298, 1.0]], "wheel_velocity_fl": 0.192683145403862, "wheel_velocity_fr": -1.492551565170288, "wheel_velocity_rl": -0.6764208674430847, "wheel_velocity_rr": 0.32601240277290344}}, {"current_time": 2.0000001043081284, "current_time_step": 120, "data": {"base_link_transform_matrix": [[0.9999985429256014, 0.0016780218224827208, -0.00031367090601701613, 0.0], [-0.0016782039627842556, 0.9999984228510675, -0.0005813147484610991, 0.0], [0.00031269495247763276, 0.0005818403051997494, 0.9999997818418391, 0.0], [-0.0007154321065172553, -0.0002717900788411498, 0.022210806608200073, 1.0]], "wheel_velocity_fl": 0.18643437325954437, "wheel_velocity_fr": -1.4965150356292725, "wheel_velocity_rl": -0.6556804776191711, "wheel_velocity_rr": 0.3359721004962921}}, {"current_time": 2.0166667718440294, "current_time_step": 121, "data": {"base_link_transform_matrix": [[0.9999985427138913, 0.0016781605297462537, -0.0003136037789182466, 0.0], [-0.001678342556648531, 0.9999984227566447, -0.0005810770047392735, 0.0], [0.00031262814379467345, 0.0005816024925119106, 0.9999997820010684, 0.0], [-0.0007160755340009928, -0.0002712130080908537, 0.02221086621284485, 1.0]], "wheel_velocity_fl": 0.18683244287967682, "wheel_velocity_fr": -1.513468623161316, "wheel_velocity_rl": -0.6700825095176697, "wheel_velocity_rr": 0.33437788486480713}}, {"current_time": 2.0333334393799305, "current_time_step": 122, "data": {"base_link_transform_matrix": [[0.9999985427538001, 0.0016781191769306126, -0.00031369779154525083, 0.0], [-0.0016783012548344327, 0.999998422832803, -0.0005810652326067215, 0.0], [0.0003127222000814992, 0.0005815908652488086, 0.9999997819784218, 0.0], [-0.0007167053990997374, -0.0002706873929128051, 0.02221083641052246, 1.0]], "wheel_velocity_fl": 0.17321233451366425, "wheel_velocity_fr": -1.4948874711990356, "wheel_velocity_rl": -0.6930338144302368, "wheel_velocity_rr": 0.3343128561973572}}, {"current_time": 2.0500001069158316, "current_time_step": 123, "data": {"base_link_transform_matrix": [[0.9999985426778037, 0.0016781740485486134, -0.00031364650709892486, 0.0], [-0.001678356046016235, 0.9999984228348726, -0.0005809033914491262, 0.0], [0.0003126711554303477, 0.0005814289553972213, 0.9999997820885355, 0.0], [-0.0007172998157329857, -0.0002701771445572376, 0.022210806608200073, 1.0]], "wheel_velocity_fl": 0.18824473023414612, "wheel_velocity_fr": -1.5220222473144531, "wheel_velocity_rl": -0.6663392782211304, "wheel_velocity_rr": 0.34032708406448364}}, {"current_time": 2.0666667744517326, "current_time_step": 124, "data": {"base_link_transform_matrix": [[0.9999985426172102, 0.001678213258037529, -0.00031362990300650714, 0.0], [-0.0016783953010824544, 0.9999984226663448, -0.0005810800596650845, 0.0], [0.0003126542320473947, 0.0005816056077644912, 0.9999997819911003, 0.0], [-0.000717935967259109, -0.00026978846290148795, 0.022210747003555298, 1.0]], "wheel_velocity_fl": 0.1893814504146576, "wheel_velocity_fr": -1.5192629098892212, "wheel_velocity_rl": -0.675002932548523, "wheel_velocity_rr": 0.3346983790397644}}, {"current_time": 2.0833334419876337, "current_time_step": 125, "data": {"base_link_transform_matrix": [[0.999998542672868, 0.0016781832696109798, -0.0003136129041608434, 0.0], [-0.0016783652184860674, 0.9999984228734575, -0.0005808104605336782, 0.0], [0.00031263770315592557, 0.0005813359710932476, 0.999999782153054, 0.0], [-0.0007184720598161221, -0.0002692857524380088, 0.02221086621284485, 1.0]], "wheel_velocity_fl": 0.1989370733499527, "wheel_velocity_fr": -1.5205285549163818, "wheel_velocity_rl": -0.656642735004425, "wheel_velocity_rr": 0.33876895904541016}}, {"current_time": 2.1000001095235348, "current_time_step": 126, "data": {"base_link_transform_matrix": [[0.9999985425722023, 0.0016782587295391526, -0.0003135300752114694, 0.0], [-0.0016784406331281268, 0.9999984227415397, -0.0005808196569199112, 0.0], [0.0003125548150339919, 0.0005813450520351404, 0.9999997821736853, 0.0], [-0.000718961120583117, -0.00026887882268056273, 0.022210925817489624, 1.0]], "wheel_velocity_fl": 0.20609673857688904, "wheel_velocity_fr": -1.522139310836792, "wheel_velocity_rl": -0.6898103952407837, "wheel_velocity_rr": 0.3437231779098511}}, {"current_time": 2.116666777059436, "current_time_step": 127, "data": {"base_link_transform_matrix": [[0.9999985425252863, 0.0016782771181654706, -0.0003135812777156631, 0.0], [-0.0016784590311609937, 0.9999984227484816, -0.0005807545347953226, 0.0], [0.0003126061160720988, 0.0005812800216878581, 0.9999997821954526, 0.0], [-0.0007194530335254967, -0.00026842980878427625, 0.022210896015167236, 1.0]], "wheel_velocity_fl": 0.20847459137439728, "wheel_velocity_fr": -1.5015519857406616, "wheel_velocity_rl": -0.7074138522148132, "wheel_velocity_rr": 0.3496410548686981}}, {"current_time": 2.133333444595337, "current_time_step": 128, "data": {"base_link_transform_matrix": [[0.9999985424985474, 0.0016782895734150287, -0.0003135998862247569, 0.0], [-0.0016784714891772007, 0.9999984227425227, -0.0005807287895075239, 0.0], [0.00031262476052457903, 0.000581254311562507, 0.9999997822045685, 0.0], [-0.0007199888350442052, -0.0002679869066923857, 0.022210896015167236, 1.0]], "wheel_velocity_fl": 0.1799839287996292, "wheel_velocity_fr": -1.5206577777862549, "wheel_velocity_rl": -0.7075376510620117, "wheel_velocity_rr": 0.3426048457622528}}, {"current_time": 2.150000112131238, "current_time_step": 129, "data": {"base_link_transform_matrix": [[0.9999985426955054, 0.001678172922485895, -0.00031359609019812677, 0.0], [-0.0016783548440143477, 0.999998422923517, -0.0005807542477015641, 0.0], [0.00031262098957999634, 0.0005812797268828366, 0.9999997821909743, 0.0], [-0.0007204955909401178, -0.0002675271825864911, 0.022210925817489624, 1.0]], "wheel_velocity_fl": 0.19663095474243164, "wheel_velocity_fr": -1.5100805759429932, "wheel_velocity_rl": -0.689497709274292, "wheel_velocity_rr": 0.35683301091194153}}, {"current_time": 2.166666779667139, "current_time_step": 130, "data": {"base_link_transform_matrix": [[0.9999985426811987, 0.001678186701738158, -0.00031356797185568496, 0.0], [-0.0016783685388765531, 0.9999984230269244, -0.0005805365724542964, 0.0], [0.0003125932286116705, 0.0005810620090461963, 0.9999997823261838, 0.0], [-0.000720925338100642, -0.00026710075326263905, 0.022210925817489624, 1.0]], "wheel_velocity_fl": 0.1937006562948227, "wheel_velocity_fr": -1.5085147619247437, "wheel_velocity_rl": -0.6893715858459473, "wheel_velocity_rr": 0.34801506996154785}}, {"current_time": 2.18333344720304, "current_time_step": 131, "data": {"base_link_transform_matrix": [[0.9999985433203091, 0.0016778232565765124, -0.0003134746872785484, 0.0], [-0.001678005087199481, 0.9999984235483422, -0.0005806890370363601, 0.0], [0.0003124998995296793, 0.0005812142032783947, 0.9999997822669077, 0.0], [-0.0007215648074634373, -0.0002669833484105766, 0.022210896015167236, 1.0]], "wheel_velocity_fl": 0.1942155957221985, "wheel_velocity_fr": -1.512259840965271, "wheel_velocity_rl": -0.6821483373641968, "wheel_velocity_rr": 0.34555289149284363}}, {"current_time": 2.200000114738941, "current_time_step": 132, "data": {"base_link_transform_matrix": [[0.999998542919803, 0.0016781303339338497, -0.0003131083730892215, 0.0], [-0.0016783117511127593, 0.9999984234065126, -0.0005800466836966189, 0.0], [0.0003121344855095906, 0.0005805713319840102, 0.9999997827544721, 0.0], [-0.0007220723200589418, -0.0002664067433215678, 0.022211045026779175, 1.0]], "wheel_velocity_fl": 0.19977322220802307, "wheel_velocity_fr": -1.4902586936950684, "wheel_velocity_rl": -0.6706656813621521, "wheel_velocity_rr": 0.3671375513076782}}, {"current_time": 2.2166667822748423, "current_time_step": 133, "data": {"base_link_transform_matrix": [[0.9999985425357094, 0.0016783347916745858, -0.00031323918007732245, 0.0], [-0.0016785163763175862, 0.9999984228929726, -0.0005803398504307081, 0.0], [0.00031226468150363725, 0.0005808647816995637, 0.9999997825434134, 0.0], [-0.0007225964218378067, -0.0002659608144313097, 0.022210806608200073, 1.0]], "wheel_velocity_fl": 0.18789361417293549, "wheel_velocity_fr": -1.4686520099639893, "wheel_velocity_rl": -0.6929802894592285, "wheel_velocity_rr": 0.34396979212760925}}, {"current_time": 2.2333334498107433, "current_time_step": 134, "data": {"base_link_transform_matrix": [[0.9999985421513334, 0.0016785517450487145, -0.0003133037617133735, 0.0], [-0.001678733419600638, 0.9999984224312186, -0.0005805076915850312, 0.0], [0.00031232885525641566, 0.0005810327987879419, 0.9999997824257628, 0.0], [-0.0007230438059195876, -0.00026547309244051576, 0.02221083641052246, 1.0]], "wheel_velocity_fl": 0.19006019830703735, "wheel_velocity_fr": -1.4890912771224976, "wheel_velocity_rl": -0.6756170392036438, "wheel_velocity_rr": 0.3387945890426636}}, {"current_time": 2.2500001173466444, "current_time_step": 135, "data": {"base_link_transform_matrix": [[0.9999985416918175, 0.0016788346594977775, -0.00031325456826319085, 0.0], [-0.001679016282746898, 0.9999984219984951, -0.0005804350454127727, 0.0], [0.00031227961947518463, 0.0005809601584803553, 0.9999997824833431, 0.0], [-0.000723519828170538, -0.00026503478875383735, 0.02221086621284485, 1.0]], "wheel_velocity_fl": 0.1965150237083435, "wheel_velocity_fr": -1.501927375793457, "wheel_velocity_rl": -0.6480724215507507, "wheel_velocity_rr": 0.352959007024765}}, {"current_time": 2.2666667848825