{
    "Isaac Sim Data": [
        {
            "current_time": 0,
            "current_time_step": 0,
            "data": {
                "base_link_transform_matrix": [
                    [
                        1,
                        0,
                        0,
                        0
                    ],
                    [
                        0,
                        1,
                        0,
                        0
                    ],
                    [
                        0,
                        0,
                        1,
                        0
                    ],
                    [
                        4.470348358154297e-8,
                        1.3969838619232178e-9,
                        0,
                        1
                    ]
                ],
                "wheel_velocity_fl": -1.2522526979446411,
                "wheel_velocity_fr": -1.4484643936157227,
                "wheel_velocity_rl": 1.5402002334594727,
                "wheel_velocity_rr": 198.46290588378906
            }
        },
        {
            "current_time": 0.01666666753590107,
            "current_time_step": 1,
            "data": {
                "base_link_transform_matrix": [
                    [
                        1,
                        0,
                        0,
                        0
                    ],
                    [
                        0,
                        1,
                        0,
                        0
                    ],
                    [
                        0,
                        0,
                        1,
                        0
                    ],
                    [
                        -0.00001920759677886963,
                        6.069216738069372e-7,
                        -0.0027325451374053955,
                        1
                    ]
                ],
                "wheel_velocity_fl": -1.2522526979446411,
                "wheel_velocity_fr": -1.4484643936157227,
                "wheel_velocity_rl": 1.5402002334594727,
                "wheel_velocity_rr": 199.99990844726562
            }
        },
        {
            "current_time": 0.03333333507180214,
            "current_time_step": 2,
            "data": {
                "base_link_transform_matrix": [
                    [
                        1,
                        0,
                        0,
                        0
                    ],
                    [
                        0,
                        1,
                        0,
                        0
                    ],
                    [
                        0,
                        0,
                        1,
                        0
                    ],
                    [
                        -0.00007097423076629639,
                        0.00001475857789046131,
                        -0.007673025131225586,
                        1
                    ]
                ],
                "wheel_velocity_fl": -1.2522526979446411,
                "wheel_velocity_fr": -1.4484643936157227,
                "wheel_velocity_rl": 1.5402002334594727,
                "wheel_velocity_rr": 197.15704345703125
            }
        },
        {
            "current_time": 0.05000000260770321,
            "current_time_step": 3,
            "data": {
                "base_link_transform_matrix": [
                    [
                        0.9999998745054074,
                        -0.0000044347497841875986,
                        -0.000500968564303787,
                        0
                    ],
                    [
                        0.000004014804773255254,
                        0.9999996486485384,
                        -0.0008382640878802967,
                        0
                    ],
                    [
                        0.0005009721057792326,
                        0.0008382619713917034,
                        0.9999995231717946,
                        0
                    ],
                    [
                        -0.0002597048878669739,
                        -0.000823199050500989,
                        -0.008408278226852417,
                        1
                    ]
                ],
                "wheel_velocity_fl": -1.2522526979446411,
                "wheel_velocity_fr": -1.4484643936157227,
                "wheel_velocity_rl": 1.5402002334594727,
                "wheel_velocity_rr": 204.48492431640625
            }
        },
        {
            "current_time": 0.06666667014360428,
            "current_time_step": 4,
            "data": {
                "base_link_transform_matrix": [
                    [
                        0.999998743357126,
                        -0.0013882727189312885,
                        -0.0007654952819092853,
                        0
                    ],
                    [
                        0.0013868992595191072,
                        0.9999974329221321,
                        -0.0017918313508871093,
                        0
                    ],
                    [
                        0.0007679808674046515,
                        0.0017907674343553657,
                        0.9999981016768899,
                        0
                    ],
                    [
                        -0.00084676593542099,
                        -0.003161076921969652,
                        -0.00907924771308899,
                        1
                    ]
                ],
                "wheel_velocity_fl": -1.2522526979446411,
                "wheel_velocity_fr": -1.4484643936157227,
                "wheel_velocity_rl": 1.5402002334594727,
                "wheel_velocity_rr": 189.24456787109375
            }
        },
        {
            "current_time": 0.08333333767950535,
            "current_time_step": 5,
            "data": {
                "base_link_transform_matrix": [
                    [
                        0.9999976089344857,
                        -0.0020131748224108525,
                        -0.0008539627894288032,
                        0
                    ],
                    [
                        0.0020112163432003446,
                        0.9999953598078868,
                        -0.002288093423744516,
                        0
                    ],
                    [
                        0.000858565158949409,
                        0.002286370448844653,
                        0.9999970176835722,
                        0
                    ],
                    [
                        -0.0011997297406196594,
                        -0.006307294126600027,
                        -0.00945347547531128,
                        1
                    ]
                ],
                "wheel_velocity_fl": -1.2522526979446411,
                "wheel_velocity_fr": -1.4484643936157227,
                "wheel_velocity_rl": 1.5402002334594727,
                "wheel_velocity_rr": 297.951171875
            }
        },
        {
            "current_time": 0.10000000521540642,
            "current_time_step": 6,
            "data": {
                "base_link_transform_matrix": [
                    [
                        0.9999963782280399,
                        -0.002514129263637572,
                        -0.0009605648592330479,
                        0
                    ],
                    [
                        0.0025110910005133246,
                        0.9999918820939365,
                        -0.003151216941712303,
                        0
                    ],
                    [
                        0.0009684796281869822,
                        0.0031487934629497137,
                        0.9999945735587457,
                        0
                    ],
                    [
                        -0.0023116767406463623,
                        -0.010681116953492165,
                        -0.009436488151550293,
                        1
                    ]
                ],
                "wheel_velocity_fl": -1.2522526979446411,
                "wheel_velocity_fr": -1.4484643936157227,
                "wheel_velocity_rl": 1.5402002334594727,
                "wheel_velocity_rr": 215.08192443847656
            }
        },
        {
            "current_time": 0.11666667275130749,
            "current_time_step": 7,
            "data": {
                "base_link_transform_matrix": [
                    [
                        0.9999944946021506,
                        -0.0032181116756776857,
                        -0.0008090257302871498,
                        0
                    ],
                    [
                        0.0032153616842124826,
                        0.999989126013906,
                        -0.0033777660049504376,
                        0
                    ],
                    [
                        0.0008198869611708472,
                        0.0033751460986700312,
                        0.9999939680688996,
                        0
                    ],
                    [
                        -0.0033894628286361694,
                        -0.015884490683674812,
                        -0.009945660829544067,
                        1
                    ]
                ],
                "wheel_velocity_fl": -1.2522526979446411,
                "wheel_velocity_fr": -1.4484643936157227,
                "wheel_velocity_rl": 1.5402002334594727,
                "wheel_velocity_rr": 201.7959442138672
            }
        },
        {
            "current_time": 0.13333334028720856,
            "current_time_step": 8,
            "data": {
                "base_link_transform_matrix": [
                    [
                        0.9999912201578577,
                        -0.004074991930225616,
                        -0.0009767537907104213,
                        0
                    ],
                    [
                        0.004071257593143898,
                        0.9999845105903226,
                        -0.0037951865623895805,
                        0
                    ],
                    [
                        0.0009922040159862412,
                        0.0037911766249636,
                        0.9999923212260127,
                        0
                    ],
                    [
                        -0.0047044456005096436,
                        -0.022004790604114532,
                        -0.010485321283340454,
                        1
                    ]
                ],
                "wheel_velocity_fl": -1.2522526979446411,
                "wheel_velocity_fr": -1.4484643936157227,
                "wheel_velocity_rl": 1.5402002334594727,
                "wheel_velocity_rr": 199.77072143554688
            }
        },
        {
            "current_time": 0.15000000782310963,
            "current_time_step": 9,
            "data": {
                "base_link_transform_matrix": [
                    [
                        0.9999866056022058,
                        -0.0050928919486072114,
                        -0.0009225333481689392,
                        0
                    ],
                    [
                        0.005088772316271215,
                        0.9999773094267342,
                        -0.004414184860496997,
                        0
                    ],
                    [
                        0.0009449933818941014,
                        0.00440943117298604,
                        0.9999898319004243,
                        0
                    ],
                    [
                        -0.005674302577972412,
                        -0.028513360768556595,
                        -0.010437816381454468,
                        1
                    ]
                ],
                "wheel_velocity_fl": -1.2522526979446411,
                "wheel_velocity_fr": -1.4484643936157227,
                "wheel_velocity_rl": 1.5402002334594727,
                "wheel_velocity_rr": 217.39822387695312
            }
        },
        {
            "current_time": 0.1666666753590107,
            "current_time_step": 10,
            "data": {
                "base_link_transform_matrix": [
                    [
                        0.9999841285971274,
                        -0.0055386663641948195,
                        -0.001032341392103945,
                        0
                    ],
                    [
                        0.005533694245376274,
                        0.9999733669227516,
                        -0.004758536873297675,
                        0
                    ],
                    [
                        0.001058669845798817,
                        0.004752748687021126,
                        0.99998814522877,
                        0
                    ],
                    [
                        -0.006316833198070526,
                        -0.03562890738248825,
                        -0.01097339391708374,
                        1
                    ]
                ],
                "wheel_velocity_fl": -1.2522526979446411,
                "wheel_velocity_fr": -1.4484643936157227,
                "wheel_velocity_rl": 1.5402002334594727,
                "wheel_velocity_rr": 168.43594360351562
            }
        },
        {
            "current_time": 0.18333334289491177,
            "current_time_step": 11,
            "data": {
                "base_link_transform_matrix": [
                    [
                        0.9999838460896678,
                        -0.005606780961544861,
                        -0.0009335775087544509,
                        0
                    ],
                    [
                        0.005602144143962634,
                        0.9999723153957618,
                        -0.004897389409612242,
                        0
                    ],
                    [
                        0.0009610102527336807,
                        0.004892080261849252,
                        0.9999875719277744,
                        0
                    ],
                    [
                        -0.0063475146889686584,
                        -0.04304661974310875,
                        -0.011255383491516113,
                        1
                    ]
                ],
                "wheel_velocity_fl": -1.2522526979446411,
                "wheel_velocity_fr": -1.4484643936157227,
                "wheel_velocity_rl": 1.5402002334594727,
                "wheel_velocity_rr": 271.33551025390625
            }
        },
        {
            "current_time": 0.20000001043081284,
            "current_time_step": 12,
            "data": {
                "base_link_transform_matrix": [
                    [
                        0.9999836961294513,
                        -0.005596340895419453,
                        -0.0011350964115767043,
                        0
                    ],
                    [
                        0.005590529962032899,
                        0.9999715734221971,
                        -0.005059478459192236,
                        0
                    ],
                    [
                        0.0011633787108809182,
                        0.005053050179611679,
                        0.9999865565265652,
                        0
                    ],
                    [
                        -0.0067460983991622925,
                        -0.05047382041811943,
                        -0.011541754007339478,
                        1
                    ]
                ],
                "wheel_velocity_fl": -1.2522526979446411,
                "wheel_velocity_fr": -1.4484643936157227,
                "wheel_velocity_rl": 1.5402002334594727,
                "wheel_velocity_rr": 180.7702178955078
            }
        },
        {
            "current_time": 0.2166666779667139,
            "current_time_step": 13,
            "data": {
                "base_link_transform_matrix": [
                    [
                        0.9999859012265973,
                        -0.005246420924577431,
                        -0.0008200094586576937,
                        0
                    ],
                    [
                        0.005242002864614425,
                        0.9999722144073756,
                        -0.005300171617700992,
                        0
                    ],
                    [
                        0.0008477936054878852,
                        0.005295798399851065,
                        0.9999856177792312,
                        0
                    ],
                    [
                        -0.006804578006267548,
                        -0.05792025476694107,
                        -0.012020021677017212,
                        1
                    ]
                ],
                "wheel_velocity_fl": -1.2522526979446411,
                "wheel_velocity_fr": -1.4484643936157227,
                "wheel_velocity_rl": 1.5402002334594727,
                "wheel_velocity_rr": 262.69793701171875
            }
        },
        {
            "current_time": 0.23333334550261497,
            "current_time_step": 14,
            "data": {
                "base_link_transform_matrix": [
                    [
                        0.9999853511142205,
                        -0.005389224650037123,
                        -0.0005038001990101294,
                        0
                    ],
                    [
                        0.005386511355033619,
                        0.9999717624087756,
                        -0.005240217601335806,
                        0
                    ],
                    [
                        0.0005320266827747283,
                        0.005237427112494069,
                        0.9999861430564176,
                        0
                    ],
                    [
                        -0.006864756345748901,
                        -0.06555045396089554,
                        -0.011915892362594604,
                        1
                    ]
                ],
                "wheel_velocity_fl": -1.2522526979446411,
                "wheel_velocity_fr": -1.4484643936157227,
                "wheel_velocity_rl": 1.5402002334594727,
                "wheel_velocity_rr": 174.2187957763672
            }
        },
        {
            "current_time": 0.25000001303851604,
            "current_time_step": 15,
            "data": {
                "base_link_transform_matrix": [
                    [
                        0.9999852113652012,
                        -0.00542455290169088,
                        -0.0003889430685396928,
                        0
                    ],
                    [
                        0.005422376871043894,
                        0.9999707560557334,
                        -0.005393038326715528,
                        0
                    ],
                    [
                        0.0004181865160143883,
                        0.0053908495751422555,
                        0.9999853818236024,
                        0
                    ],
                    [
                        -0.006523311138153076,
                        -0.07343803346157074,
                        -0.011929959058761597,
                        1
                    ]
                ],
                "wheel_velocity_fl": -1.2522526979446411,
                "wheel_velocity_fr": -1.4484643936157227,
                "wheel_velocity_rl": 1.5402002334594727,
                "wheel_velocity_rr": 233.99044799804688
            }
        },
        {
            "current_time": 0.2666666805744171,
            "current_time_step": 16,
            "data": {
                "base_link_transform_matrix": [
                    [
                        0.9999874308156832,
                        -0.004960168583717765,
                        -0.0007313947431237188,
                        0
                    ],
                    [
                        0.004956677978682965,
                        0.9999766726888286,
                        -0.00469951291038696,
                        0
                    ],
                    [
                        0.0007546880579478344,
                        0.004695828553126025,
                        0.9999886897561067,
                        0
                    ],
                    [
                        -0.006379567086696625,
                        -0.08108837157487869,
                        -0.012616246938705444,
                        1
                    ]
                ],
                "wheel_velocity_fl": -1.2522526979446411,
                "wheel_velocity_fr": -1.4484643936157227,
                "wheel_velocity_rl": 1.5402002334594727,
                "wheel_velocity_rr": 198.21681213378906
            }
        },
        {
            "current_time": 0.2833333481103182,
            "current_time_step": 17,
            "data": {
                "base_link_transform_matrix": [
                    [
                        0.9999883954755722,
                        -0.004755866312036459,
                        -0.000768537450501809,
                        0
                    ],
                    [
                        0.004751930390412222,
                        0.9999759859911184,
                        -0.005044462177013782,
                        0
                    ],
                    [
                        0.0007925097825666488,
                        0.005040751601962013,
                        0.9999869812910225,
                        0
                    ],
                    [
                        -0.006168298423290253,
                        -0.08913064748048782,
                        -0.012927055358886719,
                        1
                    ]
                ],
                "wheel_velocity_fl": -1.2522526979446411,
                "wheel_velocity_fr": -1.4484643936157227,
                "wheel_velocity_rl": 1.5402002334594727,
                "wheel_velocity_rr": 198.36376953125
            }
        },
        {
            "current_time": 0.30000001564621925,
            "current_time_step": 18,
            "data": {
                "base_link_transform_matrix": [
                    [
                        0.9999878627945108,
                        -0.00478654055736815,
                        -0.0011676014557131192,
                        0
                    ],
                    [
                        0.004780776937175571,
                        0.9999766151682165,
                        -0.00489012153159392,
                        0
                    ],
                    [
                        0.001190980916590921,
                        0.004884480137072738,
                        0.9999873616292593,
                        0
                    ],
                    [
                        -0.006176173686981201,
                        -0.09707950800657272,
                        -0.012935787439346313,
                        1
                    ]
                ],
                "wheel_velocity_fl": -1.2522526979446411,
                "wheel_velocity_fr": -1.4484643936157227,
                "wheel_velocity_rl": 1.5402002334594727,
                "wheel_velocity_rr": 184.4556884765625
            }
        },
        {
            "current_time": 0.3166666831821203,
            "current_time_step": 19,
            "data": {
                "base_link_transform_matrix": [
                    [
                        0.9999876721830646,
                        -0.00481187493652706,
                        -0.0012252924103645791,
                        0
                    ],
                    [
                        0.00480534805395764,
                        0.9999745403353477,
                        -0.005275159826040458,
                        0
                    ],
                    [
                        0.001250644624183809,
                        0.005269206838336144,
                        0.9999853355661366,
                        0
                    ],
                    [
                        -0.00613364577293396,
                        -0.10523050278425217,
                        -0.013244479894638062,
                        1
                    ]
                ],
                "wheel_velocity_fl": -1.2522526979446411,
                "wheel_velocity_fr": -1.4484643936157227,
                "wheel_velocity_rl": 1.5402002334594727,
                "wheel_velocity_rr": 184.2554931640625
            }
        },
        {
            "current_time": 0.3333333507180214,
            "current_time_step": 20,
            "data": {
                "base_link_transform_matrix": [
                    [
                        0.9999871002992966,
                        -0.004938185260463502,
                        -0.0011889328567645297,
                        0
                    ],
                    [
                        0.004932151982491671,
                        0.9999752108940924,
                        -0.005025084490534678,
                        0
                    ],
                    [
                        0.0012137181823457686,
                        0.005019155670902199,
                        0.9999866673933834,
                        0
                    ],
                    [
                        -0.006280377507209778,
                        -0.11316569894552231,
                        -0.013361990451812744,
                        1
                    ]
                ],
                "wheel_velocity_fl": -1.2522526979446411,
                "wheel_velocity_fr": -1.4484643936157227,
                "wheel_velocity_rl": 1.5402002334594727,
                "wheel_velocity_rr": 204.2930145263672
            }
        },
        {
            "current_time": 0.35000001825392246,
            "current_time_step": 21,
            "data": {
                "base_link_transform_matrix": [
                    [
                        0.9999843052957612,
                        -0.005394661307329522,
                        -0.001512214116169179,
                        0
                    ],
                    [
                        0.005386622098548601,
                        0.9999716011859217,
                        -0.005270780210882012,
                        0
                    ],
                    [
                        0.0015406052451447307,
                        0.005262551761569601,
                        0.999984965929206,
                        0
                    ],
                    [
                        -0.006572812795639038,
                        -0.12114232778549194,
                        -0.013630479574203491,
                        1
                    ]
                ],
                "wheel_velocity_fl": -1.2522526979446411,
                "wheel_velocity_fr": -1.4484643936157227,
                "wheel_velocity_rl": 1.5402002334594727,
                "wheel_velocity_rr": 177.97010803222656
            }
        },
        {
            "current_time": 0.36666668578982353,
            "current_time_step": 22,
            "data": {
                "base_link_transform_matrix": [
                    [
                        0.9999818662490289,
                        -0.005718743705541974,
                        -0.0018876290789219107,
                        0
                    ],
                    [
                        0.0057088301531188785,
                        0.9999701002662893,
                        -0.005216112701069782,
                        0
                    ],
                    [
                        0.0019174022509917468,
                        0.00520524195957737,
                        0.9999846143940166,
                        0
                    ],
                    [
                        -0.006523236632347107,
                        -0.12906156480312347,
                        -0.013911187648773193,
                        1
                    ]
                ],
                "wheel_velocity_fl": -1.2522526979446411,
                "wheel_velocity_fr": -1.4484643936157227,
                "wheel_velocity_rl": 1.5402002334594727,
                "wheel_velocity_rr": 247.18331909179688
            }
        },
        {
            "current_time": 0.3833333533257246,
            "current_time_step": 23,
            "data": {
                "base_link_transform_matrix": [
                    [
                        0.9999810616558984,
                        -0.005852198499854947,
                        -0.001904757795814458,
                        0
                    ],
                    [
                        0.005841539559046316,
                        0.9999675129839019,
                        -0.00555422293126003,
                        0
                    ],
                    [
                        0.0019372003310234624,
                        0.005542991025460289,
                        0.9999827611040948,
                        0
                    ],
                    [
                        -0.0062709227204322815,
                        -0.13690952956676483,
                        -0.013616621494293213,
                        1
                    ]
                ],
                "wheel_velocity_fl": -1.2522526979446411,
                "wheel_velocity_fr": -1.4484643936157227,
                "wheel_velocity_rl": 1.5402002334594727,
                "wheel_velocity_rr": 181.85549926757812
            }
        },
        {
            "current_time": 0.40000002086162567,
            "current_time_step": 24,
            "data": {
                "base_link_transform_matrix": [
                    [
                        0.9999793026413171,
                        -0.006202944210731146,
                        -0.0017081487358535145,
                        0
                    ],
                    [
                        0.006194181172616794,
                        0.9999678690676574,
                        -0.005088511755814437,
                        0
                    ],
                    [
                        0.0017396576059790182,
                        0.005077825854321811,
                        0.9999855945342448,
                        0
                    ],
                    [
                        -0.006164424121379852,
                        -0.14465613663196564,
                        -0.013749748468399048,
                        1
                    ]
                ],
                "wheel_velocity_fl": -1.2522526979446411,
                "wheel_velocity_fr": -1.4484643936157227,
                "wheel_velocity_rl": 1.5402002334594727,
                "wheel_velocity_rr": 201.7901153564453
            }
        },
        {
            "current_time": 0.41666668839752674,
            "current_time_step": 25,
            "data": {
                "base_link_transform_matrix": [
                    [
                        0.9999764371800535,
                        -0.006624874132060964,
                        -0.0017989239619599989,
                        0
                    ],
                    [
                        0.00661522528572071,
                        0.9999639799200245,
                        -0.005317674014459143,
                        0
                    ],
                    [
                        0.0018340880855961421,
                        0.005305648427783559,
                        0.9999842429836857,
                        0
                    ],
                    [
                        -0.006288520991802216,
                        -0.15251541137695312,
                        -0.014035522937774658,
                        1
                    ]
                ],
                "wheel_velocity_fl": -1.2522526979446411,
                "wheel_velocity_fr": -1.4484643936157227,
                "wheel_velocity_rl": 1.5402002334594727,
                "wheel_velocity_rr": 176.73822021484375
            }
        },
        {
            "current_time": 0.4333333559334278,
            "current_time_step": 26,
            "data": {
                "base_link_transform_matrix": [
                    [
                        0.9999745488961657,
                        -0.006912435424671502,
                        -0.0017662945421901685,
                        0
                    ],
                    [
                        0.006902631050473816,
                        0.9999610626595364,
                        -0.005497894996423592,
                        0
                    ],
                    [
                        0.0018042296115126227,
                        0.005485562989375963,
                        0.9999833265380971,
                        0
                    ],
                    [
                        -0.006172433495521545,
                        -0.16016659140586853,
                        -0.013978153467178345,
                        1
                    ]
                ],
                "wheel_velocity_fl": -1.2522526979446411,
                "wheel_velocity_fr": -1.4484643936157227,
                "wheel_velocity_rl": 1.5402002334594727,
                "wheel_velocity_rr": 182.2048797607422
            }
        },
        {
            "current_time": 0.4500000234693289,
            "current_time_step": 27,
            "data": {
                "base_link_transform_matrix": [
                    [
                        0.9999745428322561,
                        -0.0069324201070468305,
                        -0.0016897452115010845,
                        0
                    ],
                    [
                        0.006922597562541874,
                        0.9999595000251447,
                        -0.005751169659285402,
                        0
                    ],
                    [
                        0.0017295463010475744,
                        0.005739325824712207,
                        0.999982034242951,
                        0
                    ],
                    [
                        -0.006070427596569061,
                        -0.1678660362958908,
                        -0.014127761125564575,
                        1
                    ]
                ],
                "wheel_velocity_fl": -1.2522526979446411,
                "wheel_velocity_fr": -1.4484643936157227,
                "wheel_velocity_rl": 1.5402002334594727,
                "wheel_velocity_rr": 182.41171264648438
            }
        },
        {
            "current_time": 0.46666669100522995,
            "current_time_step": 28,
            "data": {
                "base_link_transform_matrix": [
                    [
                        0.9999735943333681,
                        -0.007073022387189248,
                        -0.0016682296949066223,
                        0
                    ],
                    [
                        0.007063462416413126,
                        0.999958986829289,
                        -0.005668523443876486,
                        0
                    ],
                    [
                        0.0017082548687382055,
                        0.005656590284984215,
                        0.9999825422734395,
                        0
                    ],
                    [
                        -0.005754746496677399,
                        -0.17532669007778168,
                        -0.01416805386543274,
                        1
                    ]
                ],
                "wheel_velocity_fl": -1.2522526979446411,
                "wheel_velocity_fr": -1.4484643936157227,
                "wheel_velocity_rl": 1.5402002334594727,
                "wheel_velocity_rr": 243.00233459472656
            }
        },
        {
            "current_time": 0.483333358541131,
            "current_time_step": 29,
            "data": {
                "base_link_transform_matrix": [
                    [
                        0.9999742679400427,
                        -0.006971084493597169,
                        -0.0016933513394530686,
                        0
                    ],
                    [
                        0.006960897701604308,
                        0.9999580770715247,
                        -0.005948949706154534,
                        0
                    ],
                    [
                        0.0017347509802557444,
                        0.005937009381977205,
                        0.9999808710963599,
                        0
                    ],
                    [
                        -0.005692601203918457,
                        -0.18280339241027832,
                        -0.014289230108261108,
                        1
                    ]
                ],
                "wheel_velocity_fl": -1.2522526979446411,
                "wheel_velocity_fr": -1.4484643936157227,
                "wheel_velocity_rl": 1.5402002334594727,
                "wheel_velocity_rr": 183.6071319580078
            }
        },
        {
            "current_time": 0.5000000260770321,
            "current_time_step": 30,
            "data": {
                "base_link_transform_matrix": [
                    [
                        0.9999773135611911,
                        -0.006606673903350785,
                        -0.0013130966750598135,
                        0
                    ],
                    [
                        0.006598657716406761,
                        0.9999601190273076,
                        -0.006018145165618261,
                        0
                    ],
                    [
                        0.0013528042300994397,
                        0.0060093439598289475,
                        0.9999810286729881,
                        0
                    ],
                    [
                        -0.005508117377758026,
                        -0.19024653732776642,
                        -0.014636397361755371,
                        1
                    ]
                ],
                "wheel_velocity_fl": -1.2522526979446411,
                "wheel_velocity_fr": -1.4484643936157227,
                "wheel_velocity_rl": 1.5402002334594727,
                "wheel_velocity_rr": 194.9945068359375
            }
        },
        {
            "current_time": 0.5166666936129332,
            "current_time_step": 31,
            "data": {
                "base_link_transform_matrix": [
                    [
                        0.9999809945548905,
                        -0.006071712783233919,
                        -0.0010699686397237812,
                        0
                    ],
                    [
                        0.0060652816603824124,
                        0.9999641139037266,
                        -0.005914665088994627,
                        0
                    ],
                    [
                        0.0011058423903555629,
                        0.005908063016984237,
                        0.9999819357888396,
                        0
                    ],
                    [
                        -0.005429096519947052,
                        -0.1977461278438568,
                        -0.014426738023757935,
                        1
                    ]
                ],
