{"Isaac Sim Data": [{"current_time": 0, "current_time_step": 0, "data": {"base_link_transform_matrix": [[1.0, 0.0, 0.0, 0.0], [0.0, 1.0, 0.0, 0.0], [0.0, 0.0, 1.0, 0.0], [4.470348358154297e-08, 1.3969838619232178e-09, 0.0, 1.0]]}}, {"current_time": 0.01666666753590107, "current_time_step": 1, "data": {"base_link_transform_matrix": [[1.0, 0.0, 0.0, 0.0], [0.0, 1.0, 0.0, 0.0], [0.0, 0.0, 1.0, 0.0], [2.0332634449005127e-05, 4.951600203639828e-06, -0.002743661403656006, 1.0]]}}, {"current_time": 0.03333333507180214, "current_time_step": 2, "data": {"base_link_transform_matrix": [[1.0, 0.0, 0.0, 0.0], [0.0, 1.0, 0.0, 0.0], [0.0, 0.0, 1.0, 0.0], [-5.6438148021698e-05, -8.878162043401971e-05, -0.007558077573776245, 1.0]]}}, {"current_time": 0.05000000260770321, "current_time_step": 3, "data": {"base_link_transform_matrix": [[0.9999998359247962, 0.00020053122725786988, -0.0005365981805603267, 0.0], [-0.00020095556037809465, 0.999999667089114, -0.0007908467132439509, 0.0], [0.0005364394124589713, 0.0007909544158736877, 0.99999954331183, 0.0], [0.0008963048458099365, -0.00019468653772491962, -0.008172780275344849, 1.0]]}}, {"current_time": 0.06666667014360428, "current_time_step": 4, "data": {"base_link_transform_matrix": [[0.9999997967238883, -6.327373019931748e-05, -0.0006344671914898619, 0.0], [6.28044121215868e-05, 0.9999997244520191, -0.000739696891681239, 0.0], [0.000634513820045262, 0.0007396568939795592, 0.9999995251498329, 0.0], [0.0038393959403038025, -0.0002158168936148286, -0.008908331394195557, 1.0]]}}, {"current_time": 0.08333333767950535, "current_time_step": 5, "data": {"base_link_transform_matrix": [[0.9999995644101403, -0.0002589526367555002, -0.0008967290904656729, 0.0], [0.0002582819142807627, 0.9999996868927269, -0.0007480006022979211, 0.0], [0.0008969225064215324, 0.000747768667570367, 0.9999993181857862, 0.0], [0.008177235722541809, -0.0001484482199884951, -0.009173452854156494, 1.0]]}}, {"current_time": 0.10000000521540642, "current_time_step": 6, "data": {"base_link_transform_matrix": [[0.9999994522150997, -6.864344013030734e-05, -0.0010444412759069751, 0.0], [6.80389672268815e-05, 0.9999998301939661, -0.0005787769327188412, 0.0], [0.0010444808277942743, 0.000578705552967835, 0.9999992870795875, 0.0], [0.01406387984752655, -5.1966344472020864e-06, -0.009214311838150024, 1.0]]}}, {"current_time": 0.11666667275130749, "current_time_step": 7, "data": {"base_link_transform_matrix": [[0.9999992256712903, 0.0002324705892579771, -0.001222544168911276, 0.0], [-0.00023320273935501057, 0.9999997935480379, -0.0005987657003168955, 0.0], [0.0012224047210994534, 0.0005990503373245959, 0.9999990734322663, 0.0], [0.02136274427175522, -0.00014212695532478392, -0.009574711322784424, 1.0]]}}, {"current_time": 0.13333334028720856, "current_time_step": 8, "data": {"base_link_transform_matrix": [[0.9999989687242141, 0.00032747093401256066, -0.0013983251752018096, 0.0], [-0.00032826391050693626, 0.9999997854345127, -0.0005668983450859067, 0.0], [0.0013981392324389317, 0.0005673567801475424, 0.9999988616558374, 0.0], [0.029423438012599945, -0.00015113760309759527, -0.010038822889328003, 1.0]]}}, {"current_time": 0.15000000782310963, "current_time_step": 9, "data": {"base_link_transform_matrix": [[0.9999988196335705, 0.0005613635710989447, -0.0014302455756621864, 0.0], [-0.0005615825957368838, 0.9999998306476059, -0.0001527407856928636, 0.0], [0.0014301595903337652, 0.00015354380642568935, 0.9999989655333877, 0.0], [0.0376310870051384, -0.00015266117407009006, -0.010258018970489502, 1.0]]}}, {"current_time": 0.1666666753590107, "current_time_step": 10, "data": {"base_link_transform_matrix": [[0.9999988089754217, 0.00044080694581835486, -0.001479100055634373, 0.0], [-0.0004408753092243404, 0.9999999017613527, -4.589386409377743e-05, 0.0], [0.0014790796799955212, 4.654590812745884e-05, 0.9999989050777899, 0.0], [0.04619946330785751, -0.00020478034275583923, -0.010646700859069824, 1.0]]}}, {"current_time": 0.18333334289491177, "current_time_step": 11, "data": {"base_link_transform_matrix": [[0.9999988199808668, 0.00035871247737456215, -0.0014937744918811235, 0.0], [-0.000358480349987842, 0.9999999236306831, 0.000155661384652754, 0.0], [0.0014938302154835065, -0.00015512571216668938, 0.9999988722030144, 0.0], [0.05482269823551178, -0.00020968110766261816, -0.010773271322250366, 1.0]]}}, {"current_time": 0.20000001043081284, "current_time_step": 12, "data": {"base_link_transform_matrix": [[0.9999988578009847, 0.0003323901909661558, -0.0014744197119291311, 0.0], [-0.0003319244176811506, 0.9999998949420271, 0.00031613622955349254, 0.0], [0.0014745246376112978, -0.0003156464725587028, 0.9999988630715524, 0.0], [0.06356535851955414, -0.00022662740957457572, -0.01129952073097229, 1.0]]}}, {"current_time": 0.2166666779667139, "current_time_step": 13, "data": {"base_link_transform_matrix": [[0.9999986328122107, 0.00034628484052099637, -0.0016169293486623301, 0.0], [-0.00034570939402913525, 0.9999998768195251, 0.00035615439009044797, 0.0], [0.0016170524803543784, -0.00035559491549520074, 0.9999986293458266, 0.0], [0.07239065319299698, -0.0002787433913908899, -0.011718332767486572, 1.0]]}}, {"current_time": 0.23333334550261497, "current_time_step": 14, "data": {"base_link_transform_matrix": [[0.9999985868824749, 0.0003124864452733594, -0.0016518429933957955, 0.0], [-0.0003121783482619101, 0.9999999338305083, 0.00018677167279725147, 0.0], [0.0016519012477102944, -0.00018625573924966113, 0.9999986182645791, 0.0], [0.08118335902690887, -0.0003504383785184473, -0.01157495379447937, 1.0]]}}, {"current_time": 0.25000001303851604, "current_time_step": 15, "data": {"base_link_transform_matrix": [[0.9999985695769722, 0.0002307779746096145, -0.0016755851323883798, 0.0], [-0.00023080022786112054, 0.9999999732799852, -1.3087533132317046e-05, 0.0], [0.0016755820673023316, 1.3474239841964221e-05, 0.9999985961206048, 0.0], [0.09003185480833054, -0.00039011641638353467, -0.0118369460105896, 1.0]]}}, {"current_time": 0.2666666805744171, "current_time_step": 16, "data": {"base_link_transform_matrix": [[0.9999985742044499, 0.00017539917667604962, -0.0016795309452632898, 0.0], [-0.00017556228367770772, 0.9999999798875769, -9.696767653910872e-05, 0.0], [0.0016795139034332237, 9.72624005712848e-05, 0.9999985848855355, 0.0], [0.09894923120737076, -0.00038217479595914483, -0.01214095950126648, 1.0]]}}, {"current_time": 0.2833333481103182, "current_time_step": 17, "data": {"base_link_transform_matrix": [[0.999998488033515, 8.869207624813142e-05, -0.001736682008756943, 0.0], [-8.966511063210789e-05, 0.9999998390603654, -0.0005602137193216235, 0.0], [0.0017366320427380658, 0.0005603685920817034, 0.9999983350467085, 0.0], [0.10784275084733963, -0.0004591250035446137, -0.012316524982452393, 1.0]]}}, {"current_time": 0.30000001564621925, "current_time_step": 18, "data": {"base_link_transform_matrix": [[0.9999987458077011, 4.8181960237342526e-05, -0.0015830544916540783, 0.0], [-4.912202227032303e-05, 0.9999998224975711, -0.0005937944536269597, 0.0], [0.001583025600477307, 0.000593871471732523, 0.9999985706722901, 0.0], [0.11678361892700195, -0.0004049907438457012, -0.0125216543674469, 1.0]]}}, {"current_time": 0.3166666831821203, "current_time_step": 19, "data": {"base_link_transform_matrix": [[0.9999984775447731, 1.9959365863354362e-05, -0.0017448523604142912, 0.0], [-2.149024747349881e-05, 0.9999996148922898, -0.0008773559376376459, 0.0], [0.0017448341769900422, 0.0008773920992115429, 0.9999980928665809, 0.0], [0.12566101551055908, -0.0004164677229709923, -0.012613058090209961, 1.0]]}}, {"current_time": 0.3333333507180214, "current_time_step": 20, "data": {"base_link_transform_matrix": [[0.9999984131378015, -7.600213088025281e-06, -0.0017814780705129691, 0.0], [5.716714284813748e-06, 0.9999994410733946, -0.0010572701724841792, 0.0], [0.001781485110276081, 0.001057258310540975, 0.9999978542555312, 0.0], [0.1345938742160797, -0.0003973490674979985, -0.013136088848114014, 1.0]]}}, {"current_time": 0.35000001825392246, "current_time_step": 21, "data": {"base_link_transform_matrix": [[0.9999984144290459, -8.963948633247403e-06, -0.0017807467652033628, 0.0], [7.079048657469189e-06, 0.9999994397721454, -0.0010584919849865237, 0.0], [0.0017807552558472054, 0.0010584777006793795, 0.9999978542655359, 0.0], [0.14355412125587463, -0.0003182626678608358, -0.013235718011856079, 1.0]]}}, {"current_time": 0.36666668578982353, "current_time_step": 22, "data": {"base_link_transform_matrix": [[0.9999982680427794, 1.690324035133899e-05, -0.0018610818686888436, 0.0], [-1.859632631398576e-05, 0.9999995860330566, -0.000909718578463534, 0.0], [0.0018610657210706874, 0.0009097516121556005, 0.9999978543908912, 0.0], [0.1524350941181183, -0.00023278247681446373, -0.013098657131195068, 1.0]]}}, {"current_time": 0.3833333533257246, "current_time_step": 23, "data": {"base_link_transform_matrix": [[0.999998138475787, 8.934709043304522e-05, -0.001927449625311943, 0.0], [-9.080032280831683e-05, 0.9999997117009359, -0.0007538921317954226, 0.0], [0.0019273817115615436, 0.0007540657414551403, 0.9999978582900043, 0.0], [0.16136106848716736, -0.00017839197244029492, -0.013364344835281372, 1.0]]}}, {"current_time": 0.40000002086162567, "current_time_step": 24, "data": {"base_link_transform_matrix": [[0.999998261819893, 0.00016419176019453265, -0.0018572555716843437, 0.0], [-0.00016527203654940781, 0.9999998172636168, -0.0005815134452055693, 0.0], [0.0018571597525800325, 0.000581819386841192, 0.9999981062201341, 0.0], [0.17033153772354126, -0.00012715236516669393, -0.013484030961990356, 1.0]]}}, {"current_time": 0.41666668839752674, "current_time_step": 25, "data": {"base_link_transform_matrix": [[0.9999981103413589, 0.00024089235708874742, -0.00192906313625511, 0.0], [-0.00024125519676876213, 0.9999999532521523, -0.00018786064822644375, 0.0], [0.001929017791881205, 0.00018832568974046308, 0.9999981217101326, 0.0], [0.17925532162189484, -3.939267116948031e-05, -0.013689517974853516, 1.0]]}}, {"current_time": 0.4333333559334278, "current_time_step": 26, "data": {"base_link_transform_matrix": [[0.9999983359396161, 0.00028535768672148314, -0.0018018570945914883, 0.0], [-0.0002855355008886108, 0.9999999543907654, -9.842735824637449e-05, 0.0], [0.0018018289254069062, 9.894168862534082e-05, 0.9999983718102075, 0.0], [0.18820913136005402, -5.2955831051804125e-05, -0.013718664646148682, 1.0]]}}, {"current_time": 0.4500000234693289, "current_time_step": 27, "data": {"base_link_transform_matrix": [[0.9999980951513272, 0.00033373089112910043, -0.0019231009878627895, 0.0], [-0.0003335949199120088, 0.9999999418349744, 7.10244830241621e-05, 0.0], [0.001923124579069583, -7.038281101324108e-05, 0.9999981483173422, 0.0], [0.19709116220474243, -4.978654033038765e-05, -0.013863623142242432, 1.0]]}}, {"current_time": 0.46666669100522995, "current_time_step": 28, "data": {"base_link_transform_matrix": [[0.9999978854362137, 0.00036959464935032443, -0.0020229984914196353, 0.0], [-0.00036908926961234484, 0.9999999005903352, 0.00025018479333992845, 0.0], [0.002023090757275001, -0.0002494375972725997, 0.9999979224401783, 0.0], [0.2060445249080658, -5.702789349015802e-05, -0.01439124345779419, 1.0]]}}, {"current_time": 0.483333358541131, "current_time_step": 29, "data": {"base_link_transform_matrix": [[0.999998346197794, 0.0003869753707247721, -0.001777034535197933, 0.0], [-0.00038666626799260416, 0.9999999100572649, 0.00017428327358705797, 0.0], [0.0017771018187009938, -0.00017359586604517667, 0.99999840588553, 0.0], [0.21500976383686066, -0.00012651714496314526, -0.014254599809646606, 1.0]]}}, {"current_time": 0.5000000260770321, "current_time_step": 30, "data": {"base_link_transform_matrix": [[0.999998092679134, 0.00037967221089140585, -0.0019158515356070616, 0.0], [-0.0003796863705790867, 0.9999999278944374, -7.027100050237581e-06, 0.0], [0.0019158487294688965, 7.754509363426042e-06, 0.9999981647300725, 0.0], [0.2238779067993164, -0.0002138590789400041, -0.014149993658065796, 1.0]]}}, {"current_time": 0.5166666936129332, "current_time_step": 31, "data": {"base_link_transform_matrix": [[0.9999981010369153, 0.00030536034376956383, -0.0019247539125386728, 0.0], [-0.00030560959648807804, 0.9999999449543286, -0.00012920570485256837, 0.0], [0.001924714352290851, 0.0001297936827622543, 0.9999981393123999, 0.0], [0.23282840847969055, -0.0002504436415620148, -0.0143984854221344, 1.0]]}}, {"current_time": 0.5333333611488342, "current_time_step": 32, "data": {"base_link_transform_matrix": [[0.999998165651903, 0.00021994031441573, -0.0019027136114719914, 0.0], [-0.0002206673249339384, 0.9999999027330093, -0.0003818899103219131, 0.0], [0.001902629433413816, 0.00038230907652564173, 0.9999981169187315, 0.0], [0.24177730083465576, -0.0003228742862120271, -0.014443069696426392, 1.0]]}}, {"current_time": 0.5500000286847353, "current_time_step": 33, "data": {"base_link_transform_matrix": [[0.9999980908660058, 0.00013403488262584597, -0.0019494355577483232, 0.0], [-0.00013537595160899, 0.9999997542945733, -0.0006878111256776128, 0.0], [0.0019493428880779289, 0.0006880737192477419, 0.999997863306148, 0.0], [0.250718355178833, -0.00036121445009484887, -0.014611124992370605, 1.0]]}}, {"current_time": 0.5666666962206364, "current_time_step": 34, "data": {"base_link_transform_matrix": [[0.9999981706760045, 5.770819160568672e-05, -0.0019118876559891596, 0.0], [-5.922915869597892e-05, 0.9999996818480643, -0.0007954845548479527, 0.0], [0.0019118411417432906, 0.000795596339146354, 0.9999978559426584, 0.0], [0.2596292495727539, -0.0003701814857777208, -0.014585286378860474, 1.0]]}}, {"current_time": 0.5833333637565374, "current_time_step": 35, "data": {"base_link_transform_matrix": [[0.9999976950483355, -2.2796340881392752e-06, -0.0021470660957322953, 0.0], [1.5377292790552042e-08, 0.99999944392908, -0.0010545812109161693, 0.0], [0.002147067305870553, 0.0010545787471413878, 0.9999971389787323, 0.0], [0.2685154676437378, -0.00038811395643278956, -0.014765411615371704, 1.0]]}}, {"current_time": 0.6000000312924385, "current_time_step": 36, "data": {"base_link_transform_matrix": [[0.9999980735027039, -2.1072777125676867e-05, -0.0019627905692763733, 0.0], [1.8756824879371546e-05, 0.9999993036954858, -0.0011799392887147063, 0.0], [0.001962814067174092, 0.0011799001998458744, 0.9999973775947896, 0.0], [0.27752989530563354, -0.0003648433485068381, -0.015162676572799683, 1.0]]}}, {"current_time": 0.6166666988283396, "current_time_step": 37, "data": {"base_link_transform_matrix": [[0.9999981995427482, -1.1310127890843859e-05, -0.001897573013862698, 0.0], [9.25981461854851e-06, 0.9999994162192809, -0.0010804977339910092, 0.0], [0.0018975841266637167, 0.0010804782174266949, 0.9999976158678099, 0.0], [0.28644275665283203, -0.0002965765306726098, -0.014928579330444336, 1.0]]}}, {"current_time": 0.6333333663642406, "current_time_step": 38, "data": {"base_link_transform_matrix": [[0.999997808922472, 5.081435293595704e-05, -0.0020927417797269514, 0.0], [-5.2758501326892534e-05, 0.9999995671330988, -0.0009289511050302476, 0.0], [0.0020926936697989906, 0.0009290594795463194, 0.9999973787374085, 0.0], [0.29530495405197144, -0.00023219776630867273, -0.014882892370223999, 1.0]]}}, {"current_time": 0.6500000339001417, "current_time_step": 39, "data": {"base_link_transform_matrix": [[0.999997958014263, 0.00011780652180123512, -0.002017446139972384, 0.0], [-0.00011947548295145047, 0.9999996507628044, -0.0008271637553731157, 0.0], [0.0020173479901201712, 0.0008274031016684269, 0.9999976228527716, 0.0], [0.30428576469421387, -0.00020000908989459276, -0.01504775881767273, 1.0]]}}, {"current_time": 0.6666667014360428, "current_time_step": 40, "data": {"base_link_transform_matrix": [[0.9999977608346922, 0.0001982959501210751, -0.00210689447242843, 0.0], [-0.0001994305967107553, 0.999999835206903, -0.0005383433884579561, 0.0], [0.0021067873739130595, 0.00053876236223996, 0.9999976355882438, 0.0], [0.31321510672569275, -0.00013151259918231517, -0.015079021453857422, 1.0]]}}, {"current_time": 0.6833333689719439, "current_time_step": 41, "data": {"base_link_transform_matrix": [[0.9999981365864685, 0.0002506522511755371, -0.0019141570049499735, 0.0], [-0.000251219649295191, 0.9999999245808978, -0.0002961872490405278, 0.0], [0.0019140826205852294, 0.0002966675709726796, 0.9999981241362775, 0.0], [0.3221990466117859, -0.00012268763384781778, -0.015159249305725098, 1.0]]}}, {"current_time": 0.7000000365078449, "current_time_step": 42, "data": {"base_link_transform_matrix": [[0.9999978679005906, 0.0002814430517786873, -0.002045723363851134, 0.0], [-0.00028178127030935546, 0.9999999466800258, -0.00016504321038247658, 0.0], [0.0020456768045084115, 0.00016561930502211273, 0.9999978938861108, 0.0], [0.33110350370407104, -0.00014239300799090415, -0.015133470296859741, 1.0]]}}, {"current_time": 0.716666704043746, "current_time_step": 43, "data": {"base_link_transform_matrix": [[0.999997377399379, 0.0003193238722428789, -0.0022678683005364964, 0.0], [-0.00031931842051484665, 0.9999999490140465, 2.765985876086114e-06, 0.0], [0.002267869068152389, -2.041806498346834e-06, 0.9999974283795537, 0.0], [0.3400005102157593, -0.0001631971972528845, -0.015397369861602783, 1.0]]}}, {"current_time": 0.7333333715796471, "current_time_step": 44, "data": {"base_link_transform_matrix": [[0.9999983374018642, 0.00033353367030217553, -0.001792748950107444, 0.0], [-0.00033333192896329103, 0.9999999380796679, 0.00011282945300316223, 0.0], [0.001792786471521412, -0.00011223168494743777, 0.9999983866590568, 0.0], [0.3490743041038513, -0.00020469921582844108, -0.015570729970932007, 1.0]]}}, {"current_time": 0.7500000391155481, "current_time_step": 45, "data": {"base_link_transform_matrix": [[0.9999980927819874, 0.00030435357412258963, -0.001929197058308133, 0.0], [-0.0003043847012474894, 0.9999999535495044, -1.5841167784022813e-05, 0.0], [0.0019291921473799402, 1.642835564170293e-05, 0.9999981389721521, 0.0], [0.35793113708496094, -0.0002989034401252866, -0.015365660190582275, 1.0]]}}, {"current_time": 0.7666667066514492, "current_time_step": 46, "data": {"base_link_transform_matrix": [[0.9999976358167085, 0.0002192010773639593, -0.002163402847648175, 0.0], [-0.00021963377315414656, 0.9999999559261791, -0.00019977148370188267, 0.0], [0.002163358962174291, 0.0002002461677357602, 0.9999976398869515, 0.0], [0.3667871057987213, -0.0003695129416882992, -0.015395194292068481, 1.0]]}}, {"current_time": 0.7833333741873503, "current_time_step": 47, "data": {"base_link_transform_matrix": [[0.9999981699093359, 0.00013938539464970537, -0.0019080748650572908, 0.0], [-0.00014013541790262074, 0.9999999129759911, -0.0003929504738005428, 0.0], [0.0019080199274520984, 0.00039321714353415354, 0.9999981024183169, 0.0], [0.3757948875427246, -0.0004186080186627805, -0.015480577945709229, 1.0]]}}, {"current_time": 0.8000000417232513, "current_time_step": 48, "data": {"base_link_transform_matrix": [[0.9999976279907207, 6.121037976489551e-05, -0.002177215244696724, 0.0], [-6.275171748636013e-05, 0.9999997474849414, -0.0007078787153016498, 0.0], [0.0021771713653920975, 0.0007080136602027106, 0.9999973793173174, 0.0], [0.3846982717514038, -0.00047425803495571017, -0.01554766297340393, 1.0]]}}, {"current_time": 0.8166667092591524, "current_time_step": 49, "data": {"base_link_transform_matrix": [[0.9999982811503437, -1.2338692428345942e-06, -0.0018541021642938388, 0.0], [-4.793803877160481e-07, 0.9999995730829487, -0.0009240312172660259, 0.0], [0.0018541025128797086, 0.0009240305178155002, 0.9999978542334348, 0.0], [0.39369988441467285, -0.0004803598567377776, -0.015543043613433838, 1.0]]}}, {"current_time": 0.8333333767950535, "current_time_step": 50, "data": {"base_link_transform_matrix": [[0.9999976989135839, -3.133458662486286e-05, -0.0021450374543906625, 0.0], [2.9064604545096026e-05, 0.9999994396084816, -0.0010582712183651835, 0.0], [0.0021450694128210307, 0.0010582064385263124, 0.9999971394340824, 0.0], [0.4025766849517822, -0.0004537795321084559, -0.015551775693893433, 1.0]]}}, {"current_time": 0.8500000443309546, "current_time_step": 51, "data": {"base_link_transform_matrix": [[0.9999971542156023, -5.927986835888674e-05, -0.0023849625980501337, 0.0], [5.6397089946910965e-05, 0.9999992678346621, -0.0012087801735870109, 0.0], [0.0023850325081927522, 0.0012086422287090903, 0.99999642539556, 0.0], [0.4114952087402344, -0.000426829035859555, -0.01586475968360901, 1.0]]}}, {"current_time": 0.8666667118668556, "current_time_step": 52, "data": {"base_link_transform_matrix": [[0.999998457474796, -7.611121268251888e-05, -0.0017547806449646377, 0.0], [7.383444645276782e-05, 0.9999991555296576, -0.0012974931391665102, 0.0], [0.0017548779168806948, 0.0012973615744930741, 0.9999976186253855, 0.0], [0.42058053612709045, -0.00038531492464244366, -0.015932738780975342, 1.0]]}}, {"current_time": 0.8833333794027567, "current_time_step": 53, "data": {"base_link_transform_matrix": [[0.999997819035729, -4.2278268966645835e-05, -0.0020880939474492224, 0.0], [3.98430209986586e-05, 0.9999993190993555, -0.0011662818523404158, 0.0], [0.002088141834042552, 0.0011661961127503704, 0.9999971398210634, 0.0], [0.42939069867134094, -0.00029569226899184287, -0.015686452388763428, 1.0]]}}, {"current_time": 0.9000000469386578, "current_time_step": 54, "data": {"base_link_transform_matrix": [[0.9999974646944256, 3.980834405554254e-05, -0.002251448426374764, 0.0], [-4.219981200144874e-05, 0.9999994350245783, -0.0010621533316995061, 0.0], [0.002251404871796472, 0.0010622456495165676, 0.999996901400341, 0.0], [0.43828243017196655, -0.0002477169909980148, -0.0157182514667511, 1.0]]}}, {"current_time": 0.9166667144745588, "current_time_step": 55, "data": {"base_link_transform_matrix": [[0.9999979274947431, 0.00014357441805372683, -0.0020308600653210353, 0.0], [-0.00014517780156374742, 0.9999996778979334, -0.0007893842127557083, 0.0], [0.002030746075797844, 0.0007896774125523445, 0.9999976262371625, 0.0], [0.4472813010215759, -0.00016123864043038338, -0.015801966190338135, 1.0]]}}, {"current_time": 0.9333333820104599, "current_time_step": 56, "data": {"base_link_transform_matrix": [[0.9999975598418972, 0.0002277870231511531, -0.0021973673619439284, 0.0], [-0.00022911432831084855, 0.9999997914597026, -0.0006038105463214585, 0.0], [0.0021972293634973912, 0.0006043125212754454, 0.9999974034913794, 0.0], [0.4561897814273834, -0.00013520920765586197, -0.015796631574630737, 1.0]]}}, {"current_time": 0.950000049546361, "current_time_step": 57, "data": {"base_link_transform_matrix": [[0.9999981320176509, 0.00030233668911345705, -0.0019090714327424977, 0.0], [-0.00030287234690485086, 0.9999999148493802, -0.00028030264670793147, 0.0], [0.0019089865244097267, 0.00028088032805277874, 0.9999981384366128, 0.0], [0.46516937017440796, -9.551347466185689e-05, -0.01582181453704834, 1.0]]}}, {"current_time": 0.966666717082262, "current_time_step": 58, "data": {"base_link_transform_matrix": [[0.9999973905305746, 0.00034089806995190084, -0.0022589202171512603, 0.0], [-0.00034126417926008185, 0.9999999286976721, -0.00016168924151993387, 0.0], [0.002258864936534624, 0.00016245970815072184, 0.9999974355647328, 0.0], [0.4740229845046997, -0.0001195782097056508, -0.015876561403274536, 1.0]]}}, {"current_time": 0.9833333846181631, "current_time_step": 59, "data": {"base_link_transform_matrix": [[0.9999976158229864, 0.0003574193047380701, -0.002154205139598881, 0.0], [-0.0003574279575074835, 0.9999999361160309, -3.631702066376281e-06, 0.0], [0.0021542037039392783, 4.401666550854645e-06, 0.9999976796908218, 0.0], [0.48301491141319275, -0.0001385148789267987, -0.01601007580757141, 1.0]]}}, {"current_time": 1.0000000521540642, "current_time_step": 60, "data": {"base_link_transform_matrix": [[0.9999985707973641, 0.0003685611424928929, -0.0016500199736634558, 0.0], [-0.0003684767298587163, 0.9999999307882654, 5.146225784511947e-05, 0.0], [0.001650038826451258, -5.085419033102783e-05, 0.999998637391933, 0.0], [0.49207425117492676, -0.00019102258374914527, -0.016105979681015015, 1.0]]}}, {"current_time": 1.0166667196899652, "current_time_step": 61, "data": {"base_link_transform_matrix": [[0.9999978640095258, 0.0003135992308086099, -0.0020429468686904498, 0.0], [-0.0003138848923921954, 0.9999999410067444, -0.00013950907537191843, 0.0], [0.0020429029982316355, 0.00014015002753990427, 0.999997903450457, 0.0], [0.5008816123008728, -0.0002856410574167967, -0.01592940092086792, 1.0]]}}, {"current_time": 1.0333333872258663, "current_time_step": 62, "data": {"base_link_transform_matrix": [[0.9999976577083929, 0.0002593643716452713, -0.002148792184130262, 0.0], [-0.00025998634998529273, 0.99999992439084, -0.00028918058762842725, 0.0], [0.0021487170185204873, 0.0002897385669199928, 0.9999976495306062, 0.0], [0.5098258256912231, -0.00033238361356779933, -0.015889078378677368, 1.0]]}}, {"current_time": 1.0500000547617674, "current_time_step": 63, "data": {"base_link_transform_matrix": [[0.9999979990435774, 0.00017452144157106836, -0.0019928499962670503, 0.0], [-0.0001755938968046685, 0.9999998398671759, -0.0005379892247204653, 0.0], [0.001992755786491305, 0.0005383380805240626, 0.9999978695559738, 0.0], [0.5188219547271729, -0.0003899858274962753, -0.01603066921234131, 1.0]]}}, {"current_time": 1.0666667222976685, "current_time_step": 64, "data": {"base_link_transform_matrix": [[0.9999978756335156, 0.00012939198638703758, -0.0020571791778559298, 0.0], [-0.0001308748888630368, 0.9999997317140381, -0.0007207243684871804, 0.0], [0.0020570853699859587, 0.0007209920705007607, 0.9999976242822854, 0.0], [0.5277770161628723, -0.0003993164864368737, -0.015929996967315674, 1.0]]}}, {"current_time": 1.0833333898335695, "current_time_step": 65, "data": {"base_link_transform_matrix": [[0.9999980916695904, 7.482866101201664e-05, -0.0019521930869990454, 0.0], [-7.673309959817996e-05, 0.9999995212739548, -0.0009754813646083891, 0.0], [0.0019521191584690137, 0.0009756293008942167, 0.9999976186862939, 0.0], [0.5367522835731506, -0.0004025240777991712, -0.01601383090019226, 1.0]]}}, {"current_time": 1.1000000573694706, "current_time_step": 66, "data": {"base_link_transform_matrix": [[0.9999970422802761, 4.446364013630644e-05, -0.002431759380457953, 0.0], [-4.716835461716786e-05, 0.9999993803930814, -0.0011121998918981594, 0.0], [0.0024317084212672636, 0.0011123113044114031, 0.9999964247724669, 0.0], [0.5456217527389526, -0.00036229690886102617, -0.01614043116569519, 1.0]]}}, {"current_time": 1.1166667249053717, "current_time_step": 67, "data": {"base_link_transform_matrix": [[0.9999978179569978, 3.7632035438390864e-05, -0.0020886993735078348, 0.0], [-4.006600243532517e-05, 0.9999993202664519, -0.0011652730794204458, 0.0], [0.0020886541021509788, 0.0011653542225786627, 0.9999971397326982, 0.0], [0.5546799302101135, -0.0002957500400952995, -0.016099244356155396, 1.0]]}}, {"current_time": 1.1333333924412727, "current_time_step": 68, "data": {"base_link_transform_matrix": [[0.9999985743312658, 5.69743097873841e-05, -0.0016876283251575004, 0.0], [-5.8999560788445014e-05, 0.9999992782208537, -0.0012000320093652384, 0.0], [0.0016875587360671122, 0.001200129867847081, 0.9999978559146078, 0.0], [0.5637035965919495, -0.0002241859765490517, -0.016233325004577637, 1.0]]}}, {"current_time": 1.1500000599771738, "current_time_step": 69, "data": {"base_link_transform_matrix": [[0.9999974490886725, 0.0001116384057633332, -0.002255959444255501, 0.0], [-0.0001140012497359199, 0.9999994451068334, -0.0010472772987617195, 0.0], [0.0022558412760709952, 0.0010475318094461936, 0.9999969069238391, 0.0], [0.5725259184837341, -0.00011803777306340635, -0.01607850193977356, 1.0]]}}, {"current_time": 1.1666667275130749, "current_time_step": 70, "data": {"base_link_transform_matrix": [[0.9999977157498352, 0.00015965691526937577, -0.002131432565489396, 0.0], [-0.00016141022507998198, 0.999999648761124, -0.000822450222151861, 0.0], [0.0021313005069819864, 0.000822792378479944, 0.9999973902820201, 0.0], [0.5815043449401855, -4.509746213443577e-05, -0.015958815813064575, 1.0]]}}, {"current_time": 1.183333395048976, "current_time_step": 71, "data": {"base_link_transform_matrix": [[0.9999978219815354, 0.0002324751146826149, -0.002074123310347233, 0.0], [-0.00023380692791797545, 0.9999997666559839, -0.0006418896309537288, 0.0], [0.0020739736029974, 0.0006423731773055757, 0.9999976429923199, 0.0], [0.5905008912086487, 2.451706677675247e-07, -0.01615777611732483, 1.0]]}}, {"current_time": 1.200000062584877, "current_time_step": 72, "data": {"base_link_transform_matrix": [[0.9999979481723682, 0.00028778108332830495, -0.002005201511500617, 0.0], [-0.00028865020924850914, 0.9999998645268215, -0.00043315978038385396, 0.0], [0.0020050765846587413, 0.00043373769345052764, 0.9999978957675376, 0.0], [0.5994692444801331, 3.27086600009352e-05, -0.015977978706359863, 1.0]]}}, {"current_time": 1.216666730120778, "current_time_step": 73, "data": {"base_link_transform_matrix": [[0.9999978793442108, 0.000335469309280209, -0.0020319368651139725, 0.0], [-0.0003359246621552649, 0.9999999185428593, -0.00022376080116132038, 0.0], [0.002031861634716796, 0.00022444290434661625, 0.9999979105796571, 0.0], [0.6084352135658264, 3.046091296710074e-05, -0.016144990921020508, 1.0]]}}, {"current_time": 1.2333333976566792, "current_time_step": 74, "data": {"base_link_transform_matrix": [[0.9999971401105122, 0.00036095908684190243, -0.002364207971884801, 0.0], [-0.00036107160086767406, 0.9999999337014294, -4.716392690217746e-05, 0.0], [0.0023641907908932055, 4.801744037575127e-05, 0.9999972041442065, 0.0], [0.6173478364944458, 1.121313835028559e-05, -0.016235411167144775, 1.0]]}}, {"current_time": 1.2500000651925802, "current_time_step": 75, "data": {"base_link_transform_matrix": [[0.9999978543335408, 0.0003924754049611708, -0.0020340332767363185, 0.0], [-0.00039244661385015925, 0.9999999228869182, 1.4553796094921509e-05, 0.0], [0.00203403883189276, -1.3755515395415663e-05, 0.9999979312462682, 0.0], [0.6263898611068726, -5.344781311578117e-05, -0.016108274459838867, 1.0]]}}, {"current_time": 1.2666667327284813, "current_time_step": 76, "data": {"base_link_transform_matrix": [[0.9999983319916277, 0.00037424259967066273, -0.0017877238150713294, 0.0], [-0.00037431933971050703, 0.9999999290354862, -4.2591718784486445e-05, 0.0], [0.0017877077485708157, 4.326082733918517e-05, 0.999998401113475, 0.0], [0.6353908777236938, -0.00015126621292438358, -0.016327887773513794, 1.0]]}}, {"current_time": 1.2833334002643824, "current_time_step": 77, "data": {"base_link_transform_matrix": [[0.9999976219875427, 0.0003031206598534693, -0.0021596613450024613, 0.0], [-0.0003033606162927264, 0.9999999478498797, -0.00011078165207016243, 0.0], [0.0021596276521683873, 0.00011143654482661729, 0.9999976617924167, 0.0], [0.6442380547523499, -0.00023619100102223456, -0.016138464212417603, 1.0]]}}, {"current_time": 1.3000000678002834, "current_time_step": 78, "data": {"base_link_transform_matrix": [[0.9999977040079867, 0.00019604635224081961, -0.002133903602013735, 0.0], [-0.00019694253973418183, 0.9999998925018762, -0.00041977359644253216, 0.0], [0.0021338210775407513, 0.0004201928890406359, 0.9999976351199762, 0.0], [0.6531956791877747, -0.0003560418845154345, -0.016055703163146973, 1.0]]}}, {"current_time": 1.3166667353361845, "current_time_step": 79, "data": {"base_link_transform_matrix": [[0.9999979575217198, 0.00013900038401427322, -0.002016341062874465, 0.0], [-0.00013991681144935882, 0.9999998869872831, -0.0004543662695348656, 0.0], [0.0020162776779163345, 0.0004546474615139407, 0.9999978639577243, 0.0], [0.6622005701065063, -0.00036417710362002254, -0.01618790626525879, 1.0]]}}, {"current_time": 1.3333334028720856, "current_time_step": 80, "data": {"base_link_transform_matrix": [[0.9999979153365482, 8.79710558388559e-05, -0.0020399959928708235, 0.0], [-8.954994394322645e-05, 0.9999996965391533, -0.000773887852801466, 0.0], [0.0020399272940804006, 0.0007740689210325494, 0.9999976197541374, 0.0], [0.6711434125900269, -0.00041512068128213286, -0.01606723666191101, 1.0]]}}, {"current_time": 1.3500000704079866, "current_time_step": 81, "data": {"base_link_transform_matrix": [[0.9999976160172585, 4.699130887084081e-05, -0.002183060149576902, 0.0], [-4.91236337205033e-05, 0.9999995218060536, -0.0009767161986536127, 0.0], [0.002183013208478184, 0.0009768211100262293, 0.9999971401328359, 0.0], [0.6800825595855713, -0.00039724051021039486, -0.016301214694976807, 1.0]]}}, {"current_time": 1.3666667379438877, "current_time_step": 82, "data": {"base_link_transform_matrix": [[0.9999974286184107, 5.0687064774908064e-05, -0.00226719813607013, 0.0], [-5.301698377635061e-05, 0.9999994705969436, -0.0010276161890605414, 0.0], [0.0022671448489601687, 0.0010277337466739899, 0.9999969019039908, 0.0], [0.6890447735786438, -0.00033322477247565985, -0.016220033168792725, 1.0]]}}, {"current_time": 1.3833334054797888, "current_time_step": 83, "data": {"base_link_transform_matrix": [[0.999998014764503, 5.94285659516932e-05, -0.001991716671192521, 0.0], [-6.16772607721538e-05, 0.9999993607986566, -0.0011289810422915375, 0.0], [0.001991648304360219, 0.0011291016446268105, 0.9999973792298197, 0.0], [0.6980489492416382, -0.00026011373847723007, -0.01616966724395752, 1.0]]}}, {"current_time": 1.4000000730156898, "current_time_step": 84, "data": {"base_link_transform_matrix": [[0.999998053644486, 9.078849121114264e-05, -0.001970904535884384, 0.0], [-9.308053065601786e-05, 0.999999319526021, -0.0011628772548582958, 0.0], [0.0019707976188637, 0.001163058444325811, 0.9999973816224723, 0.0], [0.7069979310035706, -0.00016787640925031155, -0.016393065452575684, 1.0]]}}, {"current_time": 1.416666740551591, "current_time_step": 85, "data": {"base_link_transform_matrix": [[0.9999976386999894, 0.00014246156822553773, -0.0021684785327869454, 0.0], [-0.0001446293734715908, 0.9999994899754188, -0.0009995655289369526, 0.0], [0.002168335027136793, 0.000999876794354442, 0.9999971492807398, 0.0], [0.7158935070037842, -5.4832344176247716e-05, -0.016119658946990967, 1.0]]}}, {"current_time": 1.433333408087492, "current_time_step": 86, "data": {"base_link_transform_matrix": [[0.9999974062462117, 0.0002199321178588709, -0.0022669650885390508, 0.0], [-0.00022158948327995526, 0.999999708364162, -0.0007308691346799267, 0.0], [0.002266803685814119, 0.0007313695746079229, 0.9999971633457744, 0.0], [0.7248488068580627, 4.711592919193208e-05, -0.016137361526489258, 1.0]]}}, {"current_time": 1.450000075623393, "current_time_step": 87, "data": {"base_link_transform_matrix": [[0.9999978634860983, 0.0002705542008739048, -0.0020493471309250963, 0.0], [-0.00027199647658452184, 0.9999997155336227, -0.0007035272493275477, 0.0], [0.0020491562057020074, 0.0007040831614307095, 0.9999976526101181, 0.0], [0.7338873744010925, 5.5593030992895365e-05, -0.016161799430847168, 1.0]]}}, {"current_time": 1.4666667431592941, "current_time_step": 88, "data": {"base_link_transform_matrix": [[0.9999976948461632, 0.00032127161991892217, -0.002122990086229652, 0.0], [-0.00032211563372147324, 0.9999998692252999, -0.00039722902906227296, 0.0], [0.002122862190182614, 0.00039791196168526276, 0.9999976675583759, 0.0], [0.7428140044212341, 9.939394658431411e-05, -0.016132056713104248, 1.0]]}}, {"current_time": 1.4833334106951952, "current_time_step": 89, "data": {"base_link_transform_matrix": [[0.9999971608303607, 0.0003608413604037251, -0.0023554457604317495, 0.0], [-0.0003613337738487724, 0.9999999129555044, -0.00020863098385719045, 0.0], [0.002355370272715124, 0.00020948149362414814, 0.9999972041702828, 0.0], [0.7517567873001099, 8.026773139135912e-05, -0.016434133052825928, 1.0]]}}, {"current_time": 1.5000000782310963, "current_time_step": 90, "data": {"base_link_transform_matrix": [[0.9999976204217771, 0.00039687151877876, -0.002145144233170289, 0.0], [-0.0003970774253883897, 0.9999999165986828, -9.556226069695022e-05, 0.0], [0.0021451061283228935, 9.641382164826975e-05, 0.9999976946093792, 0.0], [0.7607399225234985, 4.061163781443611e-05, -0.016156554222106934, 1.0]]}}, {"current_time": 1.5166667457669973, "current_time_step": 91, "data": {"base_link_transform_matrix": [[0.9999980938241291, 0.00037204700901284843, -0.0019167496266959086, 0.0], [-0.00037213981997077776, 0.9999999296008723, -4.80645904324732e-05, 0.0], [0.001916731609471297, 4.877779767391835e-05, 0.9999981618786425, 0.0], [0.7697092890739441, -4.202919080853462e-05, -0.016193419694900513, 1.0]]}}, {"current_time": 1.5333334133028984, "current_time_step": 92, "data": {"base_link_transform_matrix": [[0.9999980941657797, 0.0003403178622125019, -0.0019224589881252838, 0.0], [-0.00034042364793469116, 0.9999999405598615, -5.469929935674843e-05, 0.0], [0.0019224402587054337, 5.535364561069434e-05, 0.9999981505780027, 0.0], [0.7786575555801392, -0.00013285792374517769, -0.016455471515655518, 1.0]]}}, {"current_time": 1.5500000808387995, "current_time_step": 93, "data": {"base_link_transform_matrix": [[0.9999976613138106, 0.00030215276849559705, -0.0021415112919853717, 0.0], [-0.00030279875995981427, 0.9999999087552603, -0.00030133433580522407, 0.0], [0.0021414200475799255, 0.0003019820780424276, 0.9999976615607681, 0.0], [0.7875504493713379, -0.0002552631194703281, -0.016168266534805298, 1.0]]}}, {"current_time": 1.5666667483747005, "current_time_step": 94, "data": {"base_link_transform_matrix": [[0.9999974907826031, 0.00024205813669576185, -0.0022270690056887758, 0.0], [-0.00024311865367730715, 0.9999998571892832, -0.00047593563997275174, 0.0], [0.002226953483545256, 0.0004764758877650736, 0.999997406821093, 0.0], [0.7965124845504761, -0.00031070737168192863, -0.01620420813560486, 1.0]]}}, {"current_time": 1.5833334159106016, "current_time_step": 95, "data": {"base_link_transform_matrix": [[0.9999980149209609, 0.00020361284869005109, -0.001982093828672271, 0.0], [-0.00020473646474937688, 0.9999998184687352, -0.0005666969883617777, 0.0], [0.001981978082072127, 0.0005671016703067486, 0.9999978750770312, 0.0], [0.8055351972579956, -0.0003313923953101039, -0.016214758157730103, 1.0]]}}, {"current_time": 1.6000000834465027, "current_time_step": 96, "data": {"base_link_transform_matrix": [[0.9999975500942033, 0.00017819220258765732, -0.0022063664995124028, 0.0], [-0.00018019279781853357, 0.9999995728288715, -0.0009065719111048221, 0.0], [0.0022062040129706916, 0.0009069672614416024, 0.999997155033073, 0.0], [0.8144450783729553, -0.00039569128421135247, -0.016255170106887817, 1.0]]}}, {"current_time": 1.6166667509824038, "current_time_step": 97, "data": {"base_link_transform_matrix": [[0.999997384019276, 0.00015950323651538648, -0.002281778543660943, 0.0], [-0.00016174688021789826, 0.9999995036401719, -0.0009831364893066238, 0.0], [0.0022816205976257564, 0.0009835029880013038, 0.9999969134598972, 0.0], [0.8234371542930603, -0.0003466224588919431, -0.016458064317703247, 1.0]]}}, {"current_time": 1.6333334185183048, "current_time_step": 98, "data": {"base_link_transform_matrix": [[0.999997712714792, 0.00014202648929329152, -0.0021341025422169993, 0.0], [-0.00014431246341048895, 0.9999994160145178, -0.0010710483351319524, 0.0], [0.0021339491786971946, 0.0010713538629339762, 0.9999971492268381, 0.0], [0.8324195742607117, -0.00029135902877897024, -0.016164690256118774, 1.0]]}}, {"current_time": 1.650000086054206, "current_time_step": 99, "data": {"base_link_transform_matrix": [[0.9999980023004573, 0.0001596598171313716, -0.0019924617530652443, 0.0], [-0.00016188718693790525, 0.999999362171956, -0.0011177871980011093, 0.0], [0.0019922820165176373, 0.00111810751902642, 0.9999973903205661, 0.0], [0.8413996696472168, -0.0002114602830260992, -0.01629367470741272, 1.0]]}}, {"current_time": 1.666666753590107, "current_time_step": 100, "data": {"base_link_transform_matrix": [[0.9999980730747073, 0.0001907051611237916, -0.0019538368442083573, 0.0], [-0.00019300969251390978, 0.9999992859171221, -0.0011793695369092568, 0.0], [0.0019536105371493594, 0.00117974437380079, 0.9999973958011499, 0.0], [0.850375175