{"Isaac Sim Data": [{"current_time": 0.8999999798834324, "current_time_step": 180, "data": {"base_link_transform_matrix": [[1.0, 0.0, 0.0, 0.0], [0.0, 1.0, 0.0, 0.0], [0.0, 0.0, 1.0, 0.0], [0.0, 0.0, 0.02500000037252903, 1.0]], "wheel_velocity_fl": 221.02357482910156, "wheel_velocity_fr": 209.91561889648438, "wheel_velocity_rl": 200.00389099121094, "wheel_velocity_rr": 191.92938232421875}}, {"current_time": 0.9166666474193335, "current_time_step": 181, "data": {"base_link_transform_matrix": [[0.9999996404868371, -0.0005851415881968882, 0.0006137063778718316, 0.0], [0.0005851360071385841, 0.9999998287649127, 9.273531830690358e-06, 0.0], [-0.00061371169911291, -8.914426797230193e-06, 0.9999998116392239, 0.0], [0.0021992786787450314, -0.0006960488972254097, 0.03562428057193756, 1.0]], "wheel_velocity_fl": 199.3848876953125, "wheel_velocity_fr": 198.47293090820312, "wheel_velocity_rl": 120.48975372314453, "wheel_velocity_rr": 172.53575134277344}}, {"current_time": 0.9333333149552345, "current_time_step": 182, "data": {"base_link_transform_matrix": [[0.9999980224909762, -0.0019045502644454175, 0.0005724529913189244, 0.0], [0.0019045423425451758, 0.9999981862541478, 1.4383329099355206e-05, 0.0], [-0.0005724793468079257, -1.329303969510858e-05, 0.9999998360453328, 0.0], [0.006412258371710777, -0.0011299033649265766, 0.035461947321891785, 1.0]], "wheel_velocity_fl": 158.431884765625, "wheel_velocity_fr": 184.18453979492188, "wheel_velocity_rl": 125.60675811767578, "wheel_velocity_rr": 269.2521667480469}}, {"current_time": 0.9499999824911356, "current_time_step": 183, "data": {"base_link_transform_matrix": [[0.9999944009009183, -0.0033046076925188073, 0.000527005514280617, 0.0], [0.0033045846062704125, 0.999994538847619, 4.4671219224131564e-05, 0.0], [-0.0005271502570778802, -4.2929434795637674e-05, 0.9999998601348252, 0.0], [0.012095937505364418, -0.0020277677103877068, 0.035755887627601624, 1.0]], "wheel_velocity_fl": 205.8738250732422, "wheel_velocity_fr": 200.09884643554688, "wheel_velocity_rl": 181.81088256835938, "wheel_velocity_rr": 171.28823852539062}}, {"current_time": 0.9666666500270367, "current_time_step": 184, "data": {"base_link_transform_matrix": [[0.9999903981544118, -0.004375744752989236, 0.0002376064764495654, 0.0], [0.004375745024270907, 0.9999904263817209, -6.218835778374244e-07, 0.0], [-0.00023760148049205653, 1.6615829636660642e-06, 0.9999999717713874, 0.0], [0.01885056495666504, -0.002760520437732339, 0.03570520877838135, 1.0]], "wheel_velocity_fl": 200.37039184570312, "wheel_velocity_fr": 200.48463439941406, "wheel_velocity_rl": 180.88961791992188, "wheel_velocity_rr": 185.6551971435547}}, {"current_time": 0.9833333175629377, "current_time_step": 185, "data": {"base_link_transform_matrix": [[0.9999882645078898, -0.004812639739160984, -0.0005561881332605279, 0.0], [0.0048127666663608905, 0.9999883927847412, 0.00022709646705485403, 0.0], [0.0005550887439831695, -0.00022977060567403845, 0.9999998195409613, 0.0], [0.026084326207637787, -0.003120079403743148, 0.03575727343559265, 1.0]], "wheel_velocity_fl": 219.63511657714844, "wheel_velocity_fr": 207.3115997314453, "wheel_velocity_rl": 200.171875, "wheel_velocity_rr": 197.06187438964844}}, {"current_time": 0.9999999850988388, "current_time_step": 186, "data": {"base_link_transform_matrix": [[0.99998988096284, -0.004498648329525422, 1.1624637363531291e-05, 0.0], [0.004498648807821366, 0.9999898801691219, -4.145176730221835e-05, 0.0], [-1.1438042800437151e-05, 4.150364301126148e-05, 0.9999999990733094, 0.0], [0.033882986754179, -0.003250696463510394, 0.03584273159503937, 1.0]], "wheel_velocity_fl": 197.15647888183594, "wheel_velocity_fr": 197.16812133789062, "wheel_velocity_rl": 194.5613555908203, "wheel_velocity_rr": 203.6063995361328}}, {"current_time": 1.0166666526347399, "current_time_step": 187, "data": {"base_link_transform_matrix": [[0.9999895135266126, -0.004537075707522702, 0.0006227205095284708, 0.0], [0.004537111224384285, 0.9999897057103023, -5.563416758721401e-05, 0.0], [-0.0006224616826328768, 5.845893639443211e-05, 0.9999998045619841, 0.0], [0.041734009981155396, -0.0032924350816756487, 0.0356459766626358, 1.0]], "wheel_velocity_fl": 198.665771484375, "wheel_velocity_fr": 197.08407592773438, "wheel_velocity_rl": 182.11349487304688, "wheel_velocity_rr": 185.62477111816406}}, {"current_time": 1.033333320170641, "current_time_step": 188, "data": {"base_link_transform_matrix": [[0.9999896196260628, -0.00454531849754564, -0.00031736395224649897, 0.0], [0.00454532020571269, 0.9999896699678951, 4.6613033593712424e-06, 0.0], [0.00031733948675830134, -6.103775758010186e-06, 0.9999999496291958, 0.0], [0.04926019906997681, -0.003349868580698967, 0.03575947880744934, 1.0]], "wheel_velocity_fl": 198.34844970703125, "wheel_velocity_fr": 202.59243774414062, "wheel_velocity_rl": 188.2723846435547, "wheel_velocity_rr": 198.08575439453125}}, {"current_time": 1.049999987706542, "current_time_step": 189, "data": {"base_link_transform_matrix": [[0.9999892816946442, -0.004589763467347348, -0.0006087422634348307, 0.0], [0.004589683356176631, 0.9999894585122081, -0.0001329328809830555, 0.0], [0.0006093459768664375, 0.00013013752193315718, 0.999999805880834, 0.0], [0.05715751647949219, -0.0034569711424410343, 0.0356975793838501, 1.0]], "wheel_velocity_fl": 199.0171356201172, "wheel_velocity_fr": 198.068359375, "wheel_velocity_rl": 197.40396118164062, "wheel_velocity_rr": 198.04640197753906}}, {"current_time": 1.066666655242443, "current_time_step": 190, "data": {"base_link_transform_matrix": [[0.9999898949797843, -0.004478830435868836, -0.0003873193085427822, 0.0], [0.004478889318765235, 0.9999899582799958, 0.00015129323320610296, 0.0], [0.0003866378024531091, -0.0001530264646989067, 0.9999999135470516, 0.0], [0.06521500647068024, -0.003390671918168664, 0.03553764522075653, 1.0]], "wheel_velocity_fl": 203.75413513183594, "wheel_velocity_fr": 202.6809539794922, "wheel_velocity_rl": 202.6141357421875, "wheel_velocity_rr": 208.9489288330078}}, {"current_time": 1.0833333227783442, "current_time_step": 191, "data": {"base_link_transform_matrix": [[0.9999899665603024, -0.004469159939999892, -0.00030559475782835526, 0.0], [0.0044691292830938934, 0.9999900082985562, -0.00010092821472229423, 0.0], [0.0003060427687508248, 9.956145958416733e-05, 0.9999999482126684, 0.0], [0.07303068786859512, -0.0034869720693677664, 0.03551563620567322, 1.0]], "wheel_velocity_fl": 199.0391387939453, "wheel_velocity_fr": 197.53298950195312, "wheel_velocity_rl": 198.1700439453125, "wheel_velocity_rr": 197.84390258789062}}, {"current_time": 1.0999999903142452, "current_time_step": 192, "data": {"base_link_transform_matrix": [[0.9999899588337298, -0.004464752268838958, -0.0003849920692279959, 0.0], [0.004464714557638296, 0.9999900282357629, -9.875706000560365e-05, 0.0], [0.00038542915598557234, 9.703718867348626e-05, 0.9999999210140718, 0.0], [0.08085429668426514, -0.0034748020116239786, 0.03525190055370331, 1.0]], "wheel_velocity_fl": 194.60389709472656, "wheel_velocity_fr": 194.87796020507812, "wheel_velocity_rl": 215.27699279785156, "wheel_velocity_rr": 191.0186004638672}}, {"current_time": 1.1166666578501463, "current_time_step": 193, "data": {"base_link_transform_matrix": [[0.9999905856973881, -0.004210683124019302, -0.0010481718483838492, 0.0], [0.004211312533243723, 0.9999909529808937, 0.0005990017624308494, 0.0], [0.0010456401589407848, -0.000603410302489085, 0.9999992712660669, 0.0], [0.0885898768901825, -0.003314667148515582, 0.03531309962272644, 1.0]], "wheel_velocity_fl": 222.8943634033203, "wheel_velocity_fr": 206.609375, "wheel_velocity_rl": 200.2379150390625, "wheel_velocity_rr": 199.7439422607422}}, {"current_time": 1.1333333253860474, "current_time_step": 194, "data": {"base_link_transform_matrix": [[0.9999911815993955, -0.004184204932258929, 0.0003593779761136134, 0.0], [0.004184150028412812, 0.9999912346414744, 0.000153390871299037, 0.0], [-0.00036001664487705947, -0.00015188582726791808, 0.9999999236593525, 0.0], [0.09666329622268677, -0.003556419862434268, 0.03530110418796539, 1.0]], "wheel_velocity_fl": 209.98704528808594, "wheel_velocity_fr": 200.70077514648438, "wheel_velocity_rl": 198.9934844970703, "wheel_velocity_rr": 205.0731964111328}}, {"current_time": 1.1499999929219484, "current_time_step": 195, "data": {"base_link_transform_matrix": [[0.9999905928590554, -0.004175285909171002, 0.0011752365597761636, 0.0], [0.004175423192011029, 0.9999912763407259, -0.00011438362436973586, 0.0], [-0.001174748723077779, 0.00011928965833464831, 0.9999993028674645, 0.0], [0.10435274988412857, -0.003612578148022294, 0.03517480194568634, 1.0]], "wheel_velocity_fl": 195.14585876464844, "wheel_velocity_fr": 191.61805725097656, "wheel_velocity_rl": 212.9529571533203, "wheel_velocity_rr": 216.2227020263672}}, {"current_time": 1.1666666604578495, "current_time_step": 196, "data": {"base_link_transform_matrix": [[0.9999910966259785, -0.004216513200406137, 0.00016638871291870804, 0.0], [0.0042164525537076595, 0.9999910447772836, 0.00036317089513667426, 0.0], [-0.00016791853774407345, -0.0003624660915768669, 0.9999999202108454, 0.0], [0.1116221696138382, -0.0034753414802253246, 0.03542260825634003, 1.0]], "wheel_velocity_fl": 218.90736389160156, "wheel_velocity_fr": 191.6126708984375, "wheel_velocity_rl": 200.0697021484375, "wheel_velocity_rr": 185.16334533691406}}, {"current_time": 1.1833333279937506, "current_time_step": 197, "data": {"base_link_transform_matrix": [[0.9999920446060035, -0.00397473010930466, 0.00033503024177092923, 0.0], [0.003974725728089039, 0.9999921006520737, 1.3741890121900198e-05, 0.0], [-0.0003350822155549099, -1.241012747809522e-05, 0.9999999437829472, 0.0], [0.11942169815301895, -0.003639174159616232, 0.035565778613090515, 1.0]], "wheel_velocity_fl": 200.4675750732422, "wheel_velocity_fr": 200.00393676757812, "wheel_velocity_rl": 200.0712890625, "wheel_velocity_rr": 203.13754272460938}}, {"current_time": 1.1999999955296516, "current_time_step": 198, "data": {"base_link_transform_matrix": [[0.9999923814838824, -0.0038264855631596423, 0.0007713510409942297, 0.0], [0.0038263781260919937, 0.9999926694884261, 0.00014071193088270625, 0.0], [-0.0007718838187685832, -0.00013775937811579428, 0.9999996926088148, 0.0], [0.1272810846567154, -0.003598363371565938, 0.03555403649806976, 1.0]], "wheel_velocity_fl": 222.09439086914062, "wheel_velocity_fr": 202.35353088378906, "wheel_velocity_rl": 198.35865783691406, "wheel_velocity_rr": 208.84278869628906}}, {"current_time": 1.2166666630655527, "current_time_step": 199, "data": {"base_link_transform_matrix": [[0.9999926155172055, -0.003819931975332325, 0.0004207502373954483, 0.0], [0.0038199383912621487, 0.9999927039043803, -1.4446217518638537e-05, 0.0], [-0.0004206919839932622, 1.605335082575336e-05, 0.9999999113802683, 0.0], [0.134824737906456, -0.0036079278215765953, 0.03576362133026123, 1.0]], "wheel_velocity_fl": 198.90390014648438, "wheel_velocity_fr": 197.2061004638672, "wheel_velocity_rl": 196.6771240234375, "wheel_velocity_rr": 197.99851989746094}}, {"current_time": 1.2333333306014538, "current_time_step": 200, "data": {"base_link_transform_matrix": [[0.9999927832819598, -0.003796209967685042, 0.0001489089676501056, 0.0], [0.0037962156285220243, 0.999992793634908, -3.775121306087092e-05, 0.0], [-0.00014876458302640538, 3.831623117123099e-05, 0.9999999882004825, 0.0], [0.14259162545204163, -0.003612008411437273, 0.03567081689834595, 1.0]], "wheel_velocity_fl": 199.41757202148438, "wheel_velocity_fr": 198.42897033691406, "wheel_velocity_rl": 196.9337615966797, "wheel_velocity_rr": 188.3160400390625}}, {"current_time": 1.2499999981373549, "current_time_step": 201, "data": {"base_link_transform_matrix": [[0.9999932376289202, -0.003667579958787984, -0.00027120780903809014, 0.0], [0.003667592406857167, 0.9999932733290584, 4.541555030258914e-05, 0.0], [0.0002710394195502949, -4.640992288689368e-05, 0.9999999621918754, 0.0], [0.1504005789756775, -0.0036321219522506, 0.03580598533153534, 1.0]], "wheel_velocity_fl": 209.09805297851562, "wheel_velocity_fr": 210.43650817871094, "wheel_velocity_rl": 198.65379333496094, "wheel_velocity_rr": 209.1829376220703}}, {"current_time": 1.266666665673256, "current_time_step": 202, "data": {"base_link_transform_matrix": [[0.9999932721895096, -0.003659718605290175, 0.0002490691618980717, 0.0], [0.0036597195283196732, 0.9999933031987813, -3.2502541614094643e-06, 0.0], [-0.00024905559891577833, 4.161755570016008e-06, 0.9999999689769937, 0.0], [0.15831255912780762, -0.0036667236126959324, 0.0358191579580307, 1.0]], "wheel_velocity_fl": 200.2785186767578, "wheel_velocity_fr": 199.562744140625, "wheel_velocity_rl": 200.2513885498047, "wheel_velocity_rr": 201.50204467773438}}, {"current_time": 1.283333333209157, "current_time_step": 203, "data": {"base_link_transform_matrix": [[0.9999931538519512, -0.0036966147620631474, 0.000165192399508065, 0.0], [0.003696613802857847, 0.9999931674811792, 6.111544728477615e-06, 0.0], [-0.0001652138628543486, -5.500850383788876e-06, 0.99999998633706, 0.0], [0.1659860908985138, -0.0036753294989466667, 0.0357031375169754, 1.0]], "wheel_velocity_fl": 195.7027130126953, "wheel_velocity_fr": 195.5078582763672, "wheel_velocity_rl": 209.16079711914062, "wheel_velocity_rr": 195.89273071289062}}, {"current_time": 1.300000000745058, "current_time_step": 204, "data": {"base_link_transform_matrix": [[0.9999932676448157, -0.0036528653763959525, -0.0003481947528371508, 0.0], [0.00365286324497767, 0.9999933282499714, -6.757098975551535e-06, 0.0], [0.0003482171125416913, 5.4851456696283025e-06, 0.999999939357376, 0.0], [0.1736755073070526, -0.0037221754901111126, 0.03576965630054474, 1.0]], "wheel_velocity_fl": 201.3990020751953, "wheel_velocity_fr": 199.96640014648438, "wheel_velocity_rl": 197.7606658935547, "wheel_velocity_rr": 195.10250854492188}}, {"current_time": 1.3166666682809591, "current_time_step": 205, "data": {"base_link_transform_matrix": [[0.9999930457301848, -0.0036669157569867022, -0.0006798677075721249, 0.0], [0.003666827030930759, 0.9999932684939409, -0.00013170546835533512, 0.0], [0.0006803460838957254, 0.00012921159515238962, 0.9999997602167562, 0.0], [0.18152408301830292, -0.00377754052169621, 0.03558129072189331, 1.0]], "wheel_velocity_fl": 199.8651580810547, "wheel_velocity_fr": 198.59469604492188, "wheel_velocity_rl": 197.83692932128906, "wheel_velocity_rr": 198.14236450195312}}, {"current_time": 1.3333333358168602, "current_time_step": 206, "data": {"base_link_transform_matrix": [[0.999993494583656, -0.0035874084010220435, -0.0003758873922819692, 0.0], [0.0035874290968825767, 0.9999935636759036, 5.439890831149962e-05, 0.0], [0.00037568982184820566, -5.574702379217605e-05, 0.9999999278747109, 0.0], [0.18953660130500793, -0.003740208223462105, 0.03557148575782776, 1.0]], "wheel_velocity_fl": 206.62454223632812, "wheel_velocity_fr": 201.45635986328125, "wheel_velocity_rl": 199.7804718017578, "wheel_velocity_rr": 197.1979522705078}}, {"current_time": 1.3500000033527613, "current_time_step": 207, "data": {"base_link_transform_matrix": [[0.999993459505516, -0.0036097784753828296, -0.00022460086513887353, 0.0], [0.0036097633300530537, 0.9999934824846186, -6.780107538253681e-05, 0.0], [0.000224844148161804, 6.698987596310077e-05, 0.9999999724787324, 0.0], [0.19736601412296295, -0.0037836511619389057, 0.035411491990089417, 1.0]], "wheel_velocity_fl": 199.4061279296875, "wheel_velocity_fr": 198.81947326660156, "wheel_velocity_rl": 198.17726135253906, "wheel_velocity_rr": 197.98509216308594}}, {"current_time": 1.3666666708886623, "current_time_step": 208, "data": {"base_link_transform_matrix": [[0.9999929617130375, -0.003630800239814546, -0.000945417371388274, 0.0], [0.0036308201498229933, 0.9999934083636995, 1.934401623876995e-05, 0.0], [0.000945340905282011, -2.2776520532061885e-05, 0.9999995529058016, 0.0], [0.20498783886432648, -0.003791041672229767, 0.035181090235710144, 1.0]], "wheel_velocity_fl": 197.7895965576172, "wheel_velocity_fr": 193.14898681640625, "wheel_velocity_rl": 196.16265869140625, "wheel_velocity_rr": 193.04173278808594}}, {"current_time": 1.3833333384245634, "current_time_step": 209, "data": {"base_link_transform_matrix": [[0.9999939608297325, -0.0034361784540352263, -0.0005205590220739261, 0.0], [0.0034362267918180435, 0.999994091924043, 9.199154259408608e-05, 0.0], [0.0005202398472150683, -9.37797458998702e-05, 0.9999998602779205, 0.0], [0.21299856901168823, -0.0038207140751183033, 0.035345688462257385, 1.0]], "wheel_velocity_fl": 202.48878479003906, "wheel_velocity_fr": 215.26246643066406, "wheel_velocity_rl": 200.58668518066406, "wheel_velocity_rr": 203.35267639160156}}, {"current_time": 1.4000000059604645, "current_time_step": 210, "data": {"base_link_transform_matrix": [[0.9999939361393899, -0.0033937077986056865, 0.0007813013679043186, 0.0], [0.003393702215696929, 0.999994241340173, 8.471298597276065e-06, 0.0], [-0.0007813256177676324, -5.819743045118257e-06, 0.9999996947481582, 0.0], [0.22098217904567719, -0.003920501098036766, 0.03523409366607666, 1.0]], "wheel_velocity_fl": 203.48165893554688, "wheel_velocity_fr": 201.42332458496094, "wheel_velocity_rl": 199.44894409179688, "wheel_velocity_rr": 201.47032165527344}}, {"current_time": 1.4166666734963655, "current_time_step": 211, "data": {"base_link_transform_matrix": [[0.999993820383452, -0.0034702357286477297, 0.0005627245294192882, 0.0], [0.0034702388553217146, 0.9999939786925272, -4.580011567702865e-06, 0.0], [-0.0005627052473620942, 6.532771791821032e-06, 0.9999998416600512, 0.0], [0.2283755987882614, -0.003949264995753765, 0.03524336218833923, 1.0]], "wheel_velocity_fl": 198.9156494140625, "wheel_velocity_fr": 199.15538024902344, "wheel_velocity_rl": 194.23226928710938, "wheel_velocity_rr": 194.52886962890625}}, {"current_time": 1.4333333410322666, "current_time_step": 212, "data": {"base_link_transform_matrix": [[0.9999938507310591, -0.003501064323352741, 0.0002026047188514929, 0.0], [0.003501039561041303, 0.9999938638456964, 0.00012244568881547547, 0.0], [-0.00020303216587033563, -0.00012173560872805157, 0.9999999719791902, 0.0], [0.23592673242092133, -0.003926319070160389, 0.03551435470581055, 1.0]], "wheel_velocity_fl": 199.39288330078125, "wheel_velocity_fr": 202.7896270751953, "wheel_velocity_rl": 200.3934326171875, "wheel_velocity_rr": 200.252685546875}}, {"current_time": 1.4500000085681677, "current_time_step": 213, "data": {"base_link_transform_matrix": [[0.9999934009276938, -0.0036099440956578943, 0.000407927310660197, 0.0], [0.0036099539754855803, 0.999993483819124, -2.348587311866723e-05, 0.0], [-0.00040783986984306033, 2.4958316950519267e-05, 0.999999916521858, 0.0], [0.24365250766277313, -0.003986778669059277, 0.03553226590156555, 1.0]], "wheel_velocity_fl": 199.47283935546875, "wheel_velocity_fr": 199.0665283203125, "wheel_velocity_rl": 198.9979248046875, "wheel_velocity_rr": 198.62698364257812}}, {"current_time": 1.4666666761040688, "current_time_step": 214, "data": {"base_link_transform_matrix": [[0.9999933278376616, -0.0036080328585008973, 0.0005712959399066314, 0.0], [0.003608050521395819, 0.999993490517836, -2.988962543762616e-05, 0.0], [-0.000571184378315193, 3.195069062304444e-05, 0.9999998363637663, 0.0], [0.2513563930988312, -0.003958829678595066, 0.03568248450756073, 1.0]], "wheel_velocity_fl": 200.34349060058594, "wheel_velocity_fr": 195.38687133789062, "wheel_velocity_rl": 195.18324279785156, "wheel_velocity_rr": 204.45855712890625}}, {"current_time": 1.4833333436399698, "current_time_step": 215, "data": {"base_link_transform_matrix": [[0.9999931378031723, -0.003689217675761936, 0.00033766774548909444, 0.0], [0.0036892271242222018, 0.9999931944040896, -2.736294019191012e-05, 0.0], [-0.0003375644996162499, 2.8608485427662068e-05, 0.99999994261588, 0.0], [0.25896546244621277, -0.003929286263883114, 0.03575769066810608, 1.0]], "wheel_velocity_fl": 197.6084747314453, "wheel_velocity_fr": 197.82748413085938, "wheel_velocity_rl": 197.6647186279297, "wheel_velocity_rr": 198.9748077392578}}, {"current_time": 1.500000011175871, "current_time_step": 216, "data": {"base_link_transform_matrix": [[0.9999929919570275, -0.003704468319954689, -0.0005412497563032551, 0.0], [0.003704496311420663, 0.9999931370435788, 5.072298131575521e-05, 0.0], [0.0005410581400523868, -5.272768357270521e-05, 0.9999998522379293, 0.0], [0.2665506899356842, -0.003924550488591194, 0.03565230965614319, 1.0]], "wheel_velocity_fl": 187.74459838867188, "wheel_velocity_fr": 195.137939453125, "wheel_velocity_rl": 198.9665985107422, "wheel_velocity_rr": 196.91464233398438}}, {"current_time": 1.516666678711772, "current_time_step": 217, "data": {"base_link_transform_matrix": [[0.9999934215540164, -0.0036262214381359912, -8.582990655464882e-05, 0.0], [0.003626221149072834, 0.9999934252322686, -3.5232406171871022e-06, 0.0], [8.584211829360657e-05, 3.211979217367602e-06, 0.9999999963104069, 0.0], [0.27450281381607056, -0.003992840647697449, 0.035851672291755676, 1.0]], "wheel_velocity_fl": 203.11912536621094, "wheel_velocity_fr": 199.66184997558594, "wheel_velocity_rl": 201.07411193847656, "wheel_velocity_rr": 197.91273498535156}}, {"current_time": 1.533333346247673, "current_time_step": 218, "data": {"base_link_transform_matrix": [[0.9999933446486688, -0.0036190007409646232, 0.00046205195111981116, 0.0], [0.003619018475645282, 0.9999934506261084, -3.7552119743169253e-05, 0.0], [-0.00046191302381965067, 3.9224044368429675e-05, 0.9999998925489106, 0.0], [0.2823562026023865, -0.0040358793921768665, 0.0357314795255661, 1.0]], "wheel_velocity_fl": 198.8760223388672, "wheel_velocity_fr": 197.79782104492188, "wheel_velocity_rl": 199.24609375, "wheel_velocity_rr": 199.69276428222656}}, {"current_time": 1.550000013783574, "current_time_step": 219, "data": {"base_link_transform_matrix": [[0.999993526553018, -0.0035833542301722484, -0.0003262277112706273, 0.0], [0.003583376583507669, 0.9999935773760915, 6.796195686495162e-05, 0.0], [0.00032598208426710653, -6.913051365828554e-05, 0.9999999444783249, 0.0], [0.28983986377716064, -0.004056109115481377, 0.035704970359802246, 1.0]], "wheel_velocity_fl": 193.7550811767578, "wheel_velocity_fr": 192.15379333496094, "wheel_velocity_rl": 198.31813049316406, "wheel_velocity_rr": 193.2919464111328}}, {"current_time": 1.5666666813194752, "current_time_step": 220, "data": {"base_link_transform_matrix": [[0.9999935153134211, -0.003559169476176278, -0.0005492210362455819, 0.0], [0.0035591642235626277, 0.999993666099401, -1.0540842510397904e-05, 0.0], [0.0005492550741790476, 8.586006293304679e-06, 0.9999998491225606, 0.0], [0.29768022894859314, -0.004117694683372974, 0.03573682904243469, 1.0]], "wheel_velocity_fl": 196.8125, "wheel_velocity_fr": 198.01705932617188, "wheel_velocity_rl": 197.19808959960938, "wheel_velocity_rr": 196.9244384765625}}, {"current_time": 1.5833333488553762, "current_time_step": 221, "data": {"base_link_transform_matrix": [[0.9999936253686943, -0.003527901735372643, -0.0005505736290890376, 0.0], [0.0035279650377199583, 0.9999937702086459, 0.00011404644057144137, 0.0], [0.0005501678544945983, -0.00011598811808154773, 0.9999998419310316, 0.0], [0.3056644797325134, -0.004086789675056934, 0.035475000739097595, 1.0]], "wheel_velocity_fl": 212.7327117919922, "wheel_velocity_fr": 207.8662567138672, "wheel_velocity_rl": 205.23593139648438, "wheel_velocity_rr": 191.19363403320312}}, {"current_time": 1.6000000163912773, "current_time_step": 222, "data": {"base_link_transform_matrix": [[0.9999937745213731, -0.003513869896951598, -0.00032192676912391863, 0.0], [0.003513863527376019, 0.9999938261554512, -2.0349259477807324e-05, 0.0], [0.00032199628624839425, 1.9217926061416833e-05, 0.9999999479745302, 0.0], [0.31354567408561707, -0.004096007905900478, 0.03554913401603699, 1.0]], "wheel_velocity_fl": 199.19384765625, "wheel_velocity_fr": 199.95370483398438, "wheel_velocity_rl": 198.33238220214844, "wheel_velocity_rr": 196.58103942871094}}, {"current_time": 1.6166666839271784, "current_time_step": 223, "data": {"base_link_transform_matrix": [[0.999993759131125, -0.0035301456625856614, -0.0001406072633299799, 0.0], [0.003530133199852304, 0.9999937651189847, -8.878484155360642e-05, 0.0], [0.00014091981008373694, 8.828792509063065e-05, 0.9999999861734246, 0.0], [0.3214150369167328, -0.0040952591225504875, 0.035254865884780884, 1.0]], "wheel_velocity_fl": 197.83961486816406, "wheel_velocity_fr": 199.2389678955078, "wheel_velocity_rl": 188.26983642578125, "wheel_velocity_rr": 194.8616180419922}}, {"current_time": 1.6333333514630795, "current_time_step": 224, "data": {"base_link_transform_matrix": [[0.9999929191548633, -0.003542591389668787, -0.0012695221072861504, 0.0], [0.0035428397938504375, 0.9999937054075686, 0.00019347205477204224, 0.0], [0.0012688287237265254, -0.00019796839826725037, 0.9999991754407516, 0.0], [0.3289855420589447, -0.004013802390545607, 0.03515763580799103, 1.0]], "wheel_velocity_fl": 206.64451599121094, "wheel_velocity_fr": 199.4314727783203, "wheel_velocity_rl": 208.6299285888672, "wheel_velocity_rr": 197.02549743652344}}, {"current_time": 1.6500000189989805, "current_time_step": 225, "data": {"base_link_transform_matrix": [[0.9999941333133332, -0.003425236552360256, 3.30677489539535e-05, 0.0], [0.003425234681225161, 0.9999941322716673, 5.6476664569669545e-05, 0.0], [-3.326100085722548e-05, -5.63630684382274e-05, 0.9999999978584552, 0.0], [0.3372209668159485, -0.004098269622772932, 0.03531365096569061, 1.0]], "wheel_velocity_fl": 206.97972106933594, "wheel_velocity_fr": 206.6666717529297, "wheel_velocity_rl": 200.13087463378906, "wheel_velocity_rr": 205.78097534179688}}, {"current_time": 1.6666666865348816, "current_time_step": 226, "data": {"base_link_transform_matrix": [[0.9999934361446357, -0.003400246113258884, 0.0012513968250386762, 0.0], [0.003400276094128605, 0.9999942188062312, -2.1831149269424815e-05, 0.0], [-0.0012513153591906976, 2.608610068136602e-05, 0.9999992167643869, 0.0], [0.3451671898365021, -0.004138646647334099, 0.03510493040084839, 1.0]], "wheel_velocity_fl": 203.1392822265625, "wheel_velocity_fr": 202.21022033691406, "wheel_velocity_rl": 174.9088592529297, "wheel_velocity_rr": 188.23495483398438}}, {"current_time": 1.6833333540707827, "current_time_step": 227, "data": {"base_link_transform_matrix": [[0.9999939099103273, -0.003489789222436874, 3.890294613757624e-05, 0.0], [0.003489785486931138, 0.9999939061028228, 9.567901581029284e-05, 0.0], [-3.9236608665210717e-05, -9.554267017967697e-05, 0.9999999946660434, 0.0], [0.3523401916027069, -0.004106747452169657, 0.035305917263031006, 1.0]], "wheel_velocity_fl": 189.76783752441406, "wheel_velocity_fr": 183.56594848632812, "wheel_velocity_rl": 202.49929809570312, "wheel_velocity_rr": 196.5708770751953}}, {"current_time": 1.7000000216066837, "current_time_step": 228, "data": {"base_link_transform_matrix": [[0.9999938643934252, -0.003490981511905784, 0.00029021300366365363, 0.0], [0.0034909760323400298, 0.9999939063367036, 1.938560737285493e-05, 0.0], [-0.0002902789100002608, -1.8372361790331654e-05, 0.9999999577003045, 0.0], [0.36013263463974, -0.0041570961475372314, 0.03555375337600708, 1.0]], "wheel_velocity_fl": 199.76780700683594, "wheel_velocity_fr": 198.04441833496094, "wheel_velocity_rl": 198.98658752441406, "wheel_velocity_rr": 200.53338623046875}}, {"current_time": 1.7166666891425848, "current_time_step": 229, "data": {"base_link_transform_matrix": [[0.9999937545014539, -0.0034954512784655303, 0.000522281959998904, 0.0], [0.003495446949216314, 0.9999938908643163, 9.201680869432107e-06, 0.0], [-0.0005223109333347044, -7.37601451663873e-06, 0.9999998635684324, 0.0], [0.3679165840148926, -0.004165183752775192, 0.03546939790248871, 1.0]], "wheel_velocity_fl": 199.272216796875, "wheel_velocity_fr": 195.55064392089844, "wheel_velocity_rl": 200.44332885742188, "wheel_velocity_rr": 199.359619140625}}, {"current_time": 1.7333333566784859, "current_time_step": 230, "data": {"base_link_transform_matrix": [[0.9999937066476063, -0.003514587207205104, 0.0004840887769665294, 0.0], [0.003514578495925176, 0.9999938236723627, 1.8844722808237544e-05, 0.0], [-0.00048415201849734245, -1.7143236206110865e-05, 0.9999998826514593, 0.0], [0.3755386471748352, -0.004176101181656122, 0.035759299993515015, 1.0]], "wheel_velocity_fl": 195.3903350830078, "wheel_velocity_fr": 195.0872802734375, "wheel_velocity_rl": 197.47238159179688, "wheel_velocity_rr": 194.96336364746094}}, {"current_time": 1.750000024214387, "current_time_step": 231, "data": {"base_link_transform_matrix": [[0.9999936877466405, -0.0035428919448544866, 0.00026904189539186165, 0.0], [0.0035428980895879213, 0.9999937236667447, -2.2366158220248337e-05, 0.0], [-0.0002689609659134706, 2.3319205056593912e-05, 0.999999963558106, 0.0], [0.38327252864837646, -0.004204134456813335, 0.03568953275680542, 1.0]], "wheel_velocity_fl": 200.24990844726562, "wheel_velocity_fr": 199.53762817382812, "wheel_velocity_rl": 198.3414306640625, "wheel_velocity_rr": 199.48094177246094}}, {"current_time": 1.766666691750288, "current_time_step": 232, "data": {"base_link_transform_matrix": [[0.999993745744142, -0.0035089106904327093, -0.00044273961506916004, 0.0], [0.0035089301937176296, 0.9999938427488139, 4.328228502693118e-05, 0.0], [0.00044258501533750265, -4.4835556731717605e-05, 0.9999999010541336, 0.0], [0.3910042941570282, -0.004228904843330383, 0.03575526177883148, 1.0]], "wheel_velocity_fl": 216.93077087402344, "wheel_velocity_fr": 224.67178344726562, "wheel_velocity_rl": 195.54335021972656, "wheel_velocity_rr": 203.27032470703125}}, {"current_time": 1.783333359286189, "current_time_step": 233, "data": {"base_link_transform_matrix": [[0.999993903222628, -0.0034887729062799537, 0.00014826051973140556, 0.0], [0.003488775664133263, 0.9999939140353598, -1.8346848740122176e-05, 0.0], [-0.00014819560943432476, 1.8863984576660607e-05, 0.9999999888411056, 0.0], [0.3989810645580292, -0.004262905567884445, 0.03585013747215271, 1.0]], "wheel_velocity_fl": 201.35791015625, "wheel_velocity_fr": 200.90072631835938, "wheel_velocity_rl": 200.9151611328125, "wheel_velocity_rr": 202.2023162841797}}, {"current_time": 1.8000000268220901, "current_time_step": 234, "data": {"base_link_transform_matrix": [[0.9999938896264412, -0.003456134525492748, 0.0005252084563876792, 0.0], [0.003456087497381204, 0.9999940236235851, 9.042302301549629e-05, 0.0], [-0.0005255178316759909, -8.8607304117407e-05, 0.999999857989867, 0.0], [0.40679675340652466, -0.004260550253093243, 0.03566698729991913, 1.0]], "wheel_velocity_fl": 190.678466796875, "wheel_velocity_fr": 194.52139282226562, "wheel_velocity_rl": 209.36476135253906, "wheel_velocity_rr": 210.9149627685547}}, {"current_time": 1.8166666943579912, "current_time_step": 235, "data": {"base_link_transform_matrix": [[0.9999939300918547, -0.0034679785033840268, -0.00033601271854101787, 0.0], [0.003467964737307101, 0.9999939857292984, -4.154290018055578e-05, 0.0], [0.00033615476755436373, 4.0377367759780646e-05, 0.9999999426848186, 0.0], [0.4143584072589874, -0.004329689312726259, 0.03575986623764038, 1.0]], "wheel_velocity_fl": 197.34620666503906, "wheel_velocity_fr": 203.1722412109375, "wheel_velocity_rl": 189.16299438476562, "wheel_velocity_rr": 193.72857666015625}}, {"current_time": 1.8333333618938923, "current_time_step": 236, "data": {"base_link_transform_matrix": [[0.9999937478720731, -0.003489324395031784, -0.0005734387771132455, 0.0], [0.003489294878436674, 0.9999939110157808, -5.246536001452372e-05, 0.0], [0.0005736183541141738, 5.046413500630294e-05, 0.9999998342076637, 0.0], [0.42223796248435974, -0.004379867576062679, 0.0356576144695282, 1.0]], "wheel_velocity_fl": 199.64854431152344, "wheel_velocity_fr": 198.24029541015625, "wheel_velocity_rl": 197.79129028320312, "wheel_velocity_rr": 198.9387664794922}}, {"current_time": 1.8500000294297934, "current_time_step": 237, "data": {"base_link_transform_matrix": [[0.9999939298145448, -0.0034545665484966895, -0.0004542070289123055, 0.0], [0.003454555105961745, 0.999994032669369, -2.5974464439981905e-05, 0.0], [0.0004542940490247585, 2.440522355927294e-05, 0.9999998965106457, 0.0], [0.43023037910461426, -0.004390256479382515, 0.03554883599281311, 1.0]], "wheel_velocity_fl": 199.7797393798828, "wheel_velocity_fr": 199.9921417236328, "wheel_velocity_rl": 201.37911987304688, "wheel_velocity_rr": 210.31239318847656}}, {"current_time": 1.8666666969656944, "current_time_step": 238, "data": {"base_link_transform_matrix": [[0.9999939632837855, -0.0034684540119421722, -0.00020790082724823705, 0.0], [0.0034684438330027057, 0.9999939837152906, -4.9301120586710194e-05, 0.0], [0.0002080705751271612, 4.8579730627690845e-05, 0.9999999771733226, 0.0], [0.43807336688041687, -0.004426241852343082, 0.03547123074531555, 1.0]], "wheel_velocity_fl": 199.56089782714844, "wheel_velocity_fr": 199.04510498046875, "wheel_velocity_rl": 197.6839141845703, "wheel_velocity_rr": 198.27635192871094}}, {"current_time": 1.8833333645015955, "current_time_step": 239, "data": {"base_link_transform_matrix": [[0.9999936903788977, -0.0034914841638030688, -0.0006547829618440593, 0.0], [0.0034915472433162597, 0.9999938999970687, 9.521817196253726e-05, 0.0], [0.0006544465149265592, -9.75037768173472e-05, 0.9999997810963623, 0.0], [0.4457416534423828, -0.004411337431520224, 0.03523227572441101, 1.0]], "wheel_velocity_fl": 195.4989013671875, "wheel_velocity_fr": 195.77789306640625, "wheel_velocity_rl": 203.91598510742188, "wheel_velocity_rr": 190.31088256835938}}, {"current_time": 1.9000000320374966, "current_time_step": 240, "data": {"base_link_transform_matrix": [[0.9999941129327463, -0.00334320257914554, -0.0007727201075589587, 0.0], [0.003343356514448593, 0.9999943913646089, 0.0001980064207048403, 0.0], [0.0007720537980772282, -0.00020058873383317763, 0.9999996818484957, 0.0], [0.45362740755081177, -0.004429705440998077, 0.0352778434753418, 1.0]], "wheel_velocity_fl": 205.50723266601562, "wheel_velocity_fr": 211.46726989746094, "wheel_velocity_rl": 200.92816162109375, "wheel_velocity_rr": 204.21109008789062}}, {"current_time": 1.9166666995733976, "current_time_step": 241, "data": {"base_link_transform_matrix": [[0.9999948042449737, -0.0031852285931285706, 0.0004957840925110806, 0.0], [0.0031851878121735696, 0.9999949238299798, 8.302333478549873e-05, 0.0], [-0.0004960460241265894, -8.144373796765388e-05, 0.9999998736526218, 0.0], [0.46165043115615845, -0.004496216308325529, 0.03527514636516571, 1.0]], "wheel_velocity_fl": 204.5411834716797, "wheel_velocity_fr": 203.0642852783203, "wheel_velocity_rl": 199.9711456298828, "wheel_velocity_rr": 202.64483642578125}}, {"current_time": 1.9333333671092987, "current_time_step": 242, "data": {"base_link_transform_matrix": [[0.9999948923005142, -0.003073068513494366, 0.0008784206249449478, 0.0], [0.003072997600546519, 0.9999952749642897, 8.206608041522881e-05, 0.0], [-0.0008786686690638763, -7.936627677362568e-05, 0.9999996108211063, 0.0], [0.46923336386680603, -0.004514147527515888, 0.03524473309516907, 1.0]], "wheel_velocity_fl": 189.04627990722656, "wheel_velocity_fr": 190.93045043945312, "wheel_velocity_rl": 205.120361328125, "wheel_velocity_rr": 202.76898193359375}}, {"current_time": 1.9500000346451998, "current_time_step": 243, "data": {"base_link_transform_matrix": [[0.9999951544025625, -0.003105941467601529, 0.00021047326454036084, 0.0], [0.003105927996634179, 0.9999951745267597, 6.429988475616776e-05, 0.0], [-0.00021067196058568115, -6.364585837993204e-05, 0.9999999757832646, 0.0], [0.4766521453857422, -0.0045289890840649605, 0.03544241189956665, 1.0]], "wheel_velocity_fl": 202.55589294433594, "wheel_velocity_fr": 209.7703094482422, "wheel_velocity_rl": 189.5159454345703, "wheel_velocity_rr": 194.821533203125}}, {"current_time": 1.9666667021811008, "current_time_step": 244, "data": {"base_link_transform_matrix": [[0.9999951405799203, -0.0030925836930293616, 0.0003933734191679016, 0.0], [0.003092582922094568, 0.9999952179507036, 2.5680603218211586e-06, 0.0], [-0.00039337947997829324, -1.3515079244126648e-06, 0.9999999226253761, 0.0], [0.48439571261405945, -0.004592586774379015, 0.03555366396903992, 1.0]], "wheel_velocity_fl": 200.7340087890625, "wheel_velocity_fr": 199.17007446289062, "wheel_velocity_rl": 198.1619110107422, "wheel_velocity_rr": 200.18785095214844}}, {"current_time": 1.983333369717002, "current_time_step": 245, "data": {"base_link_transform_matrix": [[0.9999951338103547, -0.003061199914790808, 0.0006011744276817454, 0.0], [0.0030611433789355007, 0.9999953101828092, 9.493998564683498e-05, 0.0], [-0.000601462238559552, -9.30992425319766e-05, 0.9999998147878362, 0.0], [0.49215462803840637, -0.0045722536742687225, 0.035607725381851196, 1.0]], "wheel_velocity_fl": 192.3148956298828, "wheel_velocity_fr": 196.7216339111328, "wheel_velocity_rl": 201.70729064941406, "wheel_velocity_rr": 208.03262329101562}}, {"current_time": 2.000000037252903, "current_time_step": 246, "data": {"base_link_transform_matrix": [[0.9999951654338598, -0.0030828084471307797, 0.0004066952000038024, 0.0], [0.0030828068383101127, 0.9999952481292083, 4.5826624153761105e-06, 0.0], [-0.0004067073949111649, -3.328877516511944e-06, 0.9999999172890033, 0.0], [0.4997551441192627, -0.004619396757334471, 0.035770148038864136, 1.0]], "wheel_velocity_fl": 198.8815155029297, "wheel_velocity_fr": 196.8215789794922, "wheel_velocity_rl": 198.14134216308594, "wheel_velocity_rr": 200.0072784423828}}, {"current_time": 2.016666704788804, "current_time_step": 247, "data": {"base_link_transform_matrix": [[0.9999952396123366, -0.0030847132289002896, -7.278022305324591e-05, 0.0], [0.003084718146297318, 0.9999952399641633, 6.754978384250528e-05, 0.0], [7.257150490494765e-05, -6.777396875409152e-05, 0.9999999950700329, 0.0], [0.507447361946106, -0.004614637233316898, 0.035710811614990234, 1.0]], "wheel_velocity_fl": 195.3248291015625, "wheel_velocity_fr": 196.3669891357422, "wheel_velocity_rl": 210.90512084960938, "wheel_velocity_rr": 191.4987335205078}}, {"current_time": 2.033333372324705, "current_time_step": 248, "data": {"base_link_transform_matrix": [[0.9999954787052469, -0.002975989666423382, -0.00043134043357301663, 0.0], [0.00297600305777923, 0.9999955712307881, 3.040739802184763e-05, 0.0], [0.0004312480311634887, -3.1690930990295615e-05, 0.9999999065104059, 0.0], [0.5152665376663208, -0.004667938686907291, 0.03588488698005676, 1.0]], "wheel_velocity_fl": 203.19281005859375, "wheel_velocity_fr": 211.3689422607422, "wheel_velocity_rl": 199.37818908691406, "wheel_velocity_rr": 206.18495178222656}}, {"current_time": 2.050000039860606, "current_time_step": 249, "data": {"base_link_transform_matrix": [[0.9999953370349367, -0.003035533420277293, 0.0003338341470332289, 0.0], [0.0030355494710726724, 0.9999953915769682, -4.7583977003886595e-05, 0.0], [-0.00033368816583179183, 4.859712518991696e-05, 0.9999999431452621, 0.0], [0.52316814661026, -0.0047413986176252365, 0.03577624261379242, 1.0]], "wheel_velocity_fl": 198.80726623535156, "wheel_velocity_fr": 195.28607177734375, "wheel_velocity_rl": 199.08131408691406, "wheel_velocity_rr": 199.52520751953125}}, {"current_time": 2.0666667073965073, "current_time_step": 250, "data": {"base_link_transform_matrix": [[0.9999952639995279, -0.003076725872136001, -7.573917322711915e-05, 0.0], [0.0030767300795182, 0.9999952653148282, 5.5497245014313784e-05, 0.0], [7.556806481641094e-05, -5.573001117180091e-05, 0.9999999955918167, 0.0], [0.5306952595710754, -0.004738321527838707, 0.035704806447029114, 1.0]], "wheel_velocity_fl": 199.43283081054688, "wheel_velocity_fr": 191.1198272705078, "wheel_velocity_rl": 190.0506591796875, "wheel_velocity_rr": 191.4740447998047}}, {"current_time": 2.0833333749324083, "current_time_step": 251, "data": {"base_link_transform_matrix": [[0.9999954428803017, -0.0029863677162925944, -0.00044252287216650686, 0.0], [0.002986367978695411, 0.9999955407932033, -6.779832162321006e-08, 0.0], [0.0004425211013362265, -1.2537381226202356e-06, 0.9999999020867467, 0.0], [0.5384498834609985, -0