{"Isaac Sim Data": [{"current_time": 0, "current_time_step": 0, "data": {"base_link_transform_matrix": [[1.0, 0.0, 0.0, 0.0], [0.0, 1.0, 0.0, 0.0], [0.0, 0.0, 1.0, 0.0], [4.470348358154297e-08, 1.3969838619232178e-09, 0.0, 1.0]], "wheel_velocity_fl": -1.2522526979446411, "wheel_velocity_fr": -1.4484643936157227, "wheel_velocity_rl": 1.5402002334594727, "wheel_velocity_rr": 1.2832486629486084}}, {"current_time": 0.01666666753590107, "current_time_step": 1, "data": {"base_link_transform_matrix": [[1.0, 0.0, 0.0, 0.0], [0.0, 1.0, 0.0, 0.0], [0.0, 0.0, 1.0, 0.0], [-1.4901161193847656e-08, -1.4320215768748312e-07, -0.00272524356842041, 1.0]], "wheel_velocity_fl": -1.2522526979446411, "wheel_velocity_fr": -1.4484643936157227, "wheel_velocity_rl": 1.5402002334594727, "wheel_velocity_rr": 1.2832486629486084}}, {"current_time": 0.03333333507180214, "current_time_step": 2, "data": {"base_link_transform_matrix": [[1.0, 0.0, 0.0, 0.0], [0.0, 1.0, 0.0, 0.0], [0.0, 0.0, 1.0, 0.0], [-2.86102294921875e-05, -7.5556263254838996e-06, -0.0076299309730529785, 1.0]], "wheel_velocity_fl": -1.2522526979446411, "wheel_velocity_fr": -1.4484643936157227, "wheel_velocity_rl": 1.5402002334594727, "wheel_velocity_rr": 1.2832486629486084}}, {"current_time": 0.05000000260770321, "current_time_step": 3, "data": {"base_link_transform_matrix": [[1.0, 0.0, 0.0, 0.0], [0.0, 1.0, 0.0, 0.0], [0.0, 0.0, 1.0, 0.0], [-6.577372550964355e-05, -1.7294809367740527e-05, -0.00820833444595337, 1.0]], "wheel_velocity_fl": -1.2522526979446411, "wheel_velocity_fr": -1.4484643936157227, "wheel_velocity_rl": 1.5402002334594727, "wheel_velocity_rr": 1.2832486629486084}}, {"current_time": 0.06666667014360428, "current_time_step": 4, "data": {"base_link_transform_matrix": [[1.0, 0.0, 0.0, 0.0], [0.0, 1.0, 0.0, 0.0], [0.0, 0.0, 1.0, 0.0], [-7.349997758865356e-05, -1.1124797310912982e-05, -0.008605092763900757, 1.0]], "wheel_velocity_fl": -1.2522526979446411, "wheel_velocity_fr": -1.4484643936157227, "wheel_velocity_rl": 1.5402002334594727, "wheel_velocity_rr": 1.2832486629486084}}, {"current_time": 0.08333333767950535, "current_time_step": 5, "data": {"base_link_transform_matrix": [[0.9999997789898604, -0.00023796142044605617, -0.0006208015727556242, 0.0], [0.00023784557920759618, 0.9999999542925266, -0.0001866666149297375, 0.0], [0.0006208459638331913, 0.0001865189187648778, 0.999999789880469, 0.0], [-7.236748933792114e-05, -3.5844568628817797e-06, -0.008983731269836426, 1.0]], "wheel_velocity_fl": -1.2522526979446411, "wheel_velocity_fr": -1.4484643936157227, "wheel_velocity_rl": 1.5402002334594727, "wheel_velocity_rr": 1.2832486629486084}}, {"current_time": 0.10000000521540642, "current_time_step": 6, "data": {"base_link_transform_matrix": [[0.9999997799793517, -0.0002376235648235827, -0.0006193353611249667, 0.0], [0.0002375047580272846, 0.9999999533837075, -0.00019189599460853575, 0.0], [0.0006193809312641627, 0.00019174885729237288, 0.9999997897997968, 0.0], [-7.099658250808716e-05, -5.308827894623391e-06, -0.009343773126602173, 1.0]], "wheel_velocity_fl": -1.2522526979446411, "wheel_velocity_fr": -1.4484643936157227, "wheel_velocity_rl": 1.5402002334594727, "wheel_velocity_rr": 1.2832486629486084}}, {"current_time": 0.11666667275130749, "current_time_step": 7, "data": {"base_link_transform_matrix": [[0.9999997797277048, -0.0002478551550193983, -0.0006157210114753648, 0.0], [0.00024773785194037723, 0.999999951152166, -0.00019058232451354533, 0.0], [0.0006157682182103131, 0.00019042974513276185, 0.9999997922829852, 0.0], [-6.87912106513977e-05, -7.54021129978355e-06, -0.009689092636108398, 1.0]], "wheel_velocity_fl": -1.2522526979446411, "wheel_velocity_fr": -1.4484643936157227, "wheel_velocity_rl": 1.5402002334594727, "wheel_velocity_rr": 1.2832486629486084}}, {"current_time": 0.13333334028720856, "current_time_step": 8, "data": {"base_link_transform_matrix": [[0.999999779860999, -0.0002662880669674205, -0.0006077570394630165, 0.0], [0.00026617185624313374, 0.9999999462812286, -0.00019128534410425558, 0.0], [0.0006078079438195757, 0.00019112353417555234, 0.9999997970206285, 0.0], [-6.591528654098511e-05, -1.3007391316932626e-05, -0.010018467903137207, 1.0]], "wheel_velocity_fl": -1.2522526979446411, "wheel_velocity_fr": -1.4484643936157227, "wheel_velocity_rl": 1.5402002334594727, "wheel_velocity_rr": 1.2832486629486084}}, {"current_time": 0.15000000782310963, "current_time_step": 9, "data": {"base_link_transform_matrix": [[0.9999997794894689, -0.0002784692974021799, -0.0006028895951428779, 0.0], [0.00027835519472645755, 0.9999999433352651, -0.00018933529041614797, 0.0], [0.0006029422850455944, 0.00018916743121506798, 0.999999800338122, 0.0], [-6.254017353057861e-05, -1.644844451220706e-05, -0.010334819555282593, 1.0]], "wheel_velocity_fl": -1.2522526979446411, "wheel_velocity_fr": -1.4484643936157227, "wheel_velocity_rl": 1.5402002334594727, "wheel_velocity_rr": 1.2832486629486084}}, {"current_time": 0.1666666753590107, "current_time_step": 10, "data": {"base_link_transform_matrix": [[0.9999995590541635, -0.0004084985216610543, -0.0008455888104824991, 0.0], [0.000408271954518321, 0.9999998807194355, -0.00026809536716574305, 0.0], [0.0008456982261813398, 0.0002677500187538326, 0.9999996065521415, 0.0], [-6.015598773956299e-05, -2.2854139388073236e-05, -0.01063549518585205, 1.0]], "wheel_velocity_fl": -1.2522526979446411, "wheel_velocity_fr": -1.4484643936157227, "wheel_velocity_rl": 1.5402002334594727, "wheel_velocity_rr": 1.2832486629486084}}, {"current_time": 0.18333334289491177, "current_time_step": 11, "data": {"base_link_transform_matrix": [[0.9999995583491106, -0.0004236986717690488, -0.000838916574648433, 0.0], [0.0004234761106265014, 0.9999998751005992, -0.0002654557773296728, 0.0], [0.0008390289431285234, 0.0002651003989627204, 0.9999996128760306, 0.0], [-5.529075860977173e-05, -2.667723674676381e-05, -0.010923624038696289, 1.0]], "wheel_velocity_fl": -1.2522526979446411, "wheel_velocity_fr": -1.4484643936157227, "wheel_velocity_rl": 1.5402002334594727, "wheel_velocity_rr": 1.2832486629486084}}, {"current_time": 0.20000001043081284, "current_time_step": 12, "data": {"base_link_transform_matrix": [[0.9999995583977794, -0.00043840198235389153, -0.0008312688782685637, 0.0], [0.0004381812969847126, 0.9999998687152872, -0.00026564366994500223, 0.0], [0.0008313852278471714, 0.000265279306160945, 0.9999996192126738, 0.0], [-4.6193599700927734e-05, -3.20268991345074e-05, -0.01120007038116455, 1.0]], "wheel_velocity_fl": -1.2522526979446411, "wheel_velocity_fr": -1.4484643936157227, "wheel_velocity_rl": 1.5402002334594727, "wheel_velocity_rr": 1.2832486629486084}}, {"current_time": 0.2166666779667139, "current_time_step": 13, "data": {"base_link_transform_matrix": [[0.999999336585771, -0.0005540535400970616, -0.0010098775631821064, 0.0], [0.0005537283324917553, 0.9999997947609162, -0.0003222779225776633, 0.0], [0.0010100559151396597, 0.0003217185109548221, 0.9999994381419661, 0.0], [-3.7029385566711426e-05, -3.567562816897407e-05, -0.01146155595779419, 1.0]], "wheel_velocity_fl": -1.2522526979446411, "wheel_velocity_fr": -1.4484643936157227, "wheel_velocity_rl": 1.5402002334594727, "wheel_velocity_rr": 1.2832486629486084}}, {"current_time": 0.23333334550261497, "current_time_step": 14, "data": {"base_link_transform_matrix": [[0.9999993365760835, -0.0005704041415890067, -0.0010007429780142748, 0.0], [0.0005700819045718495, 0.9999997855796323, -0.00032225348960343195, 0.0], [0.001000926578159709, 0.0003216827703498665, 0.9999994473329374, 0.0], [-2.8893351554870605e-05, -4.2014526115963235e-05, -0.011712789535522461, 1.0]], "wheel_velocity_fl": -1.2522526979446411, "wheel_velocity_fr": -1.4484643936157227, "wheel_velocity_rl": 1.5402002334594727, "wheel_velocity_rr": 1.2832486629486084}}, {"current_time": 0.25000001303851604, "current_time_step": 15, "data": {"base_link_transform_matrix": [[0.9999993358913722, -0.0005863641864663558, -0.0009921662438231726, 0.0], [0.0005860468274576504, 0.9999997770344448, -0.00032012525161068654, 0.0], [0.0009923537325870033, 0.0003195435831332419, 0.9999994565628363, 0.0], [-1.7642974853515625e-05, -4.683862061938271e-05, -0.011952191591262817, 1.0]], "wheel_velocity_fl": -1.2522526979446411, "wheel_velocity_fr": -1.4484643936157227, "wheel_velocity_rl": 1.5402002334594727, "wheel_velocity_rr": 1.2832486629486084}}, {"current_time": 0.2666666805744171, "current_time_step": 16, "data": {"base_link_transform_matrix": [[0.9999991140153744, -0.0006959810077064331, -0.00113471534009777, 0.0], [0.0006955634544109523, 0.9999996902608087, -0.0003683337720427064, 0.0], [0.0011349713419417967, 0.00036754417918291577, 0.9999992883754114, 0.0], [-4.105269908905029e-06, -5.209315713727847e-05, -0.012182623147964478, 1.0]], "wheel_velocity_fl": -1.2522526979446411, "wheel_velocity_fr": -1.4484643936157227, "wheel_velocity_rl": 1.5402002334594727, "wheel_velocity_rr": 1.2832486629486084}}, {"current_time": 0.2833333481103182, "current_time_step": 17, "data": {"base_link_transform_matrix": [[0.9999991136634718, -0.0007126806122626623, -0.0011246148743752642, 0.0], [0.0007122678514450784, 0.9999996788524389, -0.000367381990379181, 0.0], [0.0011248763392297776, 0.0003665806377348287, 0.9999993001356838, 0.0], [1.0773539543151855e-05, -5.879714080947451e-05, -0.012400031089782715, 1.0]], "wheel_velocity_fl": -1.2522526979446411, "wheel_velocity_fr": -1.4484643936157227, "wheel_velocity_rl": 1.5402002334594727, "wheel_velocity_rr": 1.2832486629486084}}, {"current_time": 0.30000001564621925, "current_time_step": 18, "data": {"base_link_transform_matrix": [[0.9999991130769781, -0.000730604940551642, -0.0011135805665114893, 0.0], [0.0007301980119107187, 0.9999996665055338, -0.00036578639201836476, 0.0], [0.0011138474404837277, 0.0003649729332782235, 0.9999993130690827, 0.0], [2.5957822799682617e-05, -6.611275603063405e-05, -0.012610167264938354, 1.0]], "wheel_velocity_fl": -1.2522526979446411, "wheel_velocity_fr": -1.4484643936157227, "wheel_velocity_rl": 1.5402002334594727, "wheel_velocity_rr": 1.2832486629486084}}, {"current_time": 0.3166666831821203, "current_time_step": 19, "data": {"base_link_transform_matrix": [[0.9999988905742003, -0.0008353119934802779, -0.0012333305485986148, 0.0], [0.0008348104365125018, 0.9999995686692577, -0.0004071275400099396, 0.0], [0.00123367009514228, 0.0004060974911185032, 0.9999991565711064, 0.0], [4.2438507080078125e-05, -7.405498035950586e-05, -0.012808769941329956, 1.0]], "wheel_velocity_fl": -1.2522526979446411, "wheel_velocity_fr": -1.4484643936157227, "wheel_velocity_rl": 1.5402002334594727, "wheel_velocity_rr": 1.2832486629486084}}, {"current_time": 0.3333333507180214, "current_time_step": 20, "data": {"base_link_transform_matrix": [[0.9999988897891824, -0.0008544529649683499, -0.0012207909458186335, 0.0], [0.0008539588683676017, 0.9999995532840082, -0.0004051987598796768, 0.0], [0.0012211366237535762, 0.0004041558047690256, 0.9999991727413736, 0.0], [5.9798359870910645e-05, -8.234722190536559e-05, -0.013000547885894775, 1.0]], "wheel_velocity_fl": -1.2522526979446411, "wheel_velocity_fr": -1.4484643936157227, "wheel_velocity_rl": 1.5402002334594727, "wheel_velocity_rr": 1.2832486629486084}}, {"current_time": 0.35000001825392246, "current_time_step": 21, "data": {"base_link_transform_matrix": [[0.9999988889016898, -0.000872434338087343, -0.001208740547707062, 0.0], [0.0008719477754089475, 0.999999538646746, -0.00040300542461206817, 0.0], [0.001209091585821544, 0.00040195101820180205, 0.9999991882661285, 0.0], [7.855147123336792e-05, -9.10736562218517e-05, -0.013181418180465698, 1.0]], "wheel_velocity_fl": -1.2522526979446411, "wheel_velocity_fr": -1.4484643936157227, "wheel_velocity_rl": 1.5402002334594727, "wheel_velocity_rr": 1.2832486629486084}}, {"current_time": 0.36666668578982353, "current_time_step": 22, "data": {"base_link_transform_matrix": [[0.9999986656602795, -0.0009752713911683752, -0.001310543159951772, 0.0], [0.0009746965332520037, 0.9999994285312984, -0.0004392080880547715, 0.0], [0.0013109707581004236, 0.00043793012012729196, 0.9999990447859844, 0.0], [9.80868935585022e-05, -0.00010035893501481041, -0.013355493545532227, 1.0]], "wheel_velocity_fl": -1.2522526979446411, "wheel_velocity_fr": -1.4484643936157227, "wheel_velocity_rl": 1.5402002334594727, "wheel_velocity_rr": 1.2832486629486084}}, {"current_time": 0.3833333533257246, "current_time_step": 23, "data": {"base_link_transform_matrix": [[0.9999986644619644, -0.0009958469014609026, -0.0012959024795495054, 0.0], [0.0009952820156442332, 0.9999994094521668, -0.00043647339776998117, 0.0], [0.0012963363749378433, 0.0004351830264112325, 0.9999990650634312, 0.0], [0.0001185983419418335, -0.00010971308074658737, -0.013522952795028687, 1.0]], "wheel_velocity_fl": -1.2522526979446411, "wheel_velocity_fr": -1.4484643936157227, "wheel_velocity_rl": 1.5402002334594727, "wheel_velocity_rr": 1.2832486629486084}}, {"current_time": 0.40000002086162567, "current_time_step": 24, "data": {"base_link_transform_matrix": [[0.9999984406745474, -0.0010954621796387296, -0.001385139374466029, 0.0], [0.0010948135411255266, 0.9999992907317801, -0.00046895548512122017, 0.0], [0.001385652115028575, 0.00046743828452348456, 0.9999989307342615, 0.0], [0.00014060735702514648, -0.00011991602514171973, -0.013680517673492432, 1.0]], "wheel_velocity_fl": -1.2522526979446411, "wheel_velocity_fr": -1.4484643936157227, "wheel_velocity_rl": 1.5402002334594727, "wheel_velocity_rr": 1.2832486629486084}}, {"current_time": 0.41666668839752674, "current_time_step": 25, "data": {"base_link_transform_matrix": [[0.9999984393253062, -0.001116088315066806, -0.0013695597193672333, 0.0], [0.0011154509291435822, 0.999999269273544, -0.0004660703837705143, 0.0], [0.0013700788943030384, 0.00046454197972477495, 0.9999989535417387, 0.0], [0.00016304105520248413, -0.0001302749296883121, -0.01383352279663086, 1.0]], "wheel_velocity_fl": -1.2522526979446411, "wheel_velocity_fr": -1.4484643936157227, "wheel_velocity_rl": 1.5402002334594727, "wheel_velocity_rr": 1.2832486629486084}}, {"current_time": 0.4333333559334278, "current_time_step": 26, "data": {"base_link_transform_matrix": [[0.9999982147800633, -0.0012142881165289805, -0.0014477365286242213, 0.0], [0.0012135724630822566, 0.9999991410576816, -0.0004951017832716478, 0.0], [0.00144833648131395, 0.000493343966221137, 0.9999988294658989, 0.0], [0.00018671900033950806, -0.00014118613034952432, -0.013977408409118652, 1.0]], "wheel_velocity_fl": -1.2522526979446411, "wheel_velocity_fr": -1.4484643936157227, "wheel_velocity_rl": 1.5402002334594727, "wheel_velocity_rr": 1.2832486629486084}}, {"current_time": 0.4500000234693289, "current_time_step": 27, "data": {"base_link_transform_matrix": [[0.9999982132033544, -0.0012355000696085902, -0.0014307793947831438, 0.0], [0.0012347973755435222, 0.9999991166515566, -0.0004919060355353585, 0.0], [0.0014313858808475376, 0.0004901384339576442, 0.9999988554487328, 0.0], [0.0002110004425048828, -0.00015240725770127028, -0.01411736011505127, 1.0]], "wheel_velocity_fl": -1.2522526979446411, "wheel_velocity_fr": -1.4484643936157227, "wheel_velocity_rl": 1.5402002334594727, "wheel_velocity_rr": 1.2832486629486084}}, {"current_time": 0.46666669100522995, "current_time_step": 28, "data": {"base_link_transform_matrix": [[0.9999979883664134, -0.001332190166035415, -0.0014995107495753726, 0.0], [0.0013314133242216192, 0.9999989790180546, -0.0005189425868868208, 0.0], [0.001500200548812958, 0.0005169450743726854, 0.9999987410822593, 0.0], [0.00023529678583145142, -0.0001659999106777832, -0.014248579740524292, 1.0]], "wheel_velocity_fl": -1.2522526979446411, "wheel_velocity_fr": -1.4484643936157227, "wheel_velocity_rl": 1.5402002334594727, "wheel_velocity_rr": 1.2832486629486084}}, {"current_time": 0.483333358541131, "current_time_step": 29, "data": {"base_link_transform_matrix": [[0.9999979911568608, -0.0013752383276447657, -0.001458218702717758, 0.0], [0.0013744750474191218, 0.9999989179600332, -0.000524306310262916, 0.0], [0.0014589381710001406, 0.0005223009717932165, 0.9999987993498333, 0.0], [0.00023971498012542725, -0.00020110217155888677, -0.014368176460266113, 1.0]], "wheel_velocity_fl": -1.2522526979446411, "wheel_velocity_fr": -1.4484643936157227, "wheel_velocity_rl": 1.5402002334594727, "wheel_velocity_rr": 1.2832486629486084}}, {"current_time": 0.5000000260770321, "current_time_step": 30, "data": {"base_link_transform_matrix": [[0.999997978599258, -0.0013706316661479935, -0.0014711105443372136, 0.0], [0.0013698978081188552, 0.9999989368203734, -0.0004997380494288295, 0.0], [0.0014717939370777807, 0.0004977217681477776, 0.9999987930470958, 0.0], [0.0002404823899269104, -0.00020149450574535877, -0.01449015736579895, 1.0]], "wheel_velocity_fl": -1.2522526979446411, "wheel_velocity_fr": -1.4484643936157227, "wheel_velocity_rl": 1.5402002334594727, "wheel_velocity_rr": 1.2832486629486084}}, {"current_time": 0.5166666936129332, "current_time_step": 31, "data": {"base_link_transform_matrix": [[0.9999977581082897, -0.0014611502224820278, -0.0015325855348850097, 0.0], [0.0014603324307635027, 0.9999987908227463, -0.0005345860426276486, 0.0], [0.001533364792232563, 0.0005323467597841196, 0.999998682698803, 0.0], [0.00022915750741958618, -0.00019695221271831542, -0.014597207307815552, 1.0]], "wheel_velocity_fl": -1.2522526979446411, "wheel_velocity_fr": -1.4484643936157227, "wheel_velocity_rl": 1.5402002334594727, "wheel_velocity_rr": 1.2832486629486084}}, {"current_time": 0.5333333611488342, "current_time_step": 32, "data": {"base_link_transform_matrix": [[0.9999975298316709, -0.0015712882904429153, -0.001572063505349194, 0.0], [0.0015704200345021799, 0.999998613771801, -0.0005533853915386163, 0.0], [0.001572930854096259, 0.0005509152245592382, 0.9999986111895074, 0.0], [0.00023046880960464478, -0.00020839077478740364, -0.014706313610076904, 1.0]], "wheel_velocity_fl": -1.2522526979446411, "wheel_velocity_fr": -1.4484643936157227, "wheel_velocity_rl": 1.5402002334594727, "wheel_velocity_rr": 1.2832486629486084}}, {"current_time": 0.5500000286847353, "current_time_step": 33, "data": {"base_link_transform_matrix": [[0.9999975320038534, -0.0015926154086875594, -0.0015490520850337268, 0.0], [0.0015917537793366365, 0.9999985778650834, -0.0005573039715551033, 0.0], [0.0015499374529650905, 0.0005548368866203072, 0.9999986449240424, 0.0], [0.0002459213137626648, -0.00023795149172656238, -0.014808475971221924, 1.0]], "wheel_velocity_fl": -1.2522526979446411, "wheel_velocity_fr": -1.4484643936157227, "wheel_velocity_rl": 1.5402002334594727, "wheel_velocity_rr": 1.2832486629486084}}, {"current_time": 0.5666666962206364, "current_time_step": 34, "data": {"base_link_transform_matrix": [[0.9999973020237859, -0.0016926047619873503, -0.001590922458460937, 0.0], [0.0016916959984726453, 0.9999984052657853, -0.0005723901945703374, 0.0], [0.0015918887517315044, 0.0005696972931183487, 0.9999985706665767, 0.0], [0.00026328861713409424, -0.0002681278856471181, -0.014907985925674438, 1.0]], "wheel_velocity_fl": -1.2522526979446411, "wheel_velocity_fr": -1.4484643936157227, "wheel_velocity_rl": 1.5402002334594727, "wheel_velocity_rr": 1.2832486629486084}}, {"current_time": 0.5833333637565374, "current_time_step": 35, "data": {"base_link_transform_matrix": [[0.9999972968791293, -0.001712410555417382, -0.001572858710813607, 0.0], [0.0017115263964869848, 0.999998376678817, -0.000563309084725821, 0.0], [0.0015738207739813908, 0.0005606155728317754, 0.9999986043982015, 0.0], [0.0002886280417442322, -0.0002900973486248404, -0.015004277229309082, 1.0]], "wheel_velocity_fl": -1.2522526979446411, "wheel_velocity_fr": -1.4484643936157227, "wheel_velocity_rl": 1.5402002334594727, "wheel_velocity_rr": 1.2832486629486084}}, {"current_time": 0.6000000312924385, "current_time_step": 36, "data": {"base_link_transform_matrix": [[0.9999970672940108, -0.0018032290443010326, -0.0016167153092923085, 0.0], [0.0018022951424984922, 0.9999982082875607, -0.0005789247686404914, 0.0], [0.0016177563465606555, 0.0005760092726756148, 0.9999985255377735, 0.0], [0.0003211498260498047, -0.0003050891391467303, -0.015099048614501953, 1.0]], "wheel_velocity_fl": -1.2522526979446411, "wheel_velocity_fr": -1.4484643936157227, "wheel_velocity_rl": 1.5402002334594727, "wheel_velocity_rr": 1.2832486629486084}}, {"current_time": 0.6166666988283396, "current_time_step": 37, "data": {"base_link_transform_matrix": [[0.9999968387293037, -0.0018935326125586879, -0.0016544079436954609, 0.0], [0.0018925490857096981, 0.9999980316071629, -0.0005958521274518515, 0.0], [0.0016555329526063076, 0.00059271919556075, 0.9999984539461039, 0.0], [0.0003554150462150574, -0.0003204613458365202, -0.01518714427947998, 1.0]], "wheel_velocity_fl": -1.2522526979446411, "wheel_velocity_fr": -1.4484643936157227, "wheel_velocity_rl": 1.5402002334594727, "wheel_velocity_rr": 1.2832486629486084}}, {"current_time": 0.6333333663642406, "current_time_step": 38, "data": {"base_link_transform_matrix": [[0.9999968352620568, -0.0019144036621610537, -0.0016323371247997812, 0.0], [0.0019134428254271975, 0.99999799532508, -0.0005899850633352999, 0.0], [0.0016334633220603555, 0.0005868598124270575, 0.9999984936954336, 0.0], [0.0003915950655937195, -0.00033283280208706856, -0.015273511409759521, 1.0]], "wheel_velocity_fl": -1.2522526979446411, "wheel_velocity_fr": -1.4484643936157227, "wheel_velocity_rl": 1.5402002334594727, "wheel_velocity_rr": 1.2832486629486084}}, {"current_time": 0.6500000339001417, "current_time_step": 39, "data": {"base_link_transform_matrix": [[0.9999966072882457, -0.002002717417931831, -0.0016656935318656182, 0.0], [0.002001707783984956, 0.9999978120034326, -0.0006075806900882777, 0.0], [0.0016669066997647267, 0.00060424439703366, 0.9999984281541461, 0.0], [0.00042589008808135986, -0.0003501883475109935, -0.01535487174987793, 1.0]], "wheel_velocity_fl": -1.2522526979446411, "wheel_velocity_fr": -1.4484643936157227, "wheel_velocity_rl": 1.5402002334594727, "wheel_velocity_rr": 1.2832486629486084}}, {"current_time": 0.6666667014360428, "current_time_step": 40, "data": {"base_link_transform_matrix": [[0.9999966032864777, -0.002023207939294409, -0.001643181408574695, 0.0], [0.0020222228623229294, 0.9999977747439802, -0.0006009340918920267, 0.0], [0.0016443935667010828, 0.0005976091716797068, 0.9999984694153665, 0.0], [0.00046116113662719727, -0.00036400812678039074, -0.015433937311172485, 1.0]], "wheel_velocity_fl": -1.2522526979446411, "wheel_velocity_fr": -1.4484643936157227, "wheel_velocity_rl": 1.5402002334594727, "wheel_velocity_rr": 1.2832486629486084}}, {"current_time": 0.6833333689719439, "current_time_step": 41, "data": {"base_link_transform_matrix": [[0.9999963893852424, -0.0020858823731073474, -0.0016941992811531708, 0.0], [0.002084799564781683, 0.9999976215916854, -0.0006406416682112868, 0.0], [0.0016955315548187139, 0.0006371072891770237, 0.999998359632179, 0.0], [0.0005208626389503479, -0.0004137294599786401, -0.015501797199249268, 1.0]], "wheel_velocity_fl": -1.2522526979446411, "wheel_velocity_fr": -1.4484643936157227, "wheel_velocity_rl": 1.5402002334594727, "wheel_velocity_rr": 1.2832486629486084}}, {"current_time": 0.7000000365078449, "current_time_step": 42, "data": {"base_link_transform_matrix": [[0.9999963805839758, -0.002102650390266046, -0.001678594735061324, 0.0], [0.0021016009458954548, 0.9999975952502012, -0.0006267114799391701, 0.0], [0.001679908453598851, 0.000623181475326617, 0.9999983947749298, 0.0], [0.0005924627184867859, -0.0004555271298158914, -0.015570759773254395, 1.0]], "wheel_velocity_fl": -1.2522526979446411, "wheel_velocity_fr": -1.4484643936157227, "wheel_velocity_rl": 1.5402002334594727, "wheel_velocity_rr": 1.2832486629486084}}, {"current_time": 0.716666704043746, "current_time_step": 43, "data": {"base_link_transform_matrix": [[0.9999961491797709, -0.0021912725311861174, -0.0017029240510037427, 0.0], [0.0021901889052322924, 0.9999973980510349, -0.0006379370810061487, 0.0], [0.0017043175140845045, 0.0006342048990621706, 0.9999983465416117, 0.0], [0.0006471425294876099, -0.00048501678975299, -0.015636682510375977, 1.0]], "wheel_velocity_fl": -1.2522526979446411, "wheel_velocity_fr": -1.4484643936157227, "wheel_velocity_rl": 1.5402002334594727, "wheel_velocity_rr": 1.2832486629486084}}, {"current_time": 0.7333333715796471, "current_time_step": 44, "data": {"base_link_transform_matrix": [[0.9999959168456098, -0.002275028471718754, -0.0017293170793650212, 0.0], [0.0022739116082577744, 0.9999972050097368, -0.0006475327885674701, 0.0], [0.0017307854014709848, 0.0006435978304099952, 0.99999829508041, 0.0], [0.0006912350654602051, -0.0005046680453233421, -0.015702873468399048, 1.0]], "wheel_velocity_fl": -1.2522526979446411, "wheel_velocity_fr": -1.4484643936157227, "wheel_velocity_rl": 1.5402002334594727, "wheel_velocity_rr": 1.2832486629486084}}, {"current_time": 0.7500000391155481, "current_time_step": 45, "data": {"base_link_transform_matrix": [[0.9999959130328081, -0.0022973488339688196, -0.0017017949393121185, 0.0], [0.002296259839437091, 0.9999971577743298, -0.0006415871038893644, 0.0], [0.0017032640518118663, 0.0006376767183698204, 0.9999983461286187, 0.0], [0.0007274523377418518, -0.0005241226754151285, -0.015765845775604248, 1.0]], "wheel_velocity_fl": -1.2522526979446411, "wheel_velocity_fr": -1.4484643936157227, "wheel_velocity_rl": 1.5402002334594727, "wheel_velocity_rr": 1.2832486629486084}}, {"current_time": 0.7666667066514492, "current_time_step": 46, "data": {"base_link_transform_matrix": [[0.9999956810110159, -0.002381513159411361, -0.0017223107693523341, 0.0], [0.002380393918678718, 0.9999969545622487, -0.0006516064914908316, 0.0], [0.001723857333596341, 0.0006475038991281318, 0.9999983045258597, 0.0], [0.0007651522755622864, -0.0005401058006100357, -0.015827864408493042, 1.0]], "wheel_velocity_fl": -1.2522526979446411, "wheel_velocity_fr": -1.4484643936157227, "wheel_velocity_rl": 1.5402002334594727, "wheel_velocity_rr": 1.2832486629486084}}, {"current_time": 0.7833333741873503, "current_time_step": 47, "data": {"base_link_transform_matrix": [[0.999995450632959, -0.0024636201318721878, -0.0017404853435114462, 0.0], [0.002462467706120379, 0.9999967476983956, -0.0006639619171922268, 0.0], [0.0017421154328741625, 0.0006596730076343914, 0.9999982649311655, 0.0], [0.0008038580417633057, -0.0005604616599157453, -0.01588594913482666, 1.0]], "wheel_velocity_fl": -1.2522526979446411, "wheel_velocity_fr": -1.4484643936157227, "wheel_velocity_rl": 1.5402002334594727, "wheel_velocity_rr": 1.2832486629486084}}, {"current_time": 0.8000000417232513, "current_time_step": 48, "data": {"base_link_transform_matrix": [[0.999995223833293, -0.0025525995691889967, -0.0017425688054477717, 0.0], [0.0025514155187931404, 0.9999965130002751, -0.0006813707808870972, 0.0], [0.0017443019958725769, 0.0006769215094538742, 0.9999982495923766, 0.0], [0.0007979720830917358, -0.000591074291151017, -0.015931695699691772, 1.0]], "wheel_velocity_fl": -1.2522526979446411, "wheel_velocity_fr": -1.4484643936157227, "wheel_velocity_rl": 1.5402002334594727, "wheel_velocity_rr": 1.2832486629486084}}, {"current_time": 0.8166667092591524, "current_time_step": 49, "data": {"base_link_transform_matrix": [[0.9999949873511328, -0.002638230249341229, -0.0017507180696238937, 0.0], [0.0026370356589402654, 0.9999962888806427, -0.0006843010123741106, 0.0], [0.0017525169161306767, 0.0006796808762350669, 0.9999982333576221, 0.0], [0.0007868856191635132, -0.0006317000952549279, -0.015982002019882202, 1.0]], "wheel_velocity_fl": -1.2522526979446411, "wheel_velocity_fr": -1.4484643936157227, "wheel_velocity_rl": 1.5402002334594727, "wheel_velocity_rr": 1.2832486629486084}}, {"current_time": 0.8333333767950535, "current_time_step": 50, "data": {"base_link_transform_matrix": [[0.9999945036170265, -0.0027915598412650254, -0.001788834645629866, 0.0], [0.002790357467396893, 0.9999958796049198, -0.000674298440560882, 0.0], [0.0017907096193720902, 0.0006693032462470426, 0.9999981726944424, 0.0], [0.0008167624473571777, -0.0006282085087150335, -0.016021400690078735, 1.0]], "wheel_velocity_fl": -1.2522526979446411, "wheel_velocity_fr": -1.4484643936157227, "wheel_velocity_rl": 1.5402002334594727, "wheel_velocity_rr": 1.2832486629486084}}, {"current_time": 0.8500000443309546, "current_time_step": 51, "data": {"base_link_transform_matrix": [[0.9999942712810878, -0.0028783597101537687, -0.001781137385306055, 0.0], [0.0028771464514798463, 0.9999956275151382, -0.0006833585454967492, 0.0], [0.001783096549014748, 0.0006782300376199944, 0.9999981802837008, 0.0], [0.0008493661880493164, -0.0006133663118816912, -0.016072392463684082, 1.0]], "wheel_velocity_fl": -1.2522526979446411, "wheel_velocity_fr": -1.4484643936157227, "wheel_velocity_rl": 1.5402002334594727, "wheel_velocity_rr": 1.2832486629486084}}, {"current_time": 0.8666667118668556, "current_time_step": 52, "data": {"base_link_transform_matrix": [[0.9999940410404686, -0.0029413612811352704, -0.0018072845286416742, 0.0], [0.00294010866224374, 0.9999954361067893, -0.0006953608031106381, 0.0], [0.0018093215877307727, 0.0006900430465859542, 0.9999981250962354, 0.0], [0.0009045973420143127, -0.0006129608955234289, -0.01611390709877014, 1.0]], "wheel_velocity_fl": -1.2522526979446411, "wheel_velocity_fr": -1.4484643936157227, "wheel_velocity_rl": 1.5402002334594727, "wheel_velocity_rr": 1.2832486629486084}}, {"current_time": 0.8833333794027567, "current_time_step": 53, "data": {"base_link_transform_matrix": [[0.9999938108749545, -0.0030185054154266214, -0.0018074393054154565, 0.0], [0.003017231294482574, 0.9999951980492287, -0.0007072438048578579, 0.0], [0.00180956544543588, 0.0007017859652023346, 0.999998116482905, 0.0], [0.0009797140955924988, -0.0006280996021814644, -0.01615583896636963, 1.0]], "wheel_velocity_fl": -1.2522526979446411, "wheel_velocity_fr": -1.4484643936157227, "wheel_velocity_rl": 1.5402002334594727, "wheel_velocity_rr": 1.2832486629486084}}, {"current_time": 0.9000000469386578, "current_time_step": 54, "data": {"base_link_transform_matrix": [[0.9999935845304984, -0.0030841697478761676, -0.0018217559691773336, 0.0], [0.0030828546371363206, 0.9999949857152685, -0.0007242593502073511, 0.0], [0.0018239805731517188, 0.0007186384949062694, 0.9999980783249448, 0.0], [0.001027710735797882, -0.0006433469243347645, -0.016205549240112305, 1.0]], "wheel_velocity_fl": -1.2522526979446411, "wheel_velocity_fr": -1.4484643936157227, "wheel_velocity_rl": 1.5402002334594727, "wheel_velocity_rr": 1.2832486629486084}}, {"current_time": 0.9166667144745588, "current_time_step": 55, "data": {"base_link_transform_matrix": [[0.9999935832705777, -0.003098027403057889, -0.0017987895596617532, 0.0], [0.0030967320069313275, 0.9999949441182482, -0.0007224879368175466, 0.0], [0.0018010187526210826, 0.0007169129316048067, 0.9999981211818856, 0.0], [0.0010575875639915466, -0.0006547771045006812, -0.016248226165771484, 1.0]], "wheel_velocity_fl": -1.2522526979446411, "wheel_velocity_fr": -1.4484643936157227, "wheel_velocity_rl": 1.5402002334594727, "wheel_velocity_rr": 1.2832486629486084}}, {"current_time": 0.9333333820104599, "current_time_step": 56, "data": {"base_link_transform_matrix": [[0.9999933531972175, -0.0031631066640870134, -0.001813371891449138, 0.0], [0.003161779870626047, 0.9999947321289674, -0.0007340724517219435, 0.0], [0.0018156842883038443, 0.0007283340897427858, 0.9999980864081786, 0.0], [0.001072317361831665, -0.0006553144194185734, -0.016288548707962036, 1.0]], "wheel_velocity_fl": -1.2522526979446411, "wheel_velocity_fr": -1.4484643936157227, "wheel_velocity_rl": 1.5402002334594727, "wheel_velocity_rr": 1.2832486629486084}}, {"current_time": 0.950000049546361, "current_time_step": 57, "data": {"base_link_transform_matrix": [[0.9999931251472107, -0.003224216624898954, -0.0018314162472708368, 0.0], [0.003222850865783243, 0.9999945266983266, -0.0007482016350836344, 0.0], [0.001833818587527839, 0.0007422941098694102, 0.9999980430525064, 0.0], [0.0010783448815345764, -0.0006411437643691897, -0.016326099634170532, 1.0]], "wheel_velocity_fl": -1.2522526979446411, "wheel_velocity_fr": -1.4484643936157227, "wheel_velocity_rl": 1.5402002334594727, "wheel_velocity_rr": 1.2832486629486084}}, {"current_time": 0.966666717082262, "current_time_step": 58, "data": {"base_link_transform_matrix": [[0.9999929005150455, -0.003283569061820026, -0.0018485382664505995, 0.0], [0.003282156699652402, 0.9999943199015703, -0.0007665585397808931, 0.0], [0.0018510448144765932, 0.0007604859053542786, 0.9999979976451365, 0.0], [0.0010783448815345764, -0.0006185439415276051, -0.01636156439781189, 1.0]], "wheel_velocity_fl": -1.2522526979446411, "wheel_velocity_fr": -1.4484643936157227, "wheel_velocity_rl": 1.5402002334594727, "wheel_velocity_rr": 1.2832486629486084}}, {"current_time": 0.9833333846181631, "current_time_step": 59, "data": {"base_link_transform_matrix": [[0.9999929068510355, -0.0032884994231591226, -0.001836305846053721, 0.0], [0.0032870812220586925, 0.9999942973772646, -0.0007747967413374446, 0.0], [0.0018388432929312079, 0.0007687551591242212, 0.9999980138334522, 0.0], [0.0010736733675003052, -0.0005919440882280469, -0.01639491319656372, 1.0]], "wheel_velocity_fl": -1.2522526979446411, "wheel_velocity_fr": -1.4484643936157227, "wheel_velocity_rl": 1.5402002334594727, "wheel_velocity_rr": 1.2832486629486084}}, {"current_time": 1.0000000521540642, "current_time_step": 60, "data": {"base_link_transform_matrix": [[0.9999926846351438, -0.0033481111533986384, -0.0018495480264981942, 0.0], [0.0033466443459995946, 0.9999940834873295, -0.0007955890630227566, 0.0], [0.0018522008042392893, 0.00078939346355295, 0.9999979731030161, 0.0], [0.001070268452167511, -0.0005700045730918646, -0.016426295042037964, 1.0]], "wheel_velocity_fl": -1.2522526979446411, "wheel_velocity_fr": -1.4484643936157227, "wheel_velocity_rl": 1.5402002334594727, "wheel_velocity_rr": 1.2832486629486084}}, {"current_time": 1.0166667196899652, "current_time_step": 61, "data": {"base_link_transform_matrix": [[0.9999924602080102, -0.0034070014521989265, -0.0018632949943044458, 0.0], [0.0034054911472215944, 0.9999938707068684, -0.0008131289818499709, 0.0], [0.0018660539052452229, 0.0008067774164188207, 0.9999979334743763, 0.0], [0.0010717138648033142, -0.0005489088362082839, -0.016456902027130127, 1.0]], "wheel_velocity_fl": -1.2522526979446411, "wheel_velocity_fr": -1.4484643936157227, "wheel_velocity_rl": 1.5402002334594727, "wheel_velocity_rr": 1.2832486629486084}}, {"current_time": 1.0333333872258663, "current_time_step": 62, "data": {"base_link_transform_matrix": [[0.9999922371162395, -0.003464017097635028, -0.0018778425935013945, 0.0], [0.0034624598100606208, 0.9999936596256842, -0.0008319137545440158, 0.0], [0.0018807124507459437, 0.0008254053419846219, 0.9999978908111252, 0.0], [0.001071840524673462, -0.0005282807978801429, -0.01648658514022827, 1.0]], "wheel_velocity_fl": -1.2522526979446411, "wheel_velocity_fr": -1.4484643936157227, "wheel_velocity_rl": 1.5402002334594727, "wheel_velocity_rr": 1.2832486629486084}}, {"current_time": 1.0500000547617674, "current_time_step": 63, "data": {"base_link_transform_matrix": [[0.9999922393401538, -0.0034709477927586056, -0.0018638081673079201, 0.0], [0.0034693971309747284, 0.999993633363509, -0.0008345753384335507, 0.0], [0.0018666930685476565, 0.0008281025708698877, 0.999997914849386, 0.0], [0.0010709315538406372, -0.0004990170709788799, -0.01651427149772644, 1.0]], "wheel_velocity_fl": -1.2522526979446411, "wheel_velocity_fr": -1.4484643936157227, "wheel_velocity_rl": 1.5402002334594727, "wheel_velocity_rr": 1.2832486629486084}}, {"current_time": 1.0666667222976685, "current_time_step": 64, "data": {"base_link_transform_matrix": [[0.9999922611948348, -0.003463270620617132, -0.0018663619825265469, 0.0], [0.00346166945095423, 0.9999936382080195, -0.0008604580762488793, 0.0], [0.001869330108295599, 0.0008539906890721398, 0.9999978881501946, 0.0], [0.001086212694644928, -0.0004964636173099279, -0.016536176204681396, 1.0]], "wheel_velocity_fl": -1.2522526979446411, "wheel_velocity_fr": -1.4484643936157227, "wheel_velocity_rl": 1.5402002334594727, "wheel_velocity_rr": 1.2832486629486084}}, {"current_time": 1.0833333898335695, "current_time_step": 65, "data": {"base_link_transform_matrix": [[0.9999920369436971, -0.0035152150022719625, -0.001889262470731115, 0.0], [0.0035135632050500914, 0.9999934429235864, -0.0008769170063890267, 0.0], [0.001892332634509335, 0.000870271980347689, 0.9999978308495877, 0.0], [0.0011138170957565308, -0.0004912923905067146, -0.01655718684196472, 1.0]], "wheel_velocity_fl": -1.2522526979446411, "wheel_velocity_fr": -1.4484643936157227, "wheel_velocity_rl": 1.5402002334594727, "wheel_velocity_rr": 1.2832486629486084}}, {"current_time": 1.1000000573694706, "current_time_step": 66, "data": {"base_link_transform_matrix": [[0.9999918099662827, -0.0035734778441455692, -0.0019000674870494837, 0.0], [0.0035717918448213404, 0.9999932250868242, -0.000889990713101068, 0.0], [0.001903234976351993, 0.000883196778492266, 0.9999977988276151, 0.0], [0.0011201202869415283, -0.00046671260497532785, -0.016580522060394287, 1.0]], "wheel_velocity_fl": -1.2522526979446411, "wheel_velocity_fr": -1.4484643936157227, "wheel_velocity_rl": 1.5402002334594727, "wheel_velocity_rr": 1.2832486629486084}}, {"current_time": 1.1166667249053717, "current_time_step": 67, "data": {"base_link_transform_matrix": [[0.9999918155841419, -0.003577444945957356, -0.0018896169956572476, 0.0], [0.003575756259376995, 0.9999932052928348, -0.0008962897611948727, 0.0], [0.0018928105835394075, 0.0008895256157866911, 0.9999978130037454, 0.0], [0.0011060312390327454, -0.00043626700062304735, -0.016604185104370117, 1.0]], "wheel_velocity_fl": -1.2522526979446411, "wheel_velocity_fr": -1.4484643936157227, "wheel_velocity_rl": 1.5402002334594727, "wheel_velocity_rr": 1.2832486629486084}}, {"current_time": 1.1333333924412727, "current_time_step": 68, "data": {"base_link_transform_matrix": [[0.9999918167678461, -0.003576696202686217, -0.0018904077909813065, 0.0], [0.003575004301855625, 0.9999932067925642, -0.0008976151545720521, 0.0], [0.0018936054457638753, 0.0008908495931938379, 0.9999978103203117, 0.0], [0.0010710880160331726, -0.0003809396002907306, -0.016623765230178833, 1.0]], "wheel_velocity_fl": -1.2522526979446411, "wheel_velocity_fr": -1.4484643936157227, "wheel_velocity_rl": 1.5402002334594727, "wheel_velocity_rr": 1.2832486629486084}}, {"current_time": 1.1500000599771738, "current_time_step": 69, "data": {"base_link_transform_matrix": [[0.9999916011802943, -0.0036262311175287915, -0.0019099782076185314, 0.0], [0.0036244735270140383, 0.9999930057232903, -0.000922873854557424, 0.0], [0.0019133114025913877, 0.0009159434380556213, 0.9999977501410166, 0.0], [0.0010305866599082947, -0.0003259990189690143, -0.01664295792579651, 1.0]], "wheel_velocity_fl": -1.2522526979446411, "wheel_velocity_fr": -1.4484643936157227, "wheel_velocity_rl": 1.5402002334594727, "wheel_velocity_rr": 1.2832486629486084}}, {"current_time": 1.1666667275130749, "current_time_step": 70, "data": {"base_link_transform_matrix": [[0.9999916086420574, -0.003630675181593145, -0.0018975887847954278, 0.0], [0.003628913619981405, 0.9999929821474904, -0.0009309359309498267, 0.0], [0.001900955393777365, 0.0009240419333469403, 0.9999977662550533, 0.0], [0.0010032355785369873, -0.00027922680601477623, -0.016661852598190308, 1.0]], "wheel_velocity_fl": -1.2522526979446411, "wheel_velocity_fr": -1.4484643936157227, "wheel_velocity_rl": 1.5402002334594727, "wheel_velocity_rr": 1.2832486629486084}}, {"current_time": 1.183333395048976, "current_time_step": 71, "data": {"base_link_transform_matrix": [[0.9999913898817543, -0.0036829986299523995, -0.0019119841654747897, 0.0], [0.0036811835507558235, 0.999992771294393, -0.0009519698657824221, 0.0], [0.0019154764480155651, 0.0009449233045500599, 0.9999977190323615, 0.0], [0.0009830072522163391, -0.00024195495643652976, -0.01668