{"Isaac Sim Data": [{"current_time": 0, "current_time_step": 0, "data": {"base_link_transform_matrix": [[1.0, 0.0, 0.0, 0.0], [0.0, 1.0, 0.0, 0.0], [0.0, 0.0, 1.0, 0.0], [4.470348358154297e-08, 1.3969838619232178e-09, 0.0, 1.0]], "wheel_velocity_fl": -1.2522526979446411, "wheel_velocity_fr": -1.4484643936157227, "wheel_velocity_rl": 1.5402002334594727, "wheel_velocity_rr": 1.2832486629486084}}, {"current_time": 0.01666666753590107, "current_time_step": 1, "data": {"base_link_transform_matrix": [[1.0, 0.0, 0.0, 0.0], [0.0, 1.0, 0.0, 0.0], [0.0, 0.0, 1.0, 0.0], [3.174692392349243e-05, 2.499261597677105e-08, -0.002736121416091919, 1.0]], "wheel_velocity_fl": 199.99990844726562, "wheel_velocity_fr": 199.9999237060547, "wheel_velocity_rl": 199.9999237060547, "wheel_velocity_rr": 200.00003051757812}}, {"current_time": 0.03333333507180214, "current_time_step": 2, "data": {"base_link_transform_matrix": [[1.0, 0.0, 0.0, 0.0], [0.0, 1.0, 0.0, 0.0], [0.0, 0.0, 1.0, 0.0], [-0.00011006742715835571, -5.153528036316857e-06, -0.007679373025894165, 1.0]], "wheel_velocity_fl": 207.06138610839844, "wheel_velocity_fr": 194.61431884765625, "wheel_velocity_rl": 202.224365234375, "wheel_velocity_rr": 188.4506378173828}}, {"current_time": 0.05000000260770321, "current_time_step": 3, "data": {"base_link_transform_matrix": [[0.9999997616634525, -3.559439194257315e-05, -0.00068949697428998, 0.0], [3.55855607533761e-05, 0.9999999992846522, -1.2820426200527933e-05, 0.0], [0.0006894974301320249, 1.2795887008483948e-05, 0.9999997622147513, 0.0], [0.0008569881319999695, 5.360677278076764e-06, -0.008171230554580688, 1.0]], "wheel_velocity_fl": 158.299560546875, "wheel_velocity_fr": 142.53636169433594, "wheel_velocity_rl": 117.77152252197266, "wheel_velocity_rr": 228.9967041015625}}, {"current_time": 0.06666667014360428, "current_time_step": 4, "data": {"base_link_transform_matrix": [[0.999999119869461, -0.0008816854802811195, -0.0009914086025381741, 0.0], [0.0008820656402028044, 0.9999995376038989, 0.00038308249064384345, 0.0], [0.000991070385844951, -0.00038395664094494487, 0.9999994351782345, 0.0], [0.004203580319881439, 0.0006237944471649826, -0.00853043794631958, 1.0]], "wheel_velocity_fl": 200.0149688720703, "wheel_velocity_fr": 154.66371154785156, "wheel_velocity_rl": 207.37701416015625, "wheel_velocity_rr": 245.8028564453125}}, {"current_time": 0.08333333767950535, "current_time_step": 5, "data": {"base_link_transform_matrix": [[0.9999988676248275, -0.0011376950348171175, -0.0009850883566881858, 0.0], [0.0011380354074195479, 0.999999292913438, 0.000345033382998157, 0.0], [0.0009846951173787632, -0.0003461540577202683, 0.9999994552762987, 0.0], [0.00883418321609497, 0.0015503056347370148, -0.008845329284667969, 1.0]], "wheel_velocity_fl": 193.27333068847656, "wheel_velocity_fr": 218.2283172607422, "wheel_velocity_rl": 206.5810546875, "wheel_velocity_rr": 142.63833618164062}}, {"current_time": 0.10000000521540642, "current_time_step": 6, "data": {"base_link_transform_matrix": [[0.9999988146502725, -0.0011388233681759738, -0.0010362332681313545, 0.0], [0.0011389436974268917, 0.9999993447287724, 0.0001155390838965922, 0.0], [0.0010361010105088297, -0.00011671915829217286, 0.9999994564355194, 0.0], [0.014679960906505585, 0.0019090933492407203, -0.009266853332519531, 1.0]], "wheel_velocity_fl": 201.35475158691406, "wheel_velocity_fr": 175.50607299804688, "wheel_velocity_rl": 171.94581604003906, "wheel_velocity_rr": 171.7317352294922}}, {"current_time": 0.11666667275130749, "current_time_step": 7, "data": {"base_link_transform_matrix": [[0.999998810777852, -0.001187317188824875, -0.000984236137683609, 0.0], [0.0011872426095171078, 0.9999992923122305, -7.635459646640049e-05, 0.0], [0.0009843260982765622, 7.518597858333876e-05, 0.9999995127244817, 0.0], [0.021658994257450104, 0.0019129280699416995, -0.009601175785064697, 1.0]], "wheel_velocity_fl": 198.8722381591797, "wheel_velocity_fr": 170.16061401367188, "wheel_velocity_rl": 184.51699829101562, "wheel_velocity_rr": 181.3400115966797}}, {"current_time": 0.13333334028720856, "current_time_step": 8, "data": {"base_link_transform_matrix": [[0.999998363016741, -0.001491739316117641, -0.0010240496330739656, 0.0], [0.0014914804188861128, 0.9999988556026267, -0.0002535342126638426, 0.0], [0.0010244266681072671, 0.0002520064476568836, 0.9999994435212212, 0.0], [0.029449887573719025, 0.0020511376205831766, -0.009977608919143677, 1.0]], "wheel_velocity_fl": 187.15272521972656, "wheel_velocity_fr": 184.929443359375, "wheel_velocity_rl": 196.7257080078125, "wheel_velocity_rr": 188.2726287841797}}, {"current_time": 0.15000000782310963, "current_time_step": 9, "data": {"base_link_transform_matrix": [[0.9999983804678092, -0.0014978940735809354, -0.000997684871569778, 0.0], [0.001497580410382918, 0.9999988289931263, -0.0003150639469447782, 0.0], [0.0009981556356928633, 0.0003135693233691757, 0.9999994526796534, 0.0], [0.037530332803726196, 0.0018813078058883548, -0.010401487350463867, 1.0]], "wheel_velocity_fl": 217.87721252441406, "wheel_velocity_fr": 189.61033630371094, "wheel_velocity_rl": 190.87246704101562, "wheel_velocity_rr": 195.24468994140625}}, {"current_time": 0.1666666753590107, "current_time_step": 10, "data": {"base_link_transform_matrix": [[0.9999983391030792, -0.0015824378992420915, -0.0009042573626554274, 0.0], [0.0015823232718371616, 0.9999987400020117, -0.0001274654948580179, 0.0], [0.0009044579295228785, 0.0001260344556823102, 0.999999583035498, 0.0], [0.04594428837299347, 0.001821101177483797, -0.010781198740005493, 1.0]], "wheel_velocity_fl": 196.91259765625, "wheel_velocity_fr": 184.7234649658203, "wheel_velocity_rl": 200.7162628173828, "wheel_velocity_rr": 195.26507568359375}}, {"current_time": 0.18333334289491177, "current_time_step": 11, "data": {"base_link_transform_matrix": [[0.9999979792644818, -0.0017439094727421966, -0.0010001233443424728, 0.0], [0.0017434091305496705, 0.9999983547933707, -0.0005009342824439034, 0.0], [0.0010009952829732917, 0.0004991896460180041, 0.9999993744088747, 0.0], [0.05444600433111191, 0.0017031596507877111, -0.011039704084396362, 1.0]], "wheel_velocity_fl": 193.70986938476562, "wheel_velocity_fr": 200.52273559570312, "wheel_velocity_rl": 198.5489501953125, "wheel_velocity_rr": 203.41136169433594}}, {"current_time": 0.20000001043081284, "current_time_step": 12, "data": {"base_link_transform_matrix": [[0.999997738104692, -0.0017398828498198127, -0.0012233532477562033, 0.0], [0.0017392776275723428, 0.9999983646387204, -0.0004956139818516554, 0.0], [0.0012242135573988253, 0.000493485109890275, 0.9999991288864267, 0.0], [0.06298147886991501, 0.0016466884408146143, -0.011167377233505249, 1.0]], "wheel_velocity_fl": 274.4515380859375, "wheel_velocity_fr": 193.8641815185547, "wheel_velocity_rl": 197.96075439453125, "wheel_velocity_rr": 199.48912048339844}}, {"current_time": 0.2166666779667139, "current_time_step": 13, "data": {"base_link_transform_matrix": [[0.9999976637980112, -0.0016816009113347185, -0.0013581667403441274, 0.0], [0.0016811800919553685, 0.9999985384782136, -0.0003109259317817409, 0.0], [0.0013586876086840885, 0.00030864188251053824, 0.9999990293536141, 0.0], [0.07165323197841644, 0.0016717164544388652, -0.011408299207687378, 1.0]], "wheel_velocity_fl": 194.0022430419922, "wheel_velocity_fr": 191.83609008789062, "wheel_velocity_rl": 202.01708984375, "wheel_velocity_rr": 199.3751983642578}}, {"current_time": 0.23333334550261497, "current_time_step": 14, "data": {"base_link_transform_matrix": [[0.999997151577219, -0.0017433545048639253, -0.0016302001468330896, 0.0], [0.0017421989974004837, 0.9999982303446978, -0.0007099648766810623, 0.0], [0.0016314349824068132, 0.0007071227213395591, 0.9999984191974282, 0.0], [0.08042322844266891, 0.0015644149389117956, -0.01176762580871582, 1.0]], "wheel_velocity_fl": 215.48239135742188, "wheel_velocity_fr": 197.10707092285156, "wheel_velocity_rl": 201.16030883789062, "wheel_velocity_rr": 202.92372131347656}}, {"current_time": 0.25000001303851604, "current_time_step": 15, "data": {"base_link_transform_matrix": [[0.9999969758908768, -0.0016524368063433265, -0.0018214449490277372, 0.0], [0.0016517296828252172, 0.9999985599771574, -0.00038965711400937455, 0.0], [0.0018220862098624465, 0.0003866474009557999, 0.9999982652513109, 0.0], [0.0892476886510849, 0.0016526741674169898, -0.011911720037460327, 1.0]], "wheel_velocity_fl": 196.7227020263672, "wheel_velocity_fr": 194.23187255859375, "wheel_velocity_rl": 204.75189208984375, "wheel_velocity_rr": 202.1171875}}, {"current_time": 0.2666666805744171, "current_time_step": 16, "data": {"base_link_transform_matrix": [[0.9999968574787148, -0.0016152498827590972, -0.0019172898871101978, 0.0], [0.0016140511837043825, 0.9999985011122227, -0.0006265876509780792, 0.0], [0.0019182991089376012, 0.0006234910779012543, 0.999997965691633, 0.0], [0.09812192618846893, 0.001602043746970594, -0.012132108211517334, 1.0]], "wheel_velocity_fl": 194.98373413085938, "wheel_velocity_fr": 197.3323211669922, "wheel_velocity_rl": 209.47698974609375, "wheel_velocity_rr": 203.74220275878906}}, {"current_time": 0.2833333481103182, "current_time_step": 17, "data": {"base_link_transform_matrix": [[0.9999961216265911, -0.0016506458464042863, -0.002243234286837482, 0.0], [0.0016493194262124577, 0.999998464035509, -0.0005930194375292001, 0.0], [0.002244209706380667, 0.0005893173276915558, 0.9999973081103174, 0.0], [0.10698825865983963, 0.00162039278075099, -0.012489259243011475, 1.0]], "wheel_velocity_fl": 200.2252197265625, "wheel_velocity_fr": 197.4078369140625, "wheel_velocity_rl": 202.07752990722656, "wheel_velocity_rr": 200.4040069580078}}, {"current_time": 0.30000001564621925, "current_time_step": 18, "data": {"base_link_transform_matrix": [[0.9999964468366391, -0.0015411761254201044, -0.0021751069507524212, 0.0], [0.0015407084289781854, 0.9999987896325992, -0.0002166815021001885, 0.0], [0.002175438262431732, 0.00021332952658246096, 0.999997610976586, 0.0], [0.11592712253332138, 0.0016954130260273814, -0.012713253498077393, 1.0]], "wheel_velocity_fl": 200.2729949951172, "wheel_velocity_fr": 190.322998046875, "wheel_velocity_rl": 206.78012084960938, "wheel_velocity_rr": 196.00103759765625}}, {"current_time": 0.3166666831821203, "current_time_step": 19, "data": {"base_link_transform_matrix": [[0.9999967944871512, -0.0015290009382614696, -0.002018209987398725, 0.0], [0.0015279624023889664, 0.9999986995240764, -0.0005160242755767936, 0.0], [0.00201899636436675, 0.0005129388724734767, 0.999997830271343, 0.0], [0.12485308200120926, 0.00161833839956671, -0.012762188911437988, 1.0]], "wheel_velocity_fl": 197.58770751953125, "wheel_velocity_fr": 200.03636169433594, "wheel_velocity_rl": 201.9042205810547, "wheel_velocity_rr": 206.1623077392578}}, {"current_time": 0.3333333507180214, "current_time_step": 20, "data": {"base_link_transform_matrix": [[0.9999967759703786, -0.0015259705760758372, -0.00202964594188312, 0.0], [0.0015250019857012606, 0.9999987226147682, -0.0004786833771468761, 0.0], [0.002030373805992151, 0.0004755866197658466, 0.9999978256974237, 0.0], [0.13371922075748444, 0.0016128517454490066, -0.012864261865615845, 1.0]], "wheel_velocity_fl": 208.57699584960938, "wheel_velocity_fr": 199.49082946777344, "wheel_velocity_rl": 198.86106872558594, "wheel_velocity_rr": 201.49932861328125}}, {"current_time": 0.35000001825392246, "current_time_step": 21, "data": {"base_link_transform_matrix": [[0.999996953601559, -0.001525180644174022, -0.001940776031395252, 0.0], [0.0015245484422675222, 0.9999987843503741, -0.00032718468949844283, 0.0], [0.001941272687847089, 0.0003242248856880611, 0.9999980631674118, 0.0], [0.14263564348220825, 0.0016266385791823268, -0.013018220663070679, 1.0]], "wheel_velocity_fl": 198.2222900390625, "wheel_velocity_fr": 195.40963745117188, "wheel_velocity_rl": 202.50228881835938, "wheel_velocity_rr": 199.17845153808594}}, {"current_time": 0.36666668578982353, "current_time_step": 22, "data": {"base_link_transform_matrix": [[0.999997225749847, -0.0015610543806236466, -0.0017639733077068995, 0.0], [0.0015603193988295578, 0.9999986953547009, -0.00041796204338190795, 0.0], [0.0017646234678261716, 0.0004152085220796125, 0.9999983568516, 0.0], [0.15157431364059448, 0.0015829108888283372, -0.013216584920883179, 1.0]], "wheel_velocity_fl": 185.98194885253906, "wheel_velocity_fr": 199.96632385253906, "wheel_velocity_rl": 200.73110961914062, "wheel_velocity_rr": 202.78367614746094}}, {"current_time": 0.3833333533257246, "current_time_step": 23, "data": {"base_link_transform_matrix": [[0.9999974664490314, -0.0015640882709575352, -0.0016188648488966763, 0.0], [0.0015634049298487902, 0.9999986882941398, -0.0004232907098671373, 0.0], [0.0016195247894566756, 0.00042075869615302533, 0.999998600049808, 0.0], [0.16048291325569153, 0.0015623365761712193, -0.013331711292266846, 1.0]], "wheel_velocity_fl": 199.04330444335938, "wheel_velocity_fr": 195.3681640625, "wheel_velocity_rl": 202.60719299316406, "wheel_velocity_rr": 200.15538024902344}}, {"current_time": 0.40000002086162567, "current_time_step": 24, "data": {"base_link_transform_matrix": [[0.9999975676690673, -0.0015863744268079902, -0.0015323420398504822, 0.0], [0.0015854288480342234, 0.9999985521837715, -0.0006180984780971876, 0.0], [0.0015333203569197116, 0.0006156675554021052, 0.9999986349401404, 0.0], [0.16937702894210815, 0.001525128143839538, -0.013484299182891846, 1.0]], "wheel_velocity_fl": 193.7582244873047, "wheel_velocity_fr": 198.6871795654297, "wheel_velocity_rl": 200.08705139160156, "wheel_velocity_rr": 203.3061065673828}}, {"current_time": 0.41666668839752674, "current_time_step": 25, "data": {"base_link_transform_matrix": [[0.9999976845440959, -0.0015953162717274958, -0.001444254977517719, 0.0], [0.0015947806988143689, 0.9999986591794721, -0.0003719056074359351, 0.0], [0.0014448463480980869, 0.0003696014763425888, 0.9999988879062711, 0.0], [0.1783015877008438, 0.001583925448358059, -0.013778209686279297, 1.0]], "wheel_velocity_fl": 199.6005401611328, "wheel_velocity_fr": 198.11444091796875, "wheel_velocity_rl": 203.17367553710938, "wheel_velocity_rr": 199.60630798339844}}, {"current_time": 0.4333333559334278, "current_time_step": 26, "data": {"base_link_transform_matrix": [[0.999997675037038, -0.0016089867936922922, -0.0014356468982283223, 0.0], [0.0016084926097859813, 0.999998646754625, -0.0003453120950063913, 0.0], [0.0014362005580463649, 0.0003430020647424976, 0.9999989098381761, 0.0], [0.18721622228622437, 0.0015783857088536024, -0.013993501663208008, 1.0]], "wheel_velocity_fl": 198.4869842529297, "wheel_velocity_fr": 200.41119384765625, "wheel_velocity_rl": 201.93817138671875, "wheel_velocity_rr": 201.32598876953125}}, {"current_time": 0.4500000234693289, "current_time_step": 27, "data": {"base_link_transform_matrix": [[0.9999976622253199, -0.00161634250888166, -0.0014363080410866509, 0.0], [0.0016152579848413378, 0.999998409764239, -0.0007559170824247023, 0.0], [0.0014375275779317529, 0.0007535953072288297, 0.9999986828034203, 0.0], [0.19610819220542908, 0.0015195817686617374, -0.013994365930557251, 1.0]], "wheel_velocity_fl": 192.501953125, "wheel_velocity_fr": 195.4970245361328, "wheel_velocity_rl": 201.07994079589844, "wheel_velocity_rr": 205.98712158203125}}, {"current_time": 0.46666669100522995, "current_time_step": 28, "data": {"base_link_transform_matrix": [[0.9999973115490519, -0.0016306957352610347, -0.0016485527251076631, 0.0], [0.0016297269485699777, 0.9999984986326116, -0.0005888315513573176, 0.0], [0.001649510455123949, 0.0005861432775103286, 0.9999984677744844, 0.0], [0.2050018608570099, 0.0016036302549764514, -0.014039993286132812, 1.0]], "wheel_velocity_fl": 194.64190673828125, "wheel_velocity_fr": 196.9285888671875, "wheel_velocity_rl": 202.81565856933594, "wheel_velocity_rr": 201.61549377441406}}, {"current_time": 0.483333358541131, "current_time_step": 29, "data": {"base_link_transform_matrix": [[0.9999968745053817, -0.001636760657560736, -0.0018899719621636136, 0.0], [0.001635528592156721, 0.999998449149053, -0.0006532577692838303, 0.0], [0.0018910382577148161, 0.0006501646243476949, 0.9999980006281358, 0.0], [0.213932603597641, 0.0015999808674678206, -0.014209955930709839, 1.0]], "wheel_velocity_fl": 194.82847595214844, "wheel_velocity_fr": 197.4319305419922, "wheel_velocity_rl": 201.3095245361328, "wheel_velocity_rr": 204.06173706054688}}, {"current_time": 0.5000000260770321, "current_time_step": 30, "data": {"base_link_transform_matrix": [[0.9999966527879861, -0.0016494344257467245, -0.0019934339464979228, 0.0], [0.0016480847848775713, 0.9999984117283776, -0.0006784963258148097, 0.0], [0.001994549915580896, 0.0006752087065868749, 0.9999977829294607, 0.0], [0.2228931039571762, 0.0016308430349454284, -0.014318257570266724, 1.0]], "wheel_velocity_fl": 196.2761688232422, "wheel_velocity_fr": 196.59451293945312, "wheel_velocity_rl": 203.08444213867188, "wheel_velocity_rr": 202.25511169433594}}, {"current_time": 0.5166666936129332, "current_time_step": 31, "data": {"base_link_transform_matrix": [[0.9999963706846838, -0.0015938439730410249, -0.002172159950381984, 0.0], [0.0015925210463664716, 0.9999985455021942, -0.000610630995559663, 0.0], [0.0021731300415121276, 0.0006071695689501807, 0.9999974544222286, 0.0], [0.2318340390920639, 0.0016717793187126517, -0.014372378587722778, 1.0]], "wheel_velocity_fl": 194.95518493652344, "wheel_velocity_fr": 199.1560516357422, "wheel_velocity_rl": 202.04197692871094, "wheel_velocity_rr": 206.4298858642578}}, {"current_time": 0.5333333611488342, "current_time_step": 32, "data": {"base_link_transform_matrix": [[0.9999958025630679, -0.001641547694176951, -0.0023875044321730217, 0.0], [0.0016396001559725404, 0.9999983217420444, -0.0008174499514566072, 0.0], [0.002388842308407633, 0.0008135319676226147, 0.999996815794012, 0.0], [0.24076423048973083, 0.0016442552441731095, -0.014525353908538818, 1.0]], "wheel_velocity_fl": 192.21131896972656, "wheel_velocity_fr": 198.5272216796875, "wheel_velocity_rl": 200.55142211914062, "wheel_velocity_rr": 205.83807373046875}}, {"current_time": 0.5500000286847353, "current_time_step": 33, "data": {"base_link_transform_matrix": [[0.9999957731868907, -0.0016155436588547998, -0.0024173595179409193, 0.0], [0.001614673847959617, 0.9999986309900463, -0.0003617269661095791, 0.0], [0.002417940594258013, 0.00035782218996256124, 0.9999970127588197, 0.0], [0.24975429475307465, 0.0017570803174749017, -0.01470094919204712, 1.0]], "wheel_velocity_fl": 198.5178985595703, "wheel_velocity_fr": 195.73098754882812, "wheel_velocity_rl": 206.88717651367188, "wheel_velocity_rr": 200.76174926757812}}, {"current_time": 0.5666666962206364, "current_time_step": 34, "data": {"base_link_transform_matrix": [[0.9999960212524899, -0.0015460867003036446, -0.0023594692422166624, 0.0], [0.001545176634813894, 0.9999987311426722, -0.00038748188687603107, 0.0], [0.0023600653289787324, 0.00038383454843980317, 0.9999971413772554, 0.0], [0.2587239444255829, 0.001732822973281145, -0.014738500118255615, 1.0]], "wheel_velocity_fl": 198.74478149414062, "wheel_velocity_fr": 199.71829223632812, "wheel_velocity_rl": 202.70004272460938, "wheel_velocity_rr": 203.50662231445312}}, {"current_time": 0.5833333637565374, "current_time_step": 35, "data": {"base_link_transform_matrix": [[0.9999961939905492, -0.0015586398290068672, -0.002276542619726114, 0.0], [0.001557039033490689, 0.9999985394613538, -0.000704772734692722, 0.0], [0.0022776377816023283, 0.0007012253866007143, 0.9999971603205147, 0.0], [0.26765313744544983, 0.0016772887902334332, -0.014696717262268066, 1.0]], "wheel_velocity_fl": 194.44241333007812, "wheel_velocity_fr": 198.8902130126953, "wheel_velocity_rl": 198.2574920654297, "wheel_velocity_rr": 204.7232208251953}}, {"current_time": 0.6000000312924385, "current_time_step": 36, "data": {"base_link_transform_matrix": [[0.9999964996895281, -0.0015208264176611137, -0.0021651087037460703, 0.0], [0.0015199823720509662, 0.9999987682165554, -0.000391431936000249, 0.0], [0.002165701336829999, 0.0003881396388036762, 0.9999975795397409, 0.0], [0.2765877842903137, 0.001758527010679245, -0.014726012945175171, 1.0]], "wheel_velocity_fl": 195.910400390625, "wheel_velocity_fr": 198.32887268066406, "wheel_velocity_rl": 202.7081756591797, "wheel_velocity_rr": 199.57119750976562}}, {"current_time": 0.6166666988283396, "current_time_step": 37, "data": {"base_link_transform_matrix": [[0.9999967700355922, -0.0014995474427370269, -0.0020521393349417763, 0.0], [0.0014985939988260597, 0.999998768497305, -0.00046606855745254326, 0.0], [0.002052835699640123, 0.0004629917283755924, 0.9999977857496735, 0.0], [0.28553903102874756, 0.0017126421444118023, -0.014807671308517456, 1.0]], "wheel_velocity_fl": 197.13458251953125, "wheel_velocity_fr": 199.49984741210938, "wheel_velocity_rl": 200.0163116455078, "wheel_velocity_rr": 204.25645446777344}}, {"current_time": 0.6333333663642406, "current_time_step": 38, "data": {"base_link_transform_matrix": [[0.9999971991258662, -0.0015278464541849015, -0.0018076021783854604, 0.0], [0.001527219419376413, 0.9999987731721024, -0.00034821708046741897, 0.0], [0.001808131983000359, 0.00034545550000586797, 0.9999983056581794, 0.0], [0.294508159160614, 0.001731853117235005, -0.014880567789077759, 1.0]], "wheel_velocity_fl": 196.83229064941406, "wheel_velocity_fr": 198.5347442626953, "wheel_velocity_rl": 202.28065490722656, "wheel_velocity_rr": 192.2788543701172}}, {"current_time": 0.6500000339001417, "current_time_step": 39, "data": {"base_link_transform_matrix": [[0.9999973180140077, -0.0015234808921046124, -0.0017444112940532097, 0.0], [0.0015224367785598564, 0.9999986612606002, -0.0005997193199455608, 0.0], [0.001745322619665644, 0.0005970619555957437, 0.99999829868154, 0.0], [0.30342018604278564, 0.001658105757087469, -0.014942705631256104, 1.0]], "wheel_velocity_fl": 197.2242889404297, "wheel_velocity_fr": 196.86399841308594, "wheel_velocity_rl": 200.15225219726562, "wheel_velocity_rr": 203.2056427001953}}, {"current_time": 0.6666667014360428, "current_time_step": 40, "data": {"base_link_transform_matrix": [[0.9999971535710709, -0.0015624389667314546, -0.0018032288350067593, 0.0], [0.0015611558387154246, 0.999998527381148, -0.0007127608172314917, 0.0], [0.0018043398248127841, 0.0007099436671841712, 0.9999981201671261, 0.0], [0.3123284578323364, 0.0016453844727948308, -0.015104472637176514, 1.0]], "wheel_velocity_fl": 201.14854431152344, "wheel_velocity_fr": 197.26112365722656, "wheel_velocity_rl": 203.5133056640625, "wheel_velocity_rr": 200.23435974121094}}, {"current_time": 0.6833333689719439, "current_time_step": 41, "data": {"base_link_transform_matrix": [[0.9999976208318598, -0.0015130185843394697, -0.0015713387232921935, 0.0], [0.0015128611768183363, 0.9999988504881542, -0.00010135792945164943, 0.0], [0.0015714902734506478, 9.898047095399288e-05, 0.999998760309825, 0.0], [0.3213130235671997, 0.0017575600650161505, -0.015311658382415771, 1.0]], "wheel_velocity_fl": 194.5561981201172, "wheel_velocity_fr": 198.0389862060547, "wheel_velocity_rl": 203.67050170898438, "wheel_velocity_rr": 181.61439514160156}}, {"current_time": 0.7000000365078449, "current_time_step": 42, "data": {"base_link_transform_matrix": [[0.9999977975640495, -0.0015102868256407062, -0.0014573608868970922, 0.0], [0.0015094078959197916, 0.9999986784299849, -0.0006040083504778858, 0.0], [0.0014582711867469466, 0.0006018072681582932, 0.9999987556358048, 0.0], [0.33025580644607544, 0.0015839377883821726, -0.015321910381317139, 1.0]], "wheel_velocity_fl": 199.5503692626953, "wheel_velocity_fr": 192.2561798095703, "wheel_velocity_rl": 201.85360717773438, "wheel_velocity_rr": 202.37860107421875}}, {"current_time": 0.716666704043746, "current_time_step": 43, "data": {"base_link_transform_matrix": [[0.9999972563014995, -0.001587324420770514, -0.0017227276791256677, 0.0], [0.001585870743205366, 0.9999983856102789, -0.000844861421648348, 0.0], [0.0017240659671385594, 0.0008421270801784968, 0.9999981592075666, 0.0], [0.33915695548057556, 0.0015766504220664501, -0.015329837799072266, 1.0]], "wheel_velocity_fl": 197.71731567382812, "wheel_velocity_fr": 194.56912231445312, "wheel_velocity_rl": 200.389404296875, "wheel_velocity_rr": 201.2879180908203}}, {"current_time": 0.7333333715796471, "current_time_step": 44, "data": {"base_link_transform_matrix": [[0.9999970379349962, -0.0015249357300948225, -0.0018970219432094526, 0.0], [0.0015239411643206409, 0.999998700666586, -0.0005256124688453541, 0.0], [0.0018978210035793806, 0.000522719962118178, 0.9999980625177629, 0.0], [0.3480986952781677, 0.0016849772073328495, -0.015391260385513306, 1.0]], "wheel_velocity_fl": 191.34963989257812, "wheel_velocity_fr": 172.4499969482422, "wheel_velocity_rl": 201.9592742919922, "wheel_velocity_rr": 202.7899627685547}}, {"current_time": 0.7500000391155481, "current_time_step": 45, "data": {"base_link_transform_matrix": [[0.9999966902113816, -0.0015345143327131728, -0.0020651469789746543, 0.0], [0.0015330062565155583, 0.9999985572991067, -0.0007316361956115511, 0.0], [0.0020662667058137605, 0.0007284678908110056, 0.9999975999353361, 0.0], [0.3570754826068878, 0.0016469818074256182, -0.015447795391082764, 1.0]], "wheel_velocity_fl": 200.15855407714844, "wheel_velocity_fr": 193.88543701171875, "wheel_velocity_rl": 204.66558837890625, "wheel_velocity_rr": 201.55999755859375}}, {"current_time": 0.7666667066514492, "current_time_step": 46, "data": {"base_link_transform_matrix": [[0.9999963446780078, -0.0015222413492173759, -0.002234594347474015, 0.0], [0.0015209795054907844, 0.9999986829751912, -0.0005662766346098408, 0.0], [0.0022354534141661208, 0.0005628757924808111, 0.9999973429559077, 0.0], [0.3660528361797333, 0.0017247141804546118, -0.015519022941589355, 1.0]], "wheel_velocity_fl": 193.97775268554688, "wheel_velocity_fr": 200.3675994873047, "wheel_velocity_rl": 201.5220489501953, "wheel_velocity_rr": 204.06141662597656}}, {"current_time": 0.7833333741873503, "current_time_step": 47, "data": {"base_link_transform_matrix": [[0.9999960121786926, -0.0014890004901748943, -0.0023996883656537448, 0.0], [0.0014871297848974938, 0.9999985891178832, -0.000781157631928237, 0.0], [0.002400848124073189, 0.0007775858687681523, 0.9999968156391809, 0.0], [0.3749890923500061, 0.0016797748394310474, -0.015504449605941772, 1.0]], "wheel_velocity_fl": 194.56800842285156, "wheel_velocity_fr": 197.36300659179688, "wheel_velocity_rl": 201.6129608154297, "wheel_velocity_rr": 205.44285583496094}}, {"current_time": 0.8000000417232513, "current_time_step": 48, "data": {"base_link_transform_matrix": [[0.9999954761333529, -0.0015099611460727869, -0.0026014861456521597, 0.0], [0.0015081415860027265, 0.9999986168771798, -0.0007012507995902361, 0.0], [0.002602541408938339, 0.0006973242177834647, 0.9999963702519875, 0.0], [0.38393843173980713, 0.0017284238710999489, -0.015636533498764038, 1.0]], "wheel_velocity_fl": 200.62158203125, "wheel_velocity_fr": 194.63844299316406, "wheel_velocity_rl": 209.28955078125, "wheel_velocity_rr": 200.68418884277344}}, {"current_time": 0.8166667092591524, "current_time_step": 49, "data": {"base_link_transform_matrix": [[0.9999959536191715, -0.001388049381851373, -0.002483156096067604, 0.0], [0.00138776121989273, 0.9999990301245233, -0.00011776590865343511, 0.0], [0.0024833171526121114, 0.00011431940439465723, 0.9999969100287227, 0.0], [0.3929407298564911, 0.0018520228331908584, -0.015747100114822388, 1.0]], "wheel_velocity_fl": 195.62474060058594, "wheel_velocity_fr": 200.03065490722656, "wheel_velocity_rl": 203.48194885253906, "wheel_velocity_rr": 203.71807861328125}}, {"current_time": 0.8333333767950535, "current_time_step": 50, "data": {"base_link_transform_matrix": [[0.9999963520220077, -0.001372184592272335, -0.002326596682217794, 0.0], [0.0013708408964672933, 0.9999988927571478, -0.0005790334316117705, 0.0], [0.002327388646863516, 0.0005758419254289859, 0.9999971258299513, 0.0], [0.40189579129219055, 0.0017192551167681813, -0.015599280595779419, 1.0]], "wheel_velocity_fl": 198.7483673095703, "wheel_velocity_fr": 197.0647430419922, "wheel_velocity_rl": 201.83409118652344, "wheel_velocity_rr": 203.92579650878906}}, {"current_time": 0.8500000443309546, "current_time_step": 51, "data": {"base_link_transform_matrix": [[0.9999961737579093, -0.0014348465228328801, -0.002365097249018618, 0.0], [0.001433253055058139, 0.9999987448768171, -0.0006753002818108169, 0.0], [0.002366063232791455, 0.0006719079150907892, 0.9999969751376911, 0.0], [0.4108028709888458, 0.001729710609652102, -0.015569984912872314, 1.0]], "wheel_velocity_fl": 199.12094116210938, "wheel_velocity_fr": 196.90785217285156, "wheel_velocity_rl": 203.8915557861328, "wheel_velocity_rr": 200.3403778076172}}, {"current_time": 0.8666667118668556, "current_time_step": 52, "data": {"base_link_transform_matrix": [[0.9999964577227994, -0.0013636734947833503, -0.0022858119898793326, 0.0], [0.0013630773820434974, 0.9999990366021578, -0.00026232576447177125, 0.0], [0.002286167514425003, 0.0002592090966181883, 0.9999973531208671, 0.0], [0.41973140835762024, 0.0018133966950699687, -0.015616536140441895, 1.0]], "wheel_velocity_fl": 195.2770538330078, "wheel_velocity_fr": 201.03350830078125, "wheel_velocity_rl": 201.33895874023438, "wheel_velocity_rr": 207.48565673828125}}, {"current_time": 0.8833333794027567, "current_time_step": 53, "data": {"base_link_transform_matrix": [[0.9999970345538821, -0.0013520974705789803, -0.0020255161988998872, 0.0], [0.0013510487275820936, 0.9999989526294538, -0.0005190446329661256, 0.0], [0.0020262158763692307, 0.0005163065226840132, 0.9999978139360091, 0.0], [0.42870381474494934, 0.0017308697570115328, -0.015592098236083984, 1.0]], "wheel_velocity_fl": 201.44798278808594, "wheel_velocity_fr": 196.47824096679688, "wheel_velocity_rl": 202.0009002685547, "wheel_velocity_rr": 201.9113311767578}}, {"current_time": 0.9000000469386578, "current_time_step": 54, "data": {"base_link_transform_matrix": [[0.9999974237431741, -0.0013127419461189686, -0.0018518141368874138, 0.0], [0.0013121780892607594, 0.9999990923765372, -0.00030567100623226057, 0.0], [0.0018522137232890475, 0.0003032403088094373, 0.9999982386732681, 0.0], [0.43765464425086975, 0.0017842535162344575, -0.01567670702934265, 1.0]], "wheel_velocity_fl": 196.42803955078125, "wheel_velocity_fr": 200.3105926513672, "wheel_velocity_rl": 202.736328125, "wheel_velocity_rr": 207.97496032714844}}, {"current_time": 0.9166667144745588, "current_time_step": 55, "data": {"base_link_transform_matrix": [[0.9999974617856937, -0.0013226438739692495, -0.0018240162698306044, 0.0], [0.0013211778457313415, 0.9999988034669697, -0.0008047072318443036, 0.0], [0.0018250784284254275, 0.0008022953394389417, 0.9999980127034845, 0.0], [0.44658419489860535, 0.0016654414357617497, -0.015737473964691162, 1.0]], "wheel_velocity_fl": 196.74725341796875, "wheel_velocity_fr": 195.5242462158203, "wheel_velocity_rl": 199.87094116210938, "wheel_velocity_rr": 203.53016662597656}}, {"current_time": 0.9333333820104599, "current_time_step": 56, "data": {"base_link_transform_matrix": [[0.9999974722928644, -0.0013287995702868324, -0.0018137529004324379, 0.0], [0.0013280092784533674, 0.9999990227733109, -0.0004368567037993605, 0.0], [0.0018143316229849815, 0.0004344469188729571, 0.999998259726804, 0.0], [0.45554250478744507, 0.0017908088630065322, -0.015792757272720337, 1.0]], "wheel_velocity_fl": 193.38299560546875, "wheel_velocity_fr": 197.86648559570312, "wheel_velocity_rl": 203.90182495117188, "wheel_velocity_rr": 200.35580444335938}}, {"current_time": 0.950000049546361, "current_time_step": 57, "data": {"base_link_transform_matrix": [[0.9999981065097217, -0.0012492695082528974, -0.0014920799801710224, 0.0], [0.0012490210884124593, 0.9999992059593681, -0.00016741252633674136, 0.0], [0.001492287938763344, 0.0001655485699819186, 0.9999988728345541, 0.0], [0.464565634727478, 0.0018049338832497597, -0.01599353551864624, 1.0]], "wheel_velocity_fl": 196.76918029785156, "wheel_velocity_fr": 198.30894470214844, "wheel_velocity_rl": 202.62269592285156, "wheel_velocity_rr": 200.62747192382812}}, {"current_time": 0.966666717082262, "current_time_step": 58, "data": {"base_link_transform_matrix": [[0.9999977865207671, -0.001349174124454098, -0.0016145224520572187, 0.0], [0.0013477131217499647, 0.999998681724428, -0.0009056592889037786, 0.0], [0.00161574221574987, 0.000903481371151753, 0.9999982865477841, 0.0], [0.4735226333141327, 0.0016130777075886726, -0.01599574089050293, 1.0]], "wheel_velocity_fl": 181.9776153564453, "wheel_velocity_fr": 189.32244873046875, "wheel_velocity_rl": 201.93898010253906, "wheel_velocity_rr": 202.2561492919922}}, {"current_time": 0.9833333846181631, "current_time_step": 59, "data": {"base_link_transform_matrix": [[0.9999974392930632, -0.0013007797000056229, -0.0018518583877929072, 0.0], [0.0012993441123519145, 0.9999988546033219, -0.0007762067520487181, 0.0], [0.0018528659406665338, 0.0007737985631176156, 0.9999979840597628, 0.0], [0.4824625253677368, 0.0016931034624576569, -0.01594206690788269, 1.0]], "wheel_velocity_fl": 193.76467895507812, "wheel_velocity_fr": 195.9210662841797, "wheel_velocity_rl": 203.55056762695312, "wheel_velocity_rr": 202.901611328125}}, {"current_time": 1.0000000521540642, "current_time_step": 60, "data": {"base_link_transform_matrix": [[0.9999971456601916, -0.0012623532596410666, -0.0020285797291087395, 0.0], [0.0012609326522286608, 0.9999989590267734, -0.0007014229937858369, 0.0], [0.0020294630610141464, 0.0006988630892681807, 0.99999769643238, 0.0], [0.49144476652145386, 0.0017105786828324199, -0.01603260636329651, 1.0]], "wheel_velocity_fl": 201.00164794921875, "wheel_velocity_fr": 196.42408752441406, "wheel_velocity_rl": 202.67913818359375, "wheel_velocity_rr": 195.0991973876953}}, {"current_time": 1.0166667196899652, "current_time_step": 61, "data": {"base_link_transform_matrix": [[0.9999969052185319, -0.0012277716028749543, -0.0021638230633828663, 0.0], [0.001226262582486896, 0.999999004136024, -0.0006985750058973963, 0.0], [0.002164678599064146, 0.0006959194287026654, 0.9999974149280144, 0.0], [0.5004175901412964, 0.0017374613089486957, -0.016014009714126587, 1.0]], "wheel_velocity_fl": 198.1080322265625, "wheel_velocity_fr": 192.7686767578125, "wheel_velocity_rl": 205.16700744628906, "wheel_velocity_rr": 201.08973693847656}}, {"current_time": 1.0333333872258663, "current_time_step": 62, "data": {"base_link_transform_matrix": [[0.9999966968013896, -0.001204966046766233, -0.002270339872334039, 0.0], [0.0012032878800499883, 0.9999990019593543, -0.0007403908245150143, 0.0], [0.0022712297522474445, 0.0007376565064050977, 0.9999971486850805, 0.0], [0.509380042552948, 0.0017500811954960227, -0.01601654291152954, 1.0]], "wheel_velocity_fl": 192.31199645996094, "wheel_velocity_fr": 198.5244598388672, "wheel_velocity_rl": 202.0232696533203, "wheel_velocity_rr": 205.49234008789062}}, {"current_time": 1.0500000547617674, "current_time_step": 63, "data": {"base_link_transform_matrix": [[0.9999957281426856, -0.0012285981098930625, -0.0026522147470646666, 0.0], [0.0012259545512816944, 0.9999987503831833, -0.0009981320103720432, 0.0], [0.002653437735913884, 0.0009948762517543734, 0.9999959847366515, 0.0], [0.5182784199714661, 0.0017029180889949203, -0.016109853982925415, 1.0]], "wheel_velocity_fl": 201.3968505859375, "wheel_velocity_fr": 192.6189422607422, "wheel_velocity_rl": 203.56263732910156, "wheel_velocity_rr": 198.99827575683594}}, {"current_time": 1.0666667222976685, "current_time_step": 64, "data": {"base_link_transform_matrix": [[0.9999958072441482, -0.0011419468383137598, -0.0026610996867818828, 0.0], [0.00114076394844509, 0.9999992498762655, -0.0004459871300043098, 0.0], [0.0026616069842208853, 0.0004429495735032613, 0.999996359815343, 0.0], [0.5272424221038818, 0.001857110415585339, -0.016094475984573364, 1.0]], "wheel_velocity_fl": 197.26498413085938, "wheel_velocity_fr": 178.3777313232422, "wheel_velocity_rl": 207.40611267089844, "wheel_velocity_rr": 200.61798095703125}}, {"current_time": 1.0833333898335695, "current_time_step": 65, "data": {"base_link_transform_matrix": [[0.9999964974134071, -0.001086052614246606, -0.0024136384643865085, 0.0], [0.0010851259320189622, 0.9999993370564164, -0.0003852122002907527, 0.0], [0.0024140552249975406, 0.00038259174936344033, 0.9999970129760009, 0.0], [0.5362359285354614, 0.0018230926943942904, -0.01602184772491455, 1.0]], "wheel_velocity_fl": 197.1133575439453, "wheel_velocity_fr": 200.66514587402344, "wheel_velocity_rl": 204.4952392578125, "wheel_velocity_rr": 202.26893615722656}}, {"current_time": 1.1000000573694706, "current_time_step": 66, "data": {"base_link_transform_matrix": [[0.9999965854956608, -0.0011039858114291683, -0.0023685886826497003, 0.0], [0.0011018663318808565, 0.9999989915847727, -0.0008959464406483478, 0.0], [0.0023695754062870817, 0.0008933335133118529, 0.9999967935286732, 0.0], [0.5451430678367615, 0.0016594581538811326, -0.015994638204574585, 1.0]], "wheel_velocity_fl": 202.55198669433594, "wheel_velocity_fr": 193.40106201171875, "wheel_velocity_rl": 201.75523376464844, "wheel_velocity_rr": 201.3946075439453}}, {"current_time": 1.1166667249053717, "current_time_step": 67, "data": {"base_link_transform_matrix": [[0.9999965952057632, -0.0010891183272093913, -0.0023713705214853656, 0.0], [0.0010877293871134595, 0.9999992361828434, -0.0005869229168557836, 0.0], [0.002372007938697283, 0.0005843415091000647, 0.9999970160572178, 0.0], [0.5540496110916138, 0.0017395360628142953, -0.015903055667877197, 1.0]], "wheel_velocity_fl": 195.86033630371094, "wheel_velocity_fr": 185.31822204589844, "wheel_velocity_rl": 202.42660522460938, "wheel_velocity_rr": 200.34890747070312}}, {"current_time": 1.1333333924412727, "current_time_step": 68, "data": {"base_link_transform_matrix": [[0.9999968479339169, -0.001078158816596489, -0.002267530770873634, 0.0], [0.00107677637852397, 0.9999992337381877, -0.0006107992044396248, 0.0], [0.002268187571898832, 0.000608355655588516, 0.9999972426104659, 0.0], [0.5629870295524597, 0.0016789919463917613, -0.015879660844802856, 1.0]], "wheel_velocity_fl": 199.11767578125, "wheel_velocity_fr": 196.80975341796875, "wheel_velocity_rl": 200.68251037597656, "wheel_velocity_rr": 200.74496459960938}}, {"current_time": 1.1500000599771738, "current_time_step": 69, "data": {"base_link_transform_matrix": [[0.9999975400125749, -0.001046760177180964, -0.0019555720211934372, 0.0], [0.001045644760603589, 0.9999992901133942, -0.0005713140488815853, 0.0], [0.0019561686617540854, 0.0005692678098182654, 0.9999979246670102, 0.0], [0.5719424486160278, 0.0016537869814783335, -0.015905797481536865, 1.0]], "wheel_velocity_fl": 196.5259552001953, "wheel_velocity_fr": 190.36863708496094, "wheel_velocity_rl": 199.3502960205078, "wheel_velocity_rr": 201.41610717773438}}, {"current_time": 1.1666667275130749, "current_time_step": 70, "data": {"base_link_transform_matrix": [[0.9999975961308809, -0.0010816156096974073, -0.001907312279732332, 0.0], [0.0010803538489401166, 0.99999919700085, -0.0006624448778299823, 0.0], [0.0019080272588826177, 0.0006603827132366579, 0.9999979616612483, 0.0], [0.5808652639389038, 0.0015945519553497434, -0.015953123569488525, 1.0]], "wheel_velocity_fl": 196.071533203125, "wheel_velocity_fr": 195.80906677246094, "wheel_velocity_rl": 201.37847900390625, "wheel_velocity_rr": 206.4119110107422}}, {"current_time": 1.183333395048976, "current_time_step": 71, "data": {"base_link_transform_matrix": [[0.9999976926558714, -0.0011141758403249023, -0.0018366532416873255, 0.0], [0.0011127170899501875, 0.99999906485829, -0.0007950743507341922, 0.0], [0.0018375373767891225, 0.0007930288407737193, 0.9999979972788179, 0.0], [0.5898130536079407, 0.0015531439566984773, -0.016055315732955933, 1.0]], "wheel_velocity_fl": 200.0425262451172, "wheel_velocity_fr": 193.818115234375, "wheel_velocity_rl": 196.18170166015625, "wheel_velocity_rr": 200.75765991210938}}, {"current_time": 1.200000062584877, "current_time_step": 72, "data": {"base_link_transfor