{"Isaac Sim Data": [{"current_time": 0, "current_time_step": 0, "data": {"base_link_transform_matrix": [[1.0, 0.0, 0.0, 0.0], [0.0, 1.0, 0.0, 0.0], [0.0, 0.0, 1.0, 0.0], [4.470348358154297e-08, 1.3969838619232178e-09, 0.0, 1.0]], "wheel_velocity_fl": -1.2522526979446411, "wheel_velocity_fr": -1.4484643936157227, "wheel_velocity_rl": 1.5402002334594727, "wheel_velocity_rr": 1.2832486629486084}}, {"current_time": 0.01666666753590107, "current_time_step": 1, "data": {"base_link_transform_matrix": [[1.0, 0.0, 0.0, 0.0], [0.0, 1.0, 0.0, 0.0], [0.0, 0.0, 1.0, 0.0], [2.030283212661743e-05, 4.950938091496937e-06, -0.002743661403656006, 1.0]], "wheel_velocity_fl": 199.9999542236328, "wheel_velocity_fr": 199.9999237060547, "wheel_velocity_rl": 199.99993896484375, "wheel_velocity_rr": 200.00003051757812}}, {"current_time": 0.03333333507180214, "current_time_step": 2, "data": {"base_link_transform_matrix": [[1.0, 0.0, 0.0, 0.0], [0.0, 1.0, 0.0, 0.0], [0.0, 0.0, 1.0, 0.0], [-0.00012462586164474487, -2.8037534320901614e-06, -0.007680773735046387, 1.0]], "wheel_velocity_fl": 207.0380401611328, "wheel_velocity_fr": 194.6676025390625, "wheel_velocity_rl": 202.09559631347656, "wheel_velocity_rr": 188.55857849121094}}, {"current_time": 0.05000000260770321, "current_time_step": 3, "data": {"base_link_transform_matrix": [[0.9999997616491652, -4.921641500040987e-05, -0.0006886794300224045, 0.0], [4.9208399219483684e-05, 0.9999999987213322, -1.1656289570769081e-05, 0.0], [0.0006886800028225972, 1.1622397980155943e-05, 0.9999997627923587, 0.0], [0.0008421167731285095, 7.402588380500674e-06, -0.008171498775482178, 1.0]], "wheel_velocity_fl": 156.65980529785156, "wheel_velocity_fr": 142.52133178710938, "wheel_velocity_rl": 117.79981231689453, "wheel_velocity_rr": 228.5937042236328}}, {"current_time": 0.06666667014360428, "current_time_step": 4, "data": {"base_link_transform_matrix": [[0.9999991194767347, -0.0008926870749643725, -0.000981914223125713, 0.0], [0.0008930625863136927, 0.9999995282361409, 0.00038205590223642073, 0.0], [0.0009815727035282294, -0.000382932476682953, 0.999999444938719, 0.0], [0.004185721278190613, 0.0006263640825636685, -0.008531391620635986, 1.0]], "wheel_velocity_fl": 200.005126953125, "wheel_velocity_fr": 154.6180877685547, "wheel_velocity_rl": 207.22592163085938, "wheel_velocity_rr": 246.45675659179688}}, {"current_time": 0.08333333767950535, "current_time_step": 5, "data": {"base_link_transform_matrix": [[0.9999986391031881, -0.0012605408956033548, -0.0010643441277679118, 0.0], [0.001260937950721616, 0.9999991356530781, 0.0003724628586980553, 0.0], [0.0010638737031398587, -0.00037380442371786856, 0.9999993642212962, 0.0], [0.00881466269493103, 0.0015547365183010697, -0.008846074342727661, 1.0]], "wheel_velocity_fl": 193.27407836914062, "wheel_velocity_fr": 218.11744689941406, "wheel_velocity_rl": 206.34408569335938, "wheel_velocity_rr": 142.47267150878906}}, {"current_time": 0.10000000521540642, "current_time_step": 6, "data": {"base_link_transform_matrix": [[0.999998814564886, -0.0011525857551359631, -0.001020987218200799, 0.0], [0.0011527035607860293, 0.9999993290471464, 0.00011480312720972537, 0.0], [0.0010208542127174444, -0.00011597988672000426, 0.9999994722025318, 0.0], [0.014658652245998383, 0.0019132435554638505, -0.009266793727874756, 1.0]], "wheel_velocity_fl": 202.06036376953125, "wheel_velocity_fr": 175.5214080810547, "wheel_velocity_rl": 171.8914794921875, "wheel_velocity_rr": 171.70603942871094}}, {"current_time": 0.11666667275130749, "current_time_step": 7, "data": {"base_link_transform_matrix": [[0.9999988103553189, -0.0011935643757110957, -0.0009770834294063066, 0.0], [0.0011934960043380274, 0.9999992852943814, -7.055504166938216e-05, 0.0], [0.0009771669430635533, 6.938881256505077e-05, 0.9999995201648639, 0.0], [0.021625161170959473, 0.0019275806844234467, -0.009597986936569214, 1.0]], "wheel_velocity_fl": 197.70156860351562, "wheel_velocity_fr": 170.60601806640625, "wheel_velocity_rl": 184.07159423828125, "wheel_velocity_rr": 181.47740173339844}}, {"current_time": 0.13333334028720856, "current_time_step": 8, "data": {"base_link_transform_matrix": [[0.9999983607528546, -0.0015092176270648276, -0.001000376807888159, 0.0], [0.0015089738407750096, 0.9999988316315226, -0.000244404455051388, 0.0], [0.001000744498591128, 0.0002428945119780615, 0.9999994697562117, 0.0], [0.029422394931316376, 0.0020758858881890774, -0.009974956512451172, 1.0]], "wheel_velocity_fl": 187.4006805419922, "wheel_velocity_fr": 184.58575439453125, "wheel_velocity_rl": 197.00579833984375, "wheel_velocity_rr": 187.38414001464844}}, {"current_time": 0.15000000782310963, "current_time_step": 9, "data": {"base_link_transform_matrix": [[0.9999981465871752, -0.001612796248498477, -0.0010515276864165354, 0.0], [0.0016124508010079946, 0.9999986457860904, -0.0003292846786972857, 0.0], [0.0010520573315176073, 0.0003275885317365948, 0.9999993929303783, 0.0], [0.037503086030483246, 0.0019062537467107177, -0.010398447513580322, 1.0]], "wheel_velocity_fl": 208.19398498535156, "wheel_velocity_fr": 189.60638427734375, "wheel_velocity_rl": 190.45074462890625, "wheel_velocity_rr": 195.25439453125}}, {"current_time": 0.1666666753590107, "current_time_step": 10, "data": {"base_link_transform_matrix": [[0.9999981008951909, -0.0017023468837441822, -0.0009487998202847354, 0.0], [0.001702225043099054, 0.9999985428664986, -0.00012920828988091968, 0.0], [0.0009490183950863637, 0.00012759297368585844, 0.9999995415419544, 0.0], [0.0459245890378952, 0.00184845260810107, -0.010778576135635376, 1.0]], "wheel_velocity_fl": 197.15310668945312, "wheel_velocity_fr": 184.70382690429688, "wheel_velocity_rl": 200.8763427734375, "wheel_velocity_rr": 195.2567596435547}}, {"current_time": 0.18333334289491177, "current_time_step": 11, "data": {"base_link_transform_matrix": [[0.9999979740285974, -0.0017572317409115922, -0.0009818733672911457, 0.0], [0.0017567509230020173, 0.99999833669384, -0.0004903424803703068, 0.0], [0.0009827333795055493, 0.0004886165800062044, 0.9999993977442899, 0.0], [0.05443120747804642, 0.0017324021318927407, -0.011038064956665039, 1.0]], "wheel_velocity_fl": 193.76185607910156, "wheel_velocity_fr": 200.5215606689453, "wheel_velocity_rl": 198.563720703125, "wheel_velocity_rr": 203.45608520507812}}, {"current_time": 0.20000001043081284, "current_time_step": 12, "data": {"base_link_transform_matrix": [[0.9999975069087857, -0.0018413944303470296, -0.0012631083741508969, 0.0], [0.0018407513393143098, 0.9999981757107979, -0.0005101074230218939, 0.0], [0.0012640453788435601, 0.0005077810828461417, 0.9999990721733957, 0.0], [0.06297014653682709, 0.0016782331513240933, -0.011165529489517212, 1.0]], "wheel_velocity_fl": 275.9776611328125, "wheel_velocity_fr": 193.9302215576172, "wheel_velocity_rl": 198.00482177734375, "wheel_velocity_rr": 199.50961303710938}}, {"current_time": 0.2166666779667139, "current_time_step": 13, "data": {"base_link_transform_matrix": [[0.9999976617297937, -0.0016995702397898122, -0.001337159655800068, 0.0], [0.0016991649563668646, 0.9999985101582878, -0.0003041704386910306, 0.0], [0.00133767462266926, 0.0003018976726301531, 0.9999990597417575, 0.0], [0.07164464890956879, 0.0017042604740709066, -0.01140660047531128, 1.0]], "wheel_velocity_fl": 193.96688842773438, "wheel_velocity_fr": 191.8179473876953, "wheel_velocity_rl": 202.05665588378906, "wheel_velocity_rr": 199.4287109375}}, {"current_time": 0.23333334550261497, "current_time_step": 14, "data": {"base_link_transform_matrix": [[0.9999971437222597, -0.0017673992292483074, -0.0016089895235014637, 0.0], [0.001766276737428247, 0.9999981959767642, -0.0006987916026112324, 0.0], [0.0016102216645868374, 0.0006959476859022065, 0.9999984614203211, 0.0], [0.08041681349277496, 0.0015973864356055856, -0.011765509843826294, 1.0]], "wheel_velocity_fl": 216.03147888183594, "wheel_velocity_fr": 197.00221252441406, "wheel_velocity_rl": 201.17019653320312, "wheel_velocity_rr": 202.77450561523438}}, {"current_time": 0.25000001303851604, "current_time_step": 15, "data": {"base_link_transform_matrix": [[0.9999969729733886, -0.0016770204556001667, -0.00180045728949131, 0.0], [0.0016763351480358882, 0.9999985219598799, -0.0003820713636922858, 0.0], [0.0018010953698356126, 0.00037905203731518876, 0.9999983061860763, 0.0], [0.08924061059951782, 0.0016871587140485644, -0.011909633874893188, 1.0]], "wheel_velocity_fl": 196.60855102539062, "wheel_velocity_fr": 194.28514099121094, "wheel_velocity_rl": 204.7218017578125, "wheel_velocity_rr": 202.15530395507812}}, {"current_time": 0.2666666805744171, "current_time_step": 16, "data": {"base_link_transform_matrix": [[0.9999966276173485, -0.0016993506790523576, -0.0019639147638083197, 0.0], [0.0016980962080277464, 0.9999983532723148, -0.0006402514560027155, 0.0], [0.0019649995415220293, 0.0006369143806165, 0.999997866556161, 0.0], [0.0981149673461914, 0.0016366866184398532, -0.012129783630371094, 1.0]], "wheel_velocity_fl": 194.99252319335938, "wheel_velocity_fr": 197.31861877441406, "wheel_velocity_rl": 209.34414672851562, "wheel_velocity_rr": 203.6764678955078}}, {"current_time": 0.2833333481103182, "current_time_step": 17, "data": {"base_link_transform_matrix": [[0.999996117425994, -0.00168008006027963, -0.0022231652949172426, 0.0], [0.0016787813991579433, 0.9999984192135688, -0.0005858868298835422, 0.0], [0.002224146117348178, 0.0005821523465902056, 0.9999973571328546, 0.0], [0.10698132961988449, 0.0016556972404941916, -0.012487053871154785, 1.0]], "wheel_velocity_fl": 200.28817749023438, "wheel_velocity_fr": 197.35372924804688, "wheel_velocity_rl": 202.1413116455078, "wheel_velocity_rr": 200.2594451904297}}, {"current_time": 0.30000001564621925, "current_time_step": 18, "data": {"base_link_transform_matrix": [[0.9999962089572969, -0.0016216807389780933, -0.0022253589856327145, 0.0], [0.001621196688488121, 0.9999986618129979, -0.00021930232691112943, 0.0], [0.0022257116460458097, 0.0002156937509084382, 0.9999974998388118, 0.0], [0.11592033505439758, 0.0017305791843682528, -0.012711405754089355, 1.0]], "wheel_velocity_fl": 200.2335205078125, "wheel_velocity_fr": 190.3258819580078, "wheel_velocity_rl": 206.79396057128906, "wheel_velocity_rr": 195.9864501953125}}, {"current_time": 0.3166666831821203, "current_time_step": 19, "data": {"base_link_transform_matrix": [[0.9999965627069926, -0.0016126542985615824, -0.0020673462006421304, 0.0], [0.0016115641130857433, 0.9999985615655503, -0.0005288931268784092, 0.0], [0.002068196148674676, 0.0005255596479714834, 0.9999977231732815, 0.0], [0.12484707683324814, 0.0016524664824828506, -0.012760251760482788, 1.0]], "wheel_velocity_fl": 197.6158447265625, "wheel_velocity_fr": 200.00230407714844, "wheel_velocity_rl": 201.95448303222656, "wheel_velocity_rr": 206.21951293945312}}, {"current_time": 0.3333333507180214, "current_time_step": 20, "data": {"base_link_transform_matrix": [[0.9999965429987735, -0.00160939086722111, -0.002079387298852051, 0.0], [0.0016083750651203718, 0.9999985864696249, -0.0004900901977219921, 0.0], [0.002080173106263271, 0.00048674406879737584, 0.9999977179774259, 0.0], [0.1337132751941681, 0.001646682620048523, -0.012862414121627808, 1.0]], "wheel_velocity_fl": 210.58645629882812, "wheel_velocity_fr": 199.4859161376953, "wheel_velocity_rl": 198.86305236816406, "wheel_velocity_rr": 201.51634216308594}}, {"current_time": 0.35000001825392246, "current_time_step": 21, "data": {"base_link_transform_matrix": [[0.9999969517477865, -0.0015535630677726794, -0.0019190979468517117, 0.0], [0.0015529489477321334, 0.9999987425079038, -0.0003214532266821219, 0.0], [0.0019195949314622012, 0.00031847198567445386, 0.9999981068636548, 0.0], [0.14263015985488892, 0.0016600381350144744, -0.01301601529121399, 1.0]], "wheel_velocity_fl": 198.20166015625, "wheel_velocity_fr": 195.41180419921875, "wheel_velocity_rl": 202.46995544433594, "wheel_velocity_rr": 199.17184448242188}}, {"current_time": 0.36666668578982353, "current_time_step": 22, "data": {"base_link_transform_matrix": [[0.9999972234498202, -0.001587536924421073, -0.0017414991139397082, 0.0], [0.0015868209860498037, 0.9999986559579339, -0.0004124093645564126, 0.0], [0.0017421514883858515, 0.0004096447721399307, 0.9999983985483938, 0.0], [0.15156899392604828, 0.0016151530435308814, -0.013213932514190674, 1.0]], "wheel_velocity_fl": 185.90362548828125, "wheel_velocity_fr": 199.960205078125, "wheel_velocity_rl": 200.74595642089844, "wheel_velocity_rr": 202.78268432617188}}, {"current_time": 0.3833333533257246, "current_time_step": 23, "data": {"base_link_transform_matrix": [[0.9999974634043721, -0.001588594596154321, -0.001596731671396271, 0.0], [0.0015879322181160708, 0.9999986527001383, -0.000416015839600451, 0.0], [0.0015973904006346149, 0.0004134792826717947, 0.9999986386884688, 0.0], [0.16047757863998413, 0.001594342291355133, -0.01332944631576538, 1.0]], "wheel_velocity_fl": 199.02285766601562, "wheel_velocity_fr": 195.171142578125, "wheel_velocity_rl": 202.60556030273438, "wheel_velocity_rr": 200.15834045410156}}, {"current_time": 0.40000002086162567, "current_time_step": 24, "data": {"base_link_transform_matrix": [[0.9999975623505593, -0.001609942555919318, -0.0015110850095180054, 0.0], [0.001609023214616073, 0.999998519826653, -0.0006094167686942785, 0.0], [0.001512063898840461, 0.0006069839122902603, 0.999998672615767, 0.0], [0.16937169432640076, 0.001556352130137384, -0.013482540845870972, 1.0]], "wheel_velocity_fl": 193.75765991210938, "wheel_velocity_fr": 198.67581176757812, "wheel_velocity_rl": 200.09213256835938, "wheel_velocity_rr": 203.31919860839844}}, {"current_time": 0.41666668839752674, "current_time_step": 25, "data": {"base_link_transform_matrix": [[0.9999976819708901, -0.00161644422668073, -0.00142237860942005, 0.0], [0.0016159267333802534, 0.9999986278147196, -0.0003648965200069921, 0.0], [0.0014229664925261602, 0.00036259721454628654, 0.9999989218442293, 0.0], [0.17829638719558716, 0.0016151508316397667, -0.013775736093521118, 1.0]], "wheel_velocity_fl": 199.59136962890625, "wheel_velocity_fr": 198.1051483154297, "wheel_velocity_rl": 203.11767578125, "wheel_velocity_rr": 199.59017944335938}}, {"current_time": 0.4333333559334278, "current_time_step": 26, "data": {"base_link_transform_matrix": [[0.9999976727292351, -0.001630084243298185, -0.001413280394456216, 0.0], [0.001629607330661238, 0.9999986148854564, -0.00033853672840146833, 0.0], [0.0014138302802877325, 0.0003362328484437518, 0.9999989440151476, 0.0], [0.18721139430999756, 0.0016090016579255462, -0.01399141550064087, 1.0]], "wheel_velocity_fl": 198.47288513183594, "wheel_velocity_fr": 200.42965698242188, "wheel_velocity_rl": 201.9137725830078, "wheel_velocity_rr": 201.3489990234375}}, {"current_time": 0.4500000234693289, "current_time_step": 27, "data": {"base_link_transform_matrix": [[0.9999974411364803, -0.0017116186316631886, -0.0014792167357898468, 0.0], [0.0017104682030409917, 0.9999982340047117, -0.0007786436825495136, 0.0], [0.0014805468645345396, 0.000776111536914625, 0.999998602814956, 0.0], [0.1961035281419754, 0.001549471984617412, -0.013993144035339355, 1.0]], "wheel_velocity_fl": 192.517578125, "wheel_velocity_fr": 195.4703369140625, "wheel_velocity_rl": 201.06686401367188, "wheel_velocity_rr": 206.00160217285156}}, {"current_time": 0.46666669100522995, "current_time_step": 28, "data": {"base_link_transform_matrix": [[0.9999973066370815, -0.0016547295669262607, -0.0016274485070644988, 0.0], [0.0016537868879844795, 0.9999984640538936, -0.0005804125970958213, 0.0], [0.0016284064332767318, 0.0005777195808322018, 0.9999985072651728, 0.0], [0.20499756932258606, 0.001633584382943809, -0.014038622379302979, 1.0]], "wheel_velocity_fl": 194.60716247558594, "wheel_velocity_fr": 196.9509735107422, "wheel_velocity_rl": 202.82005310058594, "wheel_velocity_rr": 201.57302856445312}}, {"current_time": 0.483333358541131, "current_time_step": 29, "data": {"base_link_transform_matrix": [[0.9999968693578289, -0.0016640200879626773, -0.0018687727759473091, 0.0], [0.0016628166921821422, 0.9999984093007772, -0.0006453189626130008, 0.0], [0.0018698436270088382, 0.0006422095157845018, 0.9999980456239644, 0.0], [0.2139284610748291, 0.0016294082161039114, -0.014208763837814331, 1.0]], "wheel_velocity_fl": 194.88092041015625, "wheel_velocity_fr": 197.4581298828125, "wheel_velocity_rl": 201.3108367919922, "wheel_velocity_rr": 204.0487823486328}}, {"current_time": 0.5000000260770321, "current_time_step": 30, "data": {"base_link_transform_matrix": [[0.9999966476612587, -0.001677743778662885, -0.00197226825194524, 0.0], [0.0016764234891955717, 0.9999983697543813, -0.0006708896069150914, 0.0], [0.001973390617527735, 0.0006675810010413152, 0.9999978300301845, 0.0], [0.22288915514945984, 0.0016599185764789581, -0.01431727409362793, 1.0]], "wheel_velocity_fl": 196.25604248046875, "wheel_velocity_fr": 196.60316467285156, "wheel_velocity_rl": 203.13267517089844, "wheel_velocity_rr": 202.2884521484375}}, {"current_time": 0.5166666936129332, "current_time_step": 31, "data": {"base_link_transform_matrix": [[0.9999961399151913, -0.0016737845890714524, -0.0022177916643454773, 0.0], [0.0016724062717374424, 0.9999984073440213, -0.0006231907276235227, 0.0], [0.002218831219202272, 0.0006194792733656036, 0.9999973465132048, 0.0], [0.23183032870292664, 0.001700355438515544, -0.014370888471603394, 1.0]], "wheel_velocity_fl": 194.9280548095703, "wheel_velocity_fr": 199.1833038330078, "wheel_velocity_rl": 202.05271911621094, "wheel_velocity_rr": 206.407958984375}}, {"current_time": 0.5333333611488342, "current_time_step": 32, "data": {"base_link_transform_matrix": [[0.9999955764867832, -0.0017163634049808156, -0.002429218707392298, 0.0], [0.0017143453729746958, 0.9999981839206294, -0.0008325715495309788, 0.0], [0.00243064329107796, 0.000828403346788764, 0.9999967028551077, 0.0], [0.24076035618782043, 0.001672069076448679, -0.014524698257446289, 1.0]], "wheel_velocity_fl": 192.2165069580078, "wheel_velocity_fr": 198.52735900878906, "wheel_velocity_rl": 200.59974670410156, "wheel_velocity_rr": 205.75576782226562}}, {"current_time": 0.5500000286847353, "current_time_step": 33, "data": {"base_link_transform_matrix": [[0.9999957717818536, -0.001646973254365036, -0.002396642967645259, 0.0], [0.001646120308083632, 0.9999985811249646, -0.000357821168820024, 0.0], [0.002397228889003276, 0.0003538744932137982, 0.9999970640289384, 0.0], [0.2497505247592926, 0.0017847459530457854, -0.014699339866638184, 1.0]], "wheel_velocity_fl": 198.48037719726562, "wheel_velocity_fr": 195.75885009765625, "wheel_velocity_rl": 206.9403839111328, "wheel_velocity_rr": 200.7556610107422}}, {"current_time": 0.5666666962206364, "current_time_step": 34, "data": {"base_link_transform_matrix": [[0.9999960197139198, -0.0015782046896837655, -0.0023387659727309084, 0.0], [0.0015773119878255467, 0.9999986825090789, -0.0003834931546273254, 0.0], [0.0023393681221230674, 0.0003798026646093533, 0.9999971915494189, 0.0], [0.2587202787399292, 0.001759714214131236, -0.014736682176589966, 1.0]], "wheel_velocity_fl": 198.73968505859375, "wheel_velocity_fr": 199.71665954589844, "wheel_velocity_rl": 202.7183837890625, "wheel_velocity_rr": 203.50486755371094}}, {"current_time": 0.5833333637565374, "current_time_step": 35, "data": {"base_link_transform_matrix": [[0.9999961900790745, -0.0015901648994787521, -0.0022563694130012255, 0.0], [0.0015885908886394485, 0.9999984937435294, -0.0006992064507313423, 0.0], [0.002257477867885639, 0.0006956193389191558, 0.9999972099498134, 0.0], [0.2676493227481842, 0.0017033078474923968, -0.014695852994918823, 1.0]], "wheel_velocity_fl": 194.45535278320312, "wheel_velocity_fr": 198.87644958496094, "wheel_velocity_rl": 198.25457763671875, "wheel_velocity_rr": 204.77426147460938}}, {"current_time": 0.6000000312924385, "current_time_step": 36, "data": {"base_link_transform_matrix": [[0.9999964980216852, -0.0015509100312432005, -0.002144439889752616, 0.0], [0.0015500832690618128, 0.9999987236791466, -0.0003871458857554126, 0.0], [0.0021450375811970382, 0.00038382046958430167, 0.9999976257449926, 0.0], [0.2765837609767914, 0.0017843716777861118, -0.014724522829055786, 1.0]], "wheel_velocity_fl": 195.88809204101562, "wheel_velocity_fr": 198.34457397460938, "wheel_velocity_rl": 202.7570343017578, "wheel_velocity_rr": 199.4921875}}, {"current_time": 0.6166666988283396, "current_time_step": 37, "data": {"base_link_transform_matrix": [[0.9999967677927062, -0.0015289325704178154, -0.0020314451347701566, 0.0], [0.0015279985997748997, 0.9999987262431071, -0.0004612292730419122, 0.0], [0.0020321477356608974, 0.00045812373693184346, 0.9999978302467571, 0.0], [0.28553473949432373, 0.001737766433507204, -0.014806151390075684, 1.0]], "wheel_velocity_fl": 197.1454620361328, "wheel_velocity_fr": 199.4893035888672, "wheel_velocity_rl": 199.99952697753906, "wheel_velocity_rr": 204.0612335205078}}, {"current_time": 0.6333333663642406, "current_time_step": 38, "data": {"base_link_transform_matrix": [[0.9999971975736821, -0.0015545560449901756, -0.001785553215448379, 0.0], [0.0015539447014301902, 0.9999987335555527, -0.0003437195886025643, 0.0], [0.0017860852855086675, 0.00034094397439547557, 0.9999983468269131, 0.0], [0.294503390789032, 0.001756648882292211, -0.014878988265991211, 1.0]], "wheel_velocity_fl": 196.8101348876953, "wheel_velocity_fr": 198.5457000732422, "wheel_velocity_rl": 202.2813262939453, "wheel_velocity_rr": 192.22470092773438}}, {"current_time": 0.6500000339001417, "current_time_step": 39, "data": {"base_link_transform_matrix": [[0.9999973136180461, -0.0015501472218640913, -0.0017233108488335133, 0.0], [0.0015491284753340827, 0.9999986246695793, -0.0005923342946799683, 0.0], [0.0017242266840729918, 0.0005896630735360282, 0.9999983396685225, 0.0], [0.3034150302410126, 0.0016822813777253032, -0.014941185712814331, 1.0]], "wheel_velocity_fl": 197.23619079589844, "wheel_velocity_fr": 196.83900451660156, "wheel_velocity_rl": 200.11077880859375, "wheel_velocity_rr": 203.1798858642578}}, {"current_time": 0.6666667014360428, "current_time_step": 40, "data": {"base_link_transform_matrix": [[0.9999971473526073, -0.0015903083879717811, -0.00178219131379825, 0.0], [0.0015890559042902512, 0.9999984896604442, -0.0007039731269782102, 0.0], [0.0017833081564529527, 0.0007011391171613389, 0.9999981641062935, 0.0], [0.3123234510421753, 0.001669276156462729, -0.015103310346603394, 1.0]], "wheel_velocity_fl": 201.1578369140625, "wheel_velocity_fr": 197.2444610595703, "wheel_velocity_rl": 203.5784912109375, "wheel_velocity_rr": 200.16883850097656}}, {"current_time": 0.6833333689719439, "current_time_step": 41, "data": {"base_link_transform_matrix": [[0.9999976206319916, -0.001536268208167757, -0.0015487447652442656, 0.0], [0.0015361161856841698, 0.9999988152382884, -9.934326236137584e-05, 0.0], [0.0015488955482464279, 9.696397408581018e-05, 0.9999987957595591, 0.0], [0.32130783796310425, 0.0017809909768402576, -0.015310347080230713, 1.0]], "wheel_velocity_fl": 194.5328826904297, "wheel_velocity_fr": 198.05026245117188, "wheel_velocity_rl": 203.66200256347656, "wheel_velocity_rr": 181.50608825683594}}, {"current_time": 0.7000000365078449, "current_time_step": 42, "data": {"base_link_transform_matrix": [[0.999997571428596, -0.0016080457155924115, -0.0015070918640343542, 0.0], [0.0016071065631901495, 0.9999985138156773, -0.0006241593796769021, 0.0], [0.0015080933010343893, 0.000621735806635261, 0.999998669548706, 0.0], [0.3302507698535919, 0.0016067263204604387, -0.015320807695388794, 1.0]], "wheel_velocity_fl": 199.52789306640625, "wheel_velocity_fr": 192.2637481689453, "wheel_velocity_rl": 201.8349609375, "wheel_velocity_rr": 202.3851776123047}}, {"current_time": 0.716666704043746, "current_time_step": 43, "data": {"base_link_transform_matrix": [[0.999997247873901, -0.0016150757233708956, -0.001701697691017933, 0.0], [0.0016136568923017251, 0.9999983495944641, -0.0008348172145983945, 0.0], [0.0017030431755433934, 0.0008320689608684252, 0.9999982036509799, 0.0], [0.33915239572525024, 0.0015990377869457006, -0.015328973531723022, 1.0]], "wheel_velocity_fl": 197.73094177246094, "wheel_velocity_fr": 194.5697021484375, "wheel_velocity_rl": 200.39723205566406, "wheel_velocity_rr": 201.3126983642578}}, {"current_time": 0.7333333715796471, "current_time_step": 44, "data": {"base_link_transform_matrix": [[0.9999970349988234, -0.001553200239058572, -0.0018755166166529546, 0.0], [0.0015522275089923279, 0.9999986600987937, -0.0005199907476699072, 0.0], [0.0018763217533995665, 0.0005170779774107876, 0.9999981060217279, 0.0], [0.34809422492980957, 0.0017069480381906033, -0.01539069414138794, 1.0]], "wheel_velocity_fl": 191.317626953125, "wheel_velocity_fr": 172.2691192626953, "wheel_velocity_rl": 201.95977783203125, "wheel_velocity_rr": 202.82278442382812}}, {"current_time": 0.7500000391155481, "current_time_step": 45, "data": {"base_link_transform_matrix": [[0.999996684112824, -0.0015652728676484214, -0.0020449166747065254, 0.0], [0.0015637967432605474, 0.9999985157233209, -0.0007232502339680542, 0.0], [0.002046045723452145, 0.0007200500017157332, 0.9999976476096795, 0.0], [0.3570711016654968, 0.0016689554322510958, -0.015446871519088745, 1.0]], "wheel_velocity_fl": 200.15370178222656, "wheel_velocity_fr": 193.89361572265625, "wheel_velocity_rl": 204.69216918945312, "wheel_velocity_rr": 201.57537841796875}}, {"current_time": 0.7666667066514492, "current_time_step": 46, "data": {"base_link_transform_matrix": [[0.9999963420171564, -0.0015544778192653702, -0.002213492944616908, 0.0], [0.0015532383640243157, 0.9999986360476099, -0.0005615634464199685, 0.0], [0.002214362863439486, 0.0005581233100704397, 0.9999973925443405, 0.0], [0.36604851484298706, 0.0017458738293498755, -0.015518426895141602, 1.0]], "wheel_velocity_fl": 193.9712371826172, "wheel_velocity_fr": 200.36648559570312, "wheel_velocity_rl": 201.50779724121094, "wheel_velocity_rr": 204.0817108154297}}, {"current_time": 0.7833333741873503, "current_time_step": 47, "data": {"base_link_transform_matrix": [[0.9999957854126396, -0.0015641212196416902, -0.002445952118977911, 0.0], [0.0015621781916323714, 0.9999984629156542, -0.0007960939809206731, 0.0], [0.002447193546831585, 0.0007922696126549992, 0.9999966917708304, 0.0], [0.37498465180397034, 0.0017008183058351278, -0.015504300594329834, 1.0]], "wheel_velocity_fl": 194.5452423095703, "wheel_velocity_fr": 197.35777282714844, "wheel_velocity_rl": 201.6058807373047, "wheel_velocity_rr": 205.32301330566406}}, {"current_time": 0.8000000417232513, "current_time_step": 48, "data": {"base_link_transform_matrix": [[0.9999954719336507, -0.0015451072884521077, -0.002582393398067386, 0.0], [0.0015433166538461685, 0.9999985673994609, -0.0006952501218268087, 0.0], [0.002583463934559743, 0.000691261522950108, 0.9999964239294087, 0.0], [0.3839341998100281, 0.0017495083156973124, -0.015635967254638672, 1.0]], "wheel_velocity_fl": 200.62277221679688, "wheel_velocity_fr": 194.6602325439453, "wheel_velocity_rl": 209.26828002929688, "wheel_velocity_rr": 200.6849822998047}}, {"current_time": 0.8166667092591524, "current_time_step": 49, "data": {"base_link_transform_matrix": [[0.9999959535237618, -0.001423247386109209, -0.0024631895948668743, 0.0], [0.0014229635734660294, 0.9999989807457914, -0.00011697028161358999, 0.0], [0.0024633535618980725, 0.00011346477922808876, 0.9999969595028642, 0.0], [0.3929363787174225, 0.001872657798230648, -0.015746086835861206, 1.0]], "wheel_velocity_fl": 195.61227416992188, "wheel_velocity_fr": 200.03216552734375, "wheel_velocity_rl": 203.4586944580078, "wheel_velocity_rr": 203.66537475585938}}, {"current_time": 0.8333333767950535, "current_time_step": 50, "data": {"base_link_transform_matrix": [[0.9999961209182948, -0.0014496119555658024, -0.0023783972631563305, 0.0], [0.0014482085198175238, 0.9999987762953483, -0.0005916923940168015, 0.0], [0.0023792520770689204, 0.0005882456836136472, 0.9999969965587744, 0.0], [0.40189146995544434, 0.0017396053299307823, -0.015598416328430176, 1.0]], "wheel_velocity_fl": 198.71612548828125, "wheel_velocity_fr": 197.06272888183594, "wheel_velocity_rl": 201.82032775878906, "wheel_velocity_rr": 203.92774963378906}}, {"current_time": 0.8500000443309546, "current_time_step": 51, "data": {"base_link_transform_matrix": [[0.9999961697958516, -0.0014695242466871586, -0.002345398071707884, 0.0], [0.0014679579024435639, 0.9999986984879993, -0.0006694190796603274, 0.0], [0.002346378746712903, 0.0006659735700148519, 0.9999970254885666, 0.0], [0.41079917550086975, 0.0017497712979093194, -0.015569090843200684, 1.0]], "wheel_velocity_fl": 199.11598205566406, "wheel_velocity_fr": 196.8843536376953, "wheel_velocity_rl": 203.88294982910156, "wheel_velocity_rr": 200.38583374023438}}, {"current_time": 0.8666667118668556, "current_time_step": 52, "data": {"base_link_transform_matrix": [[0.9999964572073792, -0.0013977446017849541, -0.002265365912702848, 0.0], [0.0013971583149988997, 0.9999989900784977, -0.00026036633313302376, 0.0], [0.0022657275504977255, 0.00025720033588765213, 0.9999974001599475, 0.0], [0.4197274446487427, 0.001832849346101284, -0.015615612268447876, 1.0]], "wheel_velocity_fl": 195.26837158203125, "wheel_velocity_fr": 201.0204620361328, "wheel_velocity_rl": 201.28988647460938, "wheel_velocity_rr": 207.508056640625}}, {"current_time": 0.8833333794027567, "current_time_step": 53, "data": {"base_link_transform_matrix": [[0.9999970312536435, -0.0013830090095554221, -0.0020061829376058966, 0.0], [0.0013819831447230676, 0.9999989136568465, -0.0005126477491822861, 0.0], [0.0020068897546586446, 0.0005098737162561461, 0.9999978562088552, 0.0], [0.4287002980709076, 0.0017496919026598334, -0.015590757131576538, 1.0]], "wheel_velocity_fl": 201.42718505859375, "wheel_velocity_fr": 196.4918670654297, "wheel_velocity_rl": 202.0034637451172, "wheel_velocity_rr": 201.92713928222656}}, {"current_time": 0.9000000469386578, "current_time_step": 54, "data": {"base_link_transform_matrix": [[0.9999974226562226, -0.0013418916554890027, -0.0018313950139349818, 0.0], [0.0013413405926049253, 0.9999990547721748, -0.00030209298505589786, 0.0], [0.0018317986589052838, 0.00029963568198513734, 0.9999982773645819, 0.0], [0.4376516342163086, 0.001801995444111526, -0.015676021575927734, 1.0]], "wheel_velocity_fl": 196.43255615234375, "wheel_velocity_fr": 200.2965087890625, "wheel_velocity_rl": 202.6751251220703, "wheel_velocity_rr": 207.93650817871094}}, {"current_time": 0.9166667144745588, "current_time_step": 55, "data": {"base_link_transform_matrix": [[0.9999972425701626, -0.001407224914112999, -0.0018800452421106587, 0.0], [0.0014056695299251405, 0.9999986689410829, -0.0008283774713544209, 0.0], [0.0018812084530756544, 0.0008257324648499491, 0.9999978896080994, 0.0], [0.446581095457077, 0.0016825678758323193, -0.015736788511276245, 1.0]], "wheel_velocity_fl": 196.734375, "wheel_velocity_fr": 195.51950073242188, "wheel_velocity_rl": 199.87852478027344, "wheel_velocity_rr": 203.52528381347656}}, {"current_time": 0.9333333820104599, "current_time_step": 56, "data": {"base_link_transform_matrix": [[0.9999974697605564, -0.001357990889046935, -0.001793413848051002, 0.0], [0.001357219953680479, 0.9999989860884848, -0.00043101740078380356, 0.0], [0.0017939973473913352, 0.00042858225314679346, 0.9999982989439381, 0.0], [0.45553967356681824, 0.001807403052225709, -0.01579207181930542, 1.0]], "wheel_velocity_fl": 193.37840270996094, "wheel_velocity_fr": 197.88235473632812, "wheel_velocity_rl": 203.94412231445312, "wheel_velocity_rr": 200.3856201171875}}, {"current_time": 0.950000049546361, "current_time_step": 57, "data": {"base_link_transform_matrix": [[0.9999978693786296, -0.0013512043442888697, -0.0015606040565319577, 0.0], [0.0013509327134145542, 0.99999907216067, -0.00017509598206390516, 0.0], [0.0015608391989937677, 0.00017298733792800742, 0.9999987669274276, 0.0], [0.46456289291381836, 0.0018207015236839652, -0.015992671251296997, 1.0]], "wheel_velocity_fl": 196.68252563476562, "wheel_velocity_fr": 198.38604736328125, "wheel_velocity_rl": 202.58363342285156, "wheel_velocity_rr": 200.19322204589844}}, {"current_time": 0.966666717082262, "current_time_step": 58, "data": {"base_link_transform_matrix": [[0.99999777621235, -0.001377606353365242, -0.001596800266165979, 0.0], [0.0013761796973102499, 0.999998653265695, -0.0008942014520706032, 0.0], [0.0015980299733018434, 0.0008920019794495001, 0.9999983253149343, 0.0], [0.4735196530818939, 0.0016285300953313708, -0.015995264053344727, 1.0]], "wheel_velocity_fl": 181.6734619140625, "wheel_velocity_fr": 189.32049560546875, "wheel_velocity_rl": 201.96327209472656, "wheel_velocity_rr": 202.22955322265625}}, {"current_time": 0.9833333846181631, "current_time_step": 59, "data": {"base_link_transform_matrix": [[0.9999974334497223, -0.0013310696907027867, -0.00183339778741678, 0.0], [0.0013296623000566457, 0.999998820590245, -0.0007686457485554872, 0.0], [0.0018344187461483347, 0.0007662059758685924, 0.9999980239161808, 0.0], [0.48245981335639954, 0.0017078343080356717, -0.01594233512878418, 1.0]], "wheel_velocity_fl": 193.77444458007812, "wheel_velocity_fr": 195.8936767578125, "wheel_velocity_rl": 203.48240661621094, "wheel_velocity_rr": 202.92112731933594}}, {"current_time": 1.0000000521540642, "current_time_step": 60, "data": {"base_link_transform_matrix": [[0.9999969217029783, -0.0013427851904757007, -0.0020865072489238442, 0.0], [0.0013412815078665077, 0.9999988399100489, -0.0007219019829597476, 0.0], [0.002087474187679445, 0.0007191011671420126, 0.9999975626695433, 0.0], [0.491441547870636, 0.0017249069642275572, -0.016032755374908447, 1.0]], "wheel_velocity_fl": 200.89727783203125, "wheel_velocity_fr": 196.3409423828125, "wheel_velocity_rl": 202.7235565185547, "wheel_velocity_rr": 194.92010498046875}}, {"current_time": 1.0166667196899652, "current_time_step": 61, "data": {"base_link_transform_matrix": [[0.9999969007053465, -0.0012611949640856687, -0.002146617563466455, 0.0], [0.0012597118976272787, 0.9999989670631872, -0.0006920971705987914, 0.0], [0.0021474882156123677, 0.0006893909059013765, 0.9999974565140367, 0.0], [0.5004149675369263, 0.0017514126375317574, -0.016013920307159424, 1.0]], "wheel_velocity_fl": 198.09066772460938, "wheel_velocity_fr": 192.85025024414062, "wheel_velocity_rl": 205.1813201904297, "wheel_velocity_rr": 201.0770721435547}}, {"current_time": 1.0333333872258663, "current_time_step": 62, "data": {"base_link_transform_matrix": [[0.9999966935748402, -0.0012395612042308372, -0.002253070662025803, 0.0], [0.0012379056604898365, 0.9999989629164419, -0.0007360404992299458, 0.0], [0.002253980692650852, 0.0007332489766411152, 0.9999971909545423, 0.0], [0.5093774795532227, 0.001763179898262024, -0.016016334295272827, 1.0]], "wheel_velocity_fl": 192.3141632080078, "wheel_velocity_fr": 198.51524353027344, "wheel_velocity_rl": 202.0250701904297, "wheel_velocity_rr": 205.46432495117188}}, {"current_time": 1.0500000547617674, "current_time_step": 63, "data": {"base_link_transform_matrix": [[0.9999957218032427, -0.001268158536391034, -0.0026359342059637868, 0.0], [0.0012655480126727138, 0.9999987073674946, -0.000991792098931469, 0.0], [0.002637188548286135, 0.000988451954553834, 0.999996034091783, 0.0], [0.5182749629020691, 0.0017181592993438244, -0.01610693335533142, 1.0]], "wheel_velocity_fl": 201.36854553222656, "wheel_velocity_fr": 192.3483428955078, "wheel_velocity_rl": 203.7552947998047, "wheel_velocity_rr": 198.82252502441406}}, {"current_time": 1.0666667222976685, "current_time_step": 64, "data": {"base_link_transform_matrix": [[0.9999958059417825, -0.0011805167565153234, -0.002644707740457567, 0.0], [0.0011793489252338325, 0.9999992064038477, -0.0004430889160492, 0.0], [0.0026452287155177023, 0.00043996802447722434, 0.9999964045901265, 0.0], [0.5272380113601685, 0.0018722384702414274, -0.016094237565994263, 1.0]], "wheel_velocity_fl": 197.25741577148438, "wheel_velocity_fr": 177.68408203125, "wheel_velocity_rl": 207.3048858642578, "wheel_velocity_rr": 200.62405395507812}}, {"current_time": 1.0833333898335695, "current_time_step": 65, "data": {"base_link_transform_matrix": [[0.9999964963016091, -0.0011243590385858443, -0.002396497706681333, 0.0], [0.0011234459019129582, 0.9999992958417924, -0.00038234176451940754, 0.0], [0.0023969259085865695, 0.00037964808938166755, 0.9999970553024229, 0.0], [0.5362314581871033, 0.001838224707171321, -0.016021430492401123, 1.0]], "wheel_velocity_fl": 197.0948028564453, "wheel_velocity_fr": 200.67196655273438, "wheel_velocity_rl": 204.47158813476562, "wheel_velocity_rr": 202.2638397216797}}, {"current_time": 1.1000000573694706, "current_time_step": 66, "data": {"base_link_transform_matrix": [[0.9999965802092506, -0.0011430101909797278, -0.002352253708074161, 0.0], [0.0011409192614236137, 0.9999989530523411, -0.0008900547514156873, 0.0], [0.002353268587039046, 0.000887367976051385, 0.999996837347515, 0.0], [0.5451377630233765, 0.0016758431447669864, -0.01599249243736267, 1.0]], "wheel_velocity_fl": 202.5789337158203, "wheel_velocity_fr": 193.21926879882812, "wheel_velocity_rl": 201.9348907470703, "wheel_velocity_rr": 200.9337158203125}}, {"current_time": 1.1166667249053717, "current_time_step": 67, "data": {"base_link_transform_matrix": [[0.9999965927065749, -0.001128855582598306, -0.0023537757569777767, 0.0], [0.0011274870242019288, 0.9999991946299545, -0.0005826769712296313, 0.0], [0.0023544316194691124, 0.0005800211342543448, 0.999997060109295, 0.0], [0.5540437698364258, 0.0017564264126121998, -0.01590287685394287, 1.0]], "wheel_velocity_fl": 195.82444763183594, "wheel_velocity_fr": 185.0233154296875, "wheel_velocity_rl": 202.37606811523438, "wheel_velocity_rr": 200.2366485595703}}, {"current_time": 1.1333333924412727, "current_time_step": 68, "data": {"base_link_transform_matrix": [[0.999996844493518, -0.0011176240759627819, -0.0022498709810981317, 0.0], [0.001116265156824853, 0.9999991938640881, -0.0006051638402387697, 0.0], [0.00225054551307409, 0.000602650478056798, 0.9999972859249643, 0.0], [0.5629805326461792, 0.0016963586676865816, -0.01587921380996704, 1.0]], "wheel_velocity_fl": 199.2860107421875, "wheel_velocity_fr": 196.81588745117188, "wheel_velocity_rl": 200.77781677246094, "wheel_velocity_rr": 200.62388610839844}}, {"current_time": 1.1500000599771738, "current_time_step": 69, "data": {"base_link_transform_matrix": [[0.9999973124961149, -0.0011318994072185662, -0.002023315170585974, 0.0], [0.001130707279782326, 0.9999991865574162, -0.0005902419448192807, 0.0], [0.0020239816192427107, 0.0005879525813490852, 0.9999977789026169, 0.0], [0.5719358921051025, 0.001670720404945314, -0.0159052312374115, 1.0]], "wheel_velocity_fl": 196.50340270996094, "wheel_velocity_fr": 190.2572479248047, "wheel_velocity_rl": 199.29713439941406, "wheel_velocity_rr": 201.3783721923828}}, {"current_time": 1.1666667275130749, "current_time_step": 70, "data": {"base_link_transform_matrix": [[0.9999975915890823, -0.0011186671743370646, -0.0018882266251837106, 0.0], [0.0011174310681785356, 0.999999160789669, -0.0006555667514451311, 0.0], [0.0018889584015698477, 0.0006534552094762674, 0.999998002414228, 0.0], [0.580858588218689, 0.0016105279792100191, -0.015953540802001953, 1.0]], "wheel_velocity_fl": 196.0926971435547, "wheel_velocity_fr": 195.78009033203125, "wheel_velocity_rl": 201.3876495361328, "wheel_velocity_rr": 206.4699249267578}}, {"current_time": 1.183333395048976, "current_time_step": 71, "data": {"base_link_transform_matrix": [[0.9999976850820048, -0.0011512937077267694, -0.00181778805972575, 0.0], [0.0011498673782392491, 0.9999990303958239, -0.0007855013841573348, 0.0], [0.001818690639991847, 0.000783409350595614, 0.9999980393151505, 0.0], [0.5898071527481079, 0.0015688613057136536, -0.01605546474456787, 1.0]], "wheel_velocity_fl": 200.045654296875, "wheel_velocity_fr": 193.78076171875, "wheel_velocity_rl": 196.17637634277344, "wheel_velocity_rr": 200.75672912597656}}, {"current_time": 1.200000062584877, "current_time_step": 72, "data": {"base_link_transform_matrix": [[0.999997