{
    "Isaac Sim Data": [
        {
            "current_time": 0,
            "current_time_step": 0,
            "data": {
                "base_link_transform_matrix": [
                    [
                        1,
                        0,
                        0,
                        0
                    ],
                    [
                        0,
                        1,
                        0,
                        0
                    ],
                    [
                        0,
                        0,
                        1,
                        0
                    ],
                    [
                        0,
                        0,
                        0.02500000037252903,
                        1
                    ]
                ],
                "wheel_velocity_fl": 207.4274444580078,
                "wheel_velocity_fr": 203.63772583007812,
                "wheel_velocity_rl": 201.39869689941406,
                "wheel_velocity_rr": 199.47348022460938,
                "kmr_joint_1_pos": -0.0024296108167618513,
                "kmr_joint_2_pos": -0.029120799154043198,
                "kmr_joint_3_pos": -0.09019779413938522,
                "kmr_joint_4_pos": 0.03862497955560684,
                "kmr_joint_5_pos": -0.134627565741539,
                "kmr_joint_6_pos": -0.00793406367301941,
                "kmr_joint_7_pos": -0.0010181247489526868
            }
        },
        {
            "current_time": 0.01666666753590107,
            "current_time_step": 1,
            "data": {
                "base_link_transform_matrix": [
                    [
                        0.9999989057764109,
                        0.0012808135914768632,
                        0.0007402449085621659,
                        0
                    ],
                    [
                        -0.0012811124863711843,
                        0.9999990979909111,
                        0.0004034453636422834,
                        0
                    ],
                    [
                        -0.0007397275025493589,
                        -0.00040439325917818127,
                        0.9999996446345938,
                        0
                    ],
                    [
                        0.002173133660107851,
                        -0.0005174796679057181,
                        0.03591635823249817,
                        1
                    ]
                ],
                "wheel_velocity_fl": 198.8551788330078,
                "wheel_velocity_fr": 198.60345458984375,
                "wheel_velocity_rl": 122.7986068725586,
                "wheel_velocity_rr": 102.30579376220703,
                "kmr_joint_1_pos": 0.0008282940252684057,
                "kmr_joint_2_pos": -0.058814674615859985,
                "kmr_joint_3_pos": -0.08557464182376862,
                "kmr_joint_4_pos": 0.015653586015105247,
                "kmr_joint_5_pos": -0.13001661002635956,
                "kmr_joint_6_pos": -0.001859665964730084,
                "kmr_joint_7_pos": -0.0009766187286004424
            }
        },
        {
            "current_time": 0.03333333507180214,
            "current_time_step": 2,
            "data": {
                "base_link_transform_matrix": [
                    [
                        0.9999997473273656,
                        0.00020736151614195582,
                        0.0006799605918831629,
                        0
                    ],
                    [
                        -0.00020736763128644187,
                        0.9999999784595235,
                        0.00000892289214797638,
                        0
                    ],
                    [
                        -0.0006799587269720435,
                        -0.000009063891710712654,
                        0.9999997687869611,
                        0
                    ],
                    [
                        0.007025469560176134,
                        -0.0008138982811942697,
                        0.036060407757759094,
                        1
                    ]
                ],
                "wheel_velocity_fl": 199.99620056152344,
                "wheel_velocity_fr": 199.99339294433594,
                "wheel_velocity_rl": 215.56842041015625,
                "wheel_velocity_rr": 196.7500762939453,
                "kmr_joint_1_pos": 0.0015422776341438293,
                "kmr_joint_2_pos": -0.025943148881196976,
                "kmr_joint_3_pos": -0.06314081698656082,
                "kmr_joint_4_pos": 0.024060431867837906,
                "kmr_joint_5_pos": -0.0988440290093422,
                "kmr_joint_6_pos": -0.0048023671843111515,
                "kmr_joint_7_pos": -0.0007457965984940529
            }
        },
        {
            "current_time": 0.05000000260770321,
            "current_time_step": 3,
            "data": {
                "base_link_transform_matrix": [
                    [
                        0.9999995753741167,
                        -0.0009204651520604469,
                        0.00004467090948124629,
                        0
                    ],
                    [
                        0.0009204834606961902,
                        0.9999994916555992,
                        -0.00041158078401640804,
                        0
                    ],
                    [
                        -0.000044292041004094755,
                        0.0004116217280819058,
                        0.9999999143028804,
                        0
                    ],
                    [
                        0.013088453561067581,
                        -0.0011861282400786877,
                        0.035786375403404236,
                        1
                    ]
                ],
                "wheel_velocity_fl": 152.55921936035156,
                "wheel_velocity_fr": 200.19410705566406,
                "wheel_velocity_rl": 174.85462951660156,
                "wheel_velocity_rr": 166.32728576660156,
                "kmr_joint_1_pos": 0.0022852018009871244,
                "kmr_joint_2_pos": -0.012376026250422001,
                "kmr_joint_3_pos": -0.04061194881796837,
                "kmr_joint_4_pos": 0.015659185126423836,
                "kmr_joint_5_pos": -0.0657869428396225,
                "kmr_joint_6_pos": -0.003343458054587245,
                "kmr_joint_7_pos": -0.0004956498160026968
            }
        },
        {
            "current_time": 0.06666667014360428,
            "current_time_step": 4,
            "data": {
                "base_link_transform_matrix": [
                    [
                        0.9999983764128524,
                        -0.0016706375285263754,
                        0.0006753827859317327,
                        0
                    ],
                    [
                        0.0016705585792969875,
                        0.9999985977196314,
                        0.00011744276915200435,
                        0
                    ],
                    [
                        -0.00067557804315331,
                        -0.00011631431196608602,
                        0.9999997650326166,
                        0
                    ],
                    [
                        0.020522771403193474,
                        -0.0015452292282134295,
                        0.03577353060245514,
                        1
                    ]
                ],
                "wheel_velocity_fl": 183.4501953125,
                "wheel_velocity_fr": 199.92588806152344,
                "wheel_velocity_rl": 205.58831787109375,
                "wheel_velocity_rr": 166.4388427734375,
                "kmr_joint_1_pos": 0.0027374201454222202,
                "kmr_joint_2_pos": -0.058297593146562576,
                "kmr_joint_3_pos": -0.028129801154136658,
                "kmr_joint_4_pos": 0.014705033972859383,
                "kmr_joint_5_pos": -0.04259120300412178,
                "kmr_joint_6_pos": -0.0016587883001193404,
                "kmr_joint_7_pos": -0.00032711229869164526
            }
        },
        {
            "current_time": 0.08333333767950535,
            "current_time_step": 5,
            "data": {
                "base_link_transform_matrix": [
                    [
                        0.9999972620071302,
                        -0.002269204243799829,
                        -0.000571568318580635,
                        0
                    ],
                    [
                        0.0022703983685439023,
                        0.9999952233098892,
                        0.002097295556857024,
                        0
                    ],
                    [
                        0.0005668063963977776,
                        -0.00209858750225476,
                        0.9999976373277111,
                        0
                    ],
                    [
                        0.027524102479219437,
                        -0.0014298208989202976,
                        0.035901740193367004,
                        1
                    ]
                ],
                "wheel_velocity_fl": 194.81884765625,
                "wheel_velocity_fr": 184.70680236816406,
                "wheel_velocity_rl": 199.93231201171875,
                "wheel_velocity_rr": 180.41123962402344,
                "kmr_joint_1_pos": -0.0028525430243462324,
                "kmr_joint_2_pos": -0.09580297768115997,
                "kmr_joint_3_pos": -0.01809684745967388,
                "kmr_joint_4_pos": 0.08148616552352905,
                "kmr_joint_5_pos": -0.017541859298944473,
                "kmr_joint_6_pos": -0.01504748035222292,
                "kmr_joint_7_pos": -0.00017461320385336876
            }
        },
        {
            "current_time": 0.10000000521540642,
            "current_time_step": 6,
            "data": {
                "base_link_transform_matrix": [
                    [
                        0.9999966914248073,
                        -0.0024922961752194147,
                        -0.0006368667158336966,
                        0
                    ],
                    [
                        0.0024931495400845965,
                        0.9999959906993189,
                        0.0013426804007099235,
                        0
                    ],
                    [
                        0.0006335178052163076,
                        -0.001344263762310534,
                        0.9999988958044543,
                        0
                    ],
                    [
                        0.03531603515148163,
                        -0.002020426094532013,
                        0.035932764410972595,
                        1
                    ]
                ],
                "wheel_velocity_fl": 200.10910034179688,
                "wheel_velocity_fr": 209.86766052246094,
                "wheel_velocity_rl": 200.13931274414062,
                "wheel_velocity_rr": 200.07666015625,
                "kmr_joint_1_pos": -0.004565751180052757,
                "kmr_joint_2_pos": -0.0027435296215116978,
                "kmr_joint_3_pos": -0.015350918285548687,
                "kmr_joint_4_pos": 0.05302725359797478,
                "kmr_joint_5_pos": -0.013231486082077026,
                "kmr_joint_6_pos": -0.01202082447707653,
                "kmr_joint_7_pos": -0.00012074904225300997
            }
        },
        {
            "current_time": 0.11666667275130749,
            "current_time_step": 7,
            "data": {
                "base_link_transform_matrix": [
                    [
                        0.9999959122222983,
                        -0.0028563171369311163,
                        0.00013034993939916865,
                        0
                    ],
                    [
                        0.0028563057797452397,
                        0.9999959169456366,
                        0.00008723157721169864,
                        0
                    ],
                    [
                        -0.0001305985682221511,
                        -0.00008685890134310715,
                        0.9999999876997725,
                        0
                    ],
                    [
                        0.04332404211163521,
                        -0.0025022428017109632,
                        0.035657063126564026,
                        1
                    ]
                ],
                "wheel_velocity_fl": 199.86727905273438,
                "wheel_velocity_fr": 199.60678100585938,
                "wheel_velocity_rl": 208.97982788085938,
                "wheel_velocity_rr": 200.11932373046875,
                "kmr_joint_1_pos": 0.0010159488301724195,
                "kmr_joint_2_pos": 0.03581635653972626,
                "kmr_joint_3_pos": -0.007600526325404644,
                "kmr_joint_4_pos": -0.028450386598706245,
                "kmr_joint_5_pos": -0.015333046205341816,
                "kmr_joint_6_pos": 0.004753954242914915,
                "kmr_joint_7_pos": -0.0000971469416981563
            }
        },
        {
            "current_time": 0.13333334028720856,
            "current_time_step": 8,
            "data": {
                "base_link_transform_matrix": [
                    [
                        0.9999952449106994,
                        -0.003065642070666158,
                        0.00033465606965092887,
                        0
                    ],
                    [
                        0.0030657615843476165,
                        0.9999952367467647,
                        -0.0003571969902899547,
                        0
                    ],
                    [
                        -0.0003335594374783742,
                        0.0003582212675086725,
                        0.9999998802078054,
                        0
                    ],
                    [
                        0.051214221864938736,
                        -0.0026361963246017694,
                        0.03564375638961792,
                        1
                    ]
                ],
                "wheel_velocity_fl": 204.65882873535156,
                "wheel_velocity_fr": 213.80877685546875,
                "wheel_velocity_rl": 201.3140106201172,
                "wheel_velocity_rr": 203.0917205810547,
                "kmr_joint_1_pos": 0.00286482204683125,
                "kmr_joint_2_pos": 0.07284288853406906,
                "kmr_joint_3_pos": -0.004194132052361965,
                "kmr_joint_4_pos": -0.030024807900190353,
                "kmr_joint_5_pos": -0.017822707071900368,
                "kmr_joint_6_pos": 0.0039207725785672665,
                "kmr_joint_7_pos": -0.00011163951421622187
            }
        },
        {
            "current_time": 0.15000000782310963,
            "current_time_step": 9,
            "data": {
                "base_link_transform_matrix": [
                    [
                        0.9999945315134701,
                        -0.0032278116073795864,
                        0.0007198439989307497,
                        0
                    ],
                    [
                        0.003227838396650462,
                        0.9999947898660264,
                        -0.00003605671650694377,
                        0
                    ],
                    [
                        -0.00071972386415901,
                        0.00003838005943062233,
                        0.9999997402622315,
                        0
                    ],
                    [
                        0.059022076427936554,
                        -0.002583347260951996,
                        0.03565242886543274,
                        1
                    ]
                ],
                "wheel_velocity_fl": 195.2135467529297,
                "wheel_velocity_fr": 204.720458984375,
                "wheel_velocity_rl": 203.82748413085938,
                "wheel_velocity_rr": 193.78427124023438,
                "kmr_joint_1_pos": -0.0006115457508713007,
                "kmr_joint_2_pos": 0.01703236997127533,
                "kmr_joint_3_pos": -0.007752762641757727,
                "kmr_joint_4_pos": -0.043996673077344894,
                "kmr_joint_5_pos": -0.010892699472606182,
                "kmr_joint_6_pos": 0.009249483235180378,
                "kmr_joint_7_pos": -0.00006072793257771991
            }
        },
        {
            "current_time": 0.1666666753590107,
            "current_time_step": 10,
            "data": {
                "base_link_transform_matrix": [
                    [
                        0.9999947927081438,
                        -0.0032140951835905015,
                        0.0002900840348558593,
                        0
                    ],
                    [
                        0.00321413718564568,
                        0.9999948242158115,
                        -0.00014444286063222965,
                        0
                    ],
                    [
                        -0.0002896182803408363,
                        0.00014537447835949013,
                        0.999999947493755,
                        0
                    ],
                    [
                        0.06660819798707962,
                        -0.002776664448902011,
                        0.03552064299583435,
                        1
                    ]
                ],
                "wheel_velocity_fl": 200.1954345703125,
                "wheel_velocity_fr": 192.69793701171875,
                "wheel_velocity_rl": 193.66709899902344,
                "wheel_velocity_rr": 198.92678833007812,
                "kmr_joint_1_pos": -0.0002354720636503771,
                "kmr_joint_2_pos": 0.042486634105443954,
                "kmr_joint_3_pos": -0.010930770076811314,
                "kmr_joint_4_pos": -0.01992259919643402,
                "kmr_joint_5_pos": -0.017709022387862206,
                "kmr_joint_6_pos": 0.0028815357945859432,
                "kmr_joint_7_pos": -0.00011856645869556814
            }
        },
        {
            "current_time": 0.18333334289491177,
            "current_time_step": 11,
            "data": {
                "base_link_transform_matrix": [
                    [
                        0.9999943479372684,
                        -0.003356419471681584,
                        0.00019632077744060583,
                        0
                    ],
                    [
                        0.0033567216566616704,
                        0.9999931498296665,
                        -0.0015597158273002027,
                        0
                    ],
                    [
                        -0.0001910843720368,
                        0.0015603660058937905,
                        0.9999987643715819,
                        0
                    ],
                    [
                        0.0744762048125267,
                        -0.003101879032328725,
                        0.03539356589317322,
                        1
                    ]
                ],
                "wheel_velocity_fl": 204.06137084960938,
                "wheel_velocity_fr": 205.96617126464844,
                "wheel_velocity_rl": 201.5849151611328,
                "wheel_velocity_rr": 203.909423828125,
                "kmr_joint_1_pos": 0.0055957394652068615,
                "kmr_joint_2_pos": 0.09111723303794861,
                "kmr_joint_3_pos": -0.009422963485121727,
                "kmr_joint_4_pos": -0.05186614766716957,
                "kmr_joint_5_pos": -0.02803032286465168,
                "kmr_joint_6_pos": 0.008067375048995018,
                "kmr_joint_7_pos": -0.0001756855344865471
            }
        },
        {
            "current_time": 0.20000001043081284,
            "current_time_step": 12,
            "data": {
                "base_link_transform_matrix": [
                    [
                        0.9999943839468499,
                        -0.0031910359527274556,
                        0.0010243848439315376,
                        0
                    ],
                    [
                        0.003191659543777464,
                        0.999994721996949,
                        -0.0006076903827264043,
                        0
                    ],
                    [
                        -0.0010224402753657995,
                        0.0006109564575685511,
                        0.9999992906737936,
                        0
                    ],
                    [
                        0.08232496678829193,
                        -0.002806097501888871,
                        0.03547130525112152,
                        1
                    ]
                ],
                "wheel_velocity_fl": 191.5203399658203,
                "wheel_velocity_fr": 202.9236297607422,
                "wheel_velocity_rl": 208.6464080810547,
                "wheel_velocity_rr": 191.58900451660156,
                "kmr_joint_1_pos": -0.0016948772827163339,
                "kmr_joint_2_pos": 0.004630146082490683,
                "kmr_joint_3_pos": -0.02104227803647518,
                "kmr_joint_4_pos": -0.02855761907994747,
                "kmr_joint_5_pos": -0.026753900572657585,
                "kmr_joint_6_pos": 0.006187933962792158,
                "kmr_joint_7_pos": -0.0001860631164163351
            }
        },
        {
            "current_time": 0.2166666779667139,
            "current_time_step": 13,
            "data": {
                "base_link_transform_matrix": [
                    [
                        0.9999955984246146,
                        -0.002947552197467044,
                        0.0003392159197081472,
                        0
                    ],
                    [
                        0.002947580081422306,
                        0.9999956525364326,
                        -0.00008173064266767211,
                        0
                    ],
                    [
                        -0.0003389735396438993,
                        0.00008273014901232019,
                        0.9999999391263291,
                        0
                    ],
                    [
                        0.08973301202058792,
                        -0.002909236354753375,
                        0.03552676737308502,
                        1
                    ]
                ],
                "wheel_velocity_fl": 200.03990173339844,
                "wheel_velocity_fr": 192.56680297851562,
                "wheel_velocity_rl": 195.25599670410156,
                "wheel_velocity_rr": 200.0477294921875,
                "kmr_joint_1_pos": -0.002521026646718383,
                "kmr_joint_2_pos": -0.017954787239432335,
                "kmr_joint_3_pos": -0.029331650584936142,
                "kmr_joint_4_pos": 0.004789572674781084,
                "kmr_joint_5_pos": -0.03890345245599747,
                "kmr_joint_6_pos": -0.0005531864007934928,
                "kmr_joint_7_pos": -0.00029251386877149343
            }
        },
        {
            "current_time": 0.23333334550261497,
            "current_time_step": 14,
            "data": {
                "base_link_transform_matrix": [
                    [
                        0.9999960733447293,
                        -0.002791377636272714,
                        0.00024800406157830037,
                        0
                    ],
                    [
                        0.002791426820555031,
                        0.9999960843196264,
                        -0.00019819616578772137,
                        0
                    ],
                    [
                        -0.00024744985012888906,
                        0.00019888767272879858,
                        0.9999999496061314,
                        0
                    ],
                    [
                        0.09751197695732117,
                        -0.003056746907532215,
                        0.03554461896419525,
                        1
                    ]
                ],
                "wheel_velocity_fl": 198.2552490234375,
                "wheel_velocity_fr": 200.01498413085938,
                "wheel_velocity_rl": 198.15025329589844,
                "wheel_velocity_rr": 201.08694458007812,
                "kmr_joint_1_pos": -0.002290569245815277,
                "kmr_joint_2_pos": 0.0030813724733889103,
                "kmr_joint_3_pos": -0.03385145962238312,
                "kmr_joint_4_pos": 0.01616857759654522,
                "kmr_joint_5_pos": -0.05015862360596657,
                "kmr_joint_6_pos": -0.0038653130177408457,
                "kmr_joint_7_pos": -0.0003787815512623638
            }
        },
        {
            "current_time": 0.25000001303851604,
            "current_time_step": 15,
            "data": {
                "base_link_transform_matrix": [
                    [
                        0.9999964421180831,
                        -0.0026253854790259322,
                        0.00047233702121603997,
                        0
                    ],
                    [
                        0.0026251836109249123,
                        0.9999964628232367,
                        0.0004274950569975854,
                        0
                    ],
                    [
                        -0.000473457689791501,
                        -0.00042625356461372315,
                        0.9999997970728367,
                        0
                    ],
                    [
                        0.10535576194524765,
                        -0.002938790014013648,
                        0.03551904857158661,
                        1
                    ]
                ],
                "wheel_velocity_fl": 194.29318237304688,
                "wheel_velocity_fr": 200.4070587158203,
                "wheel_velocity_rl": 206.5780487060547,
                "wheel_velocity_rr": 197.39305114746094,
                "kmr_joint_1_pos": -0.0029037906788289547,
                "kmr_joint_2_pos": -0.04190485551953316,
                "kmr_joint_3_pos": -0.04056892916560173,
                "kmr_joint_4_pos": 0.01213080994784832,
                "kmr_joint_5_pos": -0.05744156613945961,
                "kmr_joint_6_pos": -0.0013385063502937555,
                "kmr_joint_7_pos": -0.000435786962043494
            }
        },
        {
            "current_time": 0.2666666805744171,
            "current_time_step": 16,
            "data": {
                "base_link_transform_matrix": [
                    [
                        0.9999967422731052,
                        -0.002525102437706476,
                        -0.0003732302988369689,
                        0
                    ],
                    [
                        0.002525551624045962,
                        0.9999960811807074,
                        0.0012079785687016949,
                        0
                    ],
                    [
                        0.0003701785665863474,
                        -0.001208917245824794,
                        0.9999992007431414,
                        0
                    ],
                    [
                        0.11290981620550156,
                        -0.0028546361718326807,
                        0.03580056130886078,
                        1
                    ]
                ],
                "wheel_velocity_fl": 200.44830322265625,
                "wheel_velocity_fr": 199.2926788330078,
                "wheel_velocity_rl": 200.2470703125,
                "wheel_velocity_rr": 198.62051391601562,
                "kmr_joint_1_pos": -0.004617183469235897,
                "kmr_joint_2_pos": -0.04540099576115608,
                "kmr_joint_3_pos": -0.044003915041685104,
                "kmr_joint_4_pos": 0.03974689170718193,
                "kmr_joint_5_pos": -0.061560921370983124,
                "kmr_joint_6_pos": -0.007411356549710035,
                "kmr_joint_7_pos": -0.00047860099584795535
            }
        },
        {
            "current_time": 0.2833333481103182,
            "current_time_step": 17,
            "data": {
                "base_link_transform_matrix": [
                    [
                        0.9999968324490873,
                        -0.002462906478073032,
                        -0.0005188289431190371,
                        0
                    ],
                    [
                        0.0024636508389466595,
                        0.999995929880631,
                        0.0014389741887493156,
                        0
                    ],
                    [
                        0.000515282772572056,
                        -0.0014402478440862956,
                        0.9999988300842216,
                        0
                    ],
                    [
                        0.12075964361429214,
                        -0.002909864531829953,
                        0.035782232880592346,
                        1
                    ]
                ],
                "wheel_velocity_fl": 198.5612030029297,
                "wheel_velocity_fr": 198.6597442626953,
                "wheel_velocity_rl": 199.41119384765625,
                "wheel_velocity_rr": 192.80923461914062,
                "kmr_joint_1_pos": -0.003276274772360921,
                "kmr_joint_2_pos": -0.03114340826869011,
                "kmr_joint_3_pos": -0.04563985392451286,
                "kmr_joint_4_pos": 0.033225707709789276,
                "kmr_joint_5_pos": -0.06756580621004105,
                "kmr_joint_6_pos": -0.006454067304730415,
                "kmr_joint_7_pos": -0.0005189190269447863
            }
        },
        {
            "current_time": 0.30000001564621925,
            "current_time_step": 18,
            "data": {
                "base_link_transform_matrix": [
                    [
                        0.9999950562958937,
                        -0.002792590494276897,
                        -0.00144527578808944,
                        0
                    ],
                    [
                        0.0027939066507867024,
                        0.9999956834885998,
                        0.0009094447727966676,
                        0
                    ],
                    [
                        0.0014427298427124424,
                        -0.0009134782424073739,
                        0.999998542042988,
                        0
                    ],
                    [
                        0.12837785482406616,
                        -0.003018384100869298,
                        0.03569313883781433,
                        1
                    ]
                ],
                "wheel_velocity_fl": 181.74354553222656,
                "wheel_velocity_fr": 199.96347045898438,
                "wheel_velocity_rl": 199.73104858398438,
                "wheel_velocity_rr": 192.47076416015625,
                "kmr_joint_1_pos": -0.0006499529117718339,
                "kmr_joint_2_pos": 0.007104555610567331,
                "kmr_joint_3_pos": -0.03844271972775459,
                "kmr_joint_4_pos": 0.0021084416657686234,
                "kmr_joint_5_pos": -0.06231459230184555,
                "kmr_joint_6_pos": -0.0008722207276150584,
                "kmr_joint_7_pos": -0.00046260759700089693
            }
        },
        {
            "current_time": 0.3166666831821203,
            "current_time_step": 19,
            "data": {
                "base_link_transform_matrix": [
                    [
                        0.9999957170759035,
                        -0.0026726913079444794,
                        -0.0011927074334941135,
                        0
                    ],
                    [
                        0.0026749097777704284,
                        0.9999946882858259,
                        0.001862325915251898,
                        0
                    ],
                    [
                        0.00118772367588688,
                        -0.0018655083238272331,
                        0.9999975545925918,
                        0
                    ],
                    [
                        0.13640716671943665,
                        -0.00281075993552804,
                        0.03587593138217926,
                        1
                    ]
                ],
                "wheel_velocity_fl": 208.7593536376953,
                "wheel_velocity_fr": 213.20130920410156,
                "wheel_velocity_rl": 200.91197204589844,
                "wheel_velocity_rr": 204.5353240966797,
                "kmr_joint_1_pos": -0.002872638637199998,
                "kmr_joint_2_pos": -0.01167734432965517,
                "kmr_joint_3_pos": -0.04255300760269165,
                "kmr_joint_4_pos": 0.024148525670170784,
                "kmr_joint_5_pos": -0.06351839005947113,
                "kmr_joint_6_pos": -0.004937271121889353,
                "kmr_joint_7_pos": -0.0004837506858166307
            }
        },
        {
            "current_time": 0.3333333507180214,
            "current_time_step": 20,
            "data": {
                "base_link_transform_matrix": [
                    [
                        0.9999957071421544,
                        -0.0029297861735738413,
                        -0.000045279574689298284,
                        0
                    ],
                    [
                        0.0029298195610523775,
                        0.999995422466891,
                        0.0007557794677618726,
                        0
                    ],
                    [
                        0.000043065095185626256,
                        -0.0007559088842916955,
                        0.999999713373537,
                        0
                    ],
                    [
                        0.14444978535175323,
                        -0.003150991629809141,
                        0.0356859415769577,
                        1
                    ]
                ],
                "wheel_velocity_fl": 161.87020874023438,
                "wheel_velocity_fr": 188.1777801513672,
                "wheel_velocity_rl": 195.43995666503906,
                "wheel_velocity_rr": 227.03240966796875,
                "kmr_joint_1_pos": 0.0004448050749488175,
                "kmr_joint_2_pos": 0.04721309617161751,
                "kmr_joint_3_pos": -0.03406907245516777,
                "kmr_joint_4_pos": -0.015494714491069317,
                "kmr_joint_5_pos": -0.06292089819908142,
                "kmr_joint_6_pos": 0.001841995632275939,
                "kmr_joint_7_pos": -0.00045613659312948585
            }
        },
        {
            "current_time": 0.35000001825392246,
            "current_time_step": 21,
            "data": {
                "base_link_transform_matrix": [
                    [
                        0.999994493503481,
                        -0.0032424870514156036,
                        -0.000706569485458011,
                        0
                    ],
                    [
                        0.0032428470373176113,
                        0.9999946124494016,
                        0.0005089354218377609,
                        0
                    ],
                    [
                        0.0007049154622638411,
                        -0.0005112239161492088,
                        0.9999996208720774,
                        0
                    ],
                    [
                        0.151949942111969,
                        -0.0030466069001704454,
                        0.03575162589550018,
                        1
                    ]
                ],
                "wheel_velocity_fl": 207.0688018798828,
                "wheel_velocity_fr": 199.8770294189453,
                "wheel_velocity_rl": 200.36355590820312,
                "wheel_velocity_rr": 192.96778869628906,
                "kmr_joint_1_pos": 0.0038251637015491724,
                "kmr_joint_2_pos": 0.01601737178862095,
                "kmr_joint_3_pos": -0.030727306380867958,
                "kmr_joint_4_pos": -0.053623951971530914,
                "kmr_joint_5_pos": -0.0550672709941864,
                "kmr_joint_6_pos": 0.011270029470324516,
                "kmr_joint_7_pos": -0.00038397309253923595
            }
        },
        {
            "current_time": 0.36666668578982353,
            "current_time_step": 22,
            "data": {
                "base_link_transform_matrix": [
                    [
                        0.9999945663475658,
                        -0.0032805500755136528,
                        -0.00032444806357203573,
                        0
                    ],
                    [
                        0.0032806014084401864,
                        0.9999946063605418,
                        0.00015781072160740725,
                        0
                    ],
                    [
                        0.0003239286076414719,
                        -0.00015887424889311576,
                        0.999999934914613,
                        0
                    ],
                    [
                        0.1598948836326599,
                        -0.003123655915260315,
                        0.035730600357055664,
                        1
                    ]
                ],
                "wheel_velocity_fl": 206.30166625976562,
                "wheel_velocity_fr": 206.26144409179688,
                "wheel_velocity_rl": 197.86399841308594,
                "wheel_velocity_rr": 206.25735473632812,
                "kmr_joint_1_pos": 0.0032470962032675743,
                "kmr_joint_2_pos": 0.052308522164821625,
                "kmr_joint_3_pos": -0.02843029983341694,
                "kmr_joint_4_pos": -0.03017154335975647,
                "kmr_joint_5_pos": -0.056116074323654175,
                "kmr_joint_6_pos": 0.00477069104090333,
                "kmr_joint_7_pos": -0.00039811962051317096
            }
        },
        {
            "current_time": 0.3833333533257246,
            "current_time_step": 23,
            "data": {
                "base_link_transform_matrix": [
                    [
                        0.9999941770347741,
                        -0.0034052614814998887,
                        -0.00022380971263740818,
                        0
                    ],
                    [
                        0.003405154091019226,
                        0.9999940879777925,
                        -0.00047847160769175933,
                        0
                    ],
                    [
                        0.0002254377104050809,
                        0.0004777067150096291,
                        0.9999998604870568,
                        0
                    ],
                    [
                        0.16764648258686066,
                        -0.003179921070113778,
                        0.035640448331832886,
                        1
                    ]
                ],
                "wheel_velocity_fl": 195.2687530517578,
                "wheel_velocity_fr": 201.62705993652344,
                "wheel_velocity_rl": 198.865234375,
                "wheel_velocity_rr": 196.8766326904297,
                "kmr_joint_1_pos": 0.0026867911219596863,
                "kmr_joint_2_pos": 0.04095875099301338,
                "kmr_joint_3_pos": -0.028168771415948868,
                "kmr_joint_4_pos": -0.05156441405415535,
                "kmr_joint_5_pos": -0.05167367309331894,
                "kmr_joint_6_pos": 0.009921382181346416,
                "kmr_joint_7_pos": -0.00035694005782715976
